224 224 3 32 3 1 2 1
-0.0017736125 -0.0042337636 0.00080986967 0.0014234489 -0.00021170342 0.0027429415 0.0011631948 0.014240048 0.018979961 -0.004779414 -0.008575606 -0.005330438 0.00083819707 0.0007037508 0.0029975465 -0.0035978819 0.023093833 0.03576664 -0.002849062 -0.005552136 -0.00054033345 0.0020071834 0.002016351 0.0028967967 -0.010234206 0.008455179 0.013568182
1.6428691e-24 -8.1137894e-24 -4.2338453e-24 3.6643733e-24 -2.8805505e-25 -9.367664e-24 8.7495285e-24 4.6978974e-24 -1.9122347e-24 -9.8405294e-24 -2.6792548e-24 -3.4252865e-24 6.202816e-24 -1.1764043e-23 2.5539711e-24 -3.684972e-25 -1.3169955e-24 -9.471886e-24 -1.6907435e-24 -1.7390515e-25 -9.535665e-24 -4.951479e-24 -7.172628e-24 2.9052556e-24 4.2118376e-24 7.109389e-24 -1.3336548e-24
0.022441974 -0.009391309 -0.0134512205 -0.03984933 -0.0987414 -0.08227353 -0.02260172 -0.08981385 -0.0812984 0.011881399 0.023591848 0.03550184 0.012353491 0.017884841 0.032213975 0.009059598 0.01725743 0.03154544 -0.036616888 -0.011275182 -0.01155602 0.030648082 0.079642445 0.050621748 0.0120863 0.07191508 0.050498236
-7.581995e-25 9.318866e-26 -5.7686553e-25 -8.744791e-25 -5.94806e-26 -1.5777921e-24 -2.6905935e-25 4.700472e-25 4.973822e-28 -7.869649e-25 -1.1754685e-24 -2.735972e-25 -1.2893723e-24 -4.0923607e-25 -9.207053e-25 3.0844747e-25 7.598794e-25 -2.7091273e-25 -3.0330154e-25 1.1118078e-24 -1.0237168e-24 1.6533907e-25 1.1462347e-24 1.1207699e-24 -7.938107e-26 5.4284157e-25 1.9537351e-25
2.547613e-24 2.633104e-24 1.2815115e-24 2.9708727e-24 4.605367e-24 3.4287465e-24 3.954715e-24 4.1921603e-24 3.445981e-24 9.037524e-25 6.31101e-25 4.591433e-26 2.6898755e-24 3.2183462e-24 1.1086155e-24 2.8118568e-24 2.3606335e-24 1.9529938e-24 6.948542e-25 -6.949454e-25 -1.9209497e-24 4.5324294e-25 3.6119034e-25 3.4045363e-25 -4.741128e-25 6.046603e-25 -8.290789e-25
4.8155684e-26 -1.1698111e-26 -4.6195497e-26 7.987937e-25 9.237164e-25 3.4039885e-25 -5.870996e-26 1.0858145e-24 4.56083e-25 9.510061e-25 6.6011836e-25 -3.043814e-26 6.207349e-25 7.9136396e-25 7.1025757e-25 -4.5981984e-26 8.777972e-25 9.493062e-25 -8.641072e-25 -7.351079e-25 -1.0144471e-24 -8.1600546e-25 4.4235267e-26 1.2854451e-25 -5.174285e-26 -4.432489e-25 -3.8723976e-25
-1.8982384e-24 -5.3218982e-24 -6.5788187e-24 -5.910343e-24 -2.2547486e-25 1.2172898e-24 4.440196e-25 1.9117003e-24 -5.8072642e-24 -5.7574737e-25 -1.9142335e-24 -3.4685453e-24 -4.3070113e-24 -8.057594e-25 1.097333e-24 -5.083044e-24 -5.2784967e-24 -3.5334247e-24 2.4143595e-24 -2.266604e-24 4.3248427e-24 2.0212855e-24 -3.5127467e-24 -4.5015436e-24 -2.0909738e-24 9.068752e-25 -3.203309e-24
0.08598205 0.062410086 -0.0038292245 -0.09950043 -0.07038468 0.0007924227 0.010142147 0.0087965075 0.0029824714 0.1415471 0.10861237 -0.020579947 -0.17610909 -0.13678984 0.014544996 0.027068911 0.014424422 0.009116415 0.038552143 0.0306213 0.00023505473 -0.042304795 -0.030787446 -0.0025952826 0.006364592 0.0037025418 -0.0064881765
-2.0835746e-20 -1.6295965e-20 7.003643e-21 -1.6278826e-20 -1.3588462e-19 -1.1971974e-19 3.564453e-20 -6.3427415e-20 -2.6707567e-20 -3.005284e-20 -1.5371394e-20 1.4217972e-22 -2.6259157e-20 -1.3967783e-19 -1.2873589e-19 8.847231e-21 -6.760233e-20 -3.546172e-20 -1.4780923e-20 9.97576e-21 1.7688422e-20 1.4471557e-20 -7.898356e-20 -8.1360425e-20 4.6534903e-20 -7.928102e-21 8.9162146e-21
-0.0028259624 0.0035888616 0.003990059 0.0017426168 -0.0061871363 -0.008843074 0.000902495 -0.013485685 -0.015412016 -0.0006682111 0.008208417 0.008372364 0.0024586378 -0.013216924 -0.016656483 -8.057649e-05 -0.02260499 -0.026542403 -0.00078954693 0.0022578046 0.001501247 -0.00014353372 -0.0039625415 -0.0049552396 0.0011177105 -0.0054197656 -0.006092182
-0.024995776 0.0053742486 0.010795426 0.04216622 0.108952306 0.08152225 0.030003047 0.10548808 0.08281405 0.00575235 -0.013544324 -0.015007495 -0.026347665 -0.051110927 -0.05095852 -0.023454718 -0.05119031 -0.050702017 0.020988926 0.01010555 0.0077662547 -0.018084582 -0.055070803 -0.028523207 -0.004986632 -0.049617108 -0.032094304
-3.8718192e-22 -4.7795747e-23 6.1878744e-22 1.4120045e-22 7.3624007e-22 1.5973619e-21 -1.3477859e-23 -2.8454387e-22 1.7418915e-22 -5.5597695e-22 -2.9355622e-23 7.143016e-22 3.9341894e-22 1.1830816e-21 2.091885e-21 7.151541e-23 -2.0057389e-22 1.8102102e-22 -4.8471835e-22 -2.0003339e-22 5.09976e-22 2.8602438e-22 6.8424487e-22 1.5192125e-21 -1.1813192e-22 -8.483141e-22 -5.7255716e-22
-0.0006478453 0.0068478463 0.0059442427 -0.00017457202 0.01056801 0.01274028 -0.00042782107 -0.0005962245 0.0027546643 0.004229657 0.019607347 0.012182453 0.0011435465 0.018743249 0.018351087 -0.004197336 -0.00392631 0.0005036215 0.00051093457 0.007467056 0.0035628884 -0.00018658437 0.00490511 0.004851619 -0.0007075324 -0.0005630205 0.00062471355
5.1145793e-24 -3.8856886e-24 -3.197931e-24 -1.4677266e-24 -8.2630724e-25 -2.5064665e-24 -1.1950216e-24 -5.5188074e-26 5.9004244e-24 1.5544866e-24 -2.5044003e-24 -1.4523389e-24 -4.0947648e-24 -4.6924507e-24 -1.9403495e-24 -1.451515e-24 -4.971027e-24 9.586358e-25 1.7613649e-24 -8.967158e-27 -3.259071e-24 -1.6419958e-24 -5.2443734e-25 3.1108773e-24 -4.103185e-24 5.64987e-25 -1.0741634e-24
0.0019061443 0.012572486 -0.014421302 -0.0039540427 0.035655435 -0.037969146 0.0021119395 0.0246175 -0.026772447 -0.0013311038 0.02037094 -0.022307808 -0.0010127549 0.07019249 -0.07396598 0.0020887533 0.042854566 -0.047385514 0.0012403636 0.003604564 -0.003620348 -0.0029374214 0.018092403 -0.018879153 0.0012746751 0.008935952 -0.009418755
0.008887376 0.01037055 0.002660465 0.027700068 0.026530804 0.018622544 0.018742649 0.013362064 0.011496637 -0.020248394 -0.03573196 -0.023650104 -0.07329565 -0.09758181 -0.07461278 -0.061686244 -0.088994555 -0.064658806 0.019310907 0.042163752 0.028807541 0.03668148 0.06506434 0.050790574 0.043177247 0.06643022 0.058672536
5.2461747e-24 5.23924e-24 4.0188262e-24 -4.853462e-25 5.2937935e-24 -6.883361e-24 -3.739372e-24 -3.577932e-24 1.0014944e-24 -9.725122e-24 -1.4836587e-24 -8.0489115e-25 -1.6893278e-25 -1.0370769e-23 -3.4875726e-24 1.7716193e-25 -7.8359516e-25 -1.0011964e-23 -6.223068e-25 -5.1194738e-24 -1.9950067e-24 -8.021115e-24 -3.5025866e-24 3.9006012e-24 -7.34345e-24 -5.6071125e-24 -5.6107685e-24
1.0312966e-24 9.259288e-25 1.8205465e-25 2.1834728e-25 2.558013e-25 5.3595175e-25 7.137957e-25 1.6009312e-25 4.3804435e-25 7.738014e-25 9.045718e-25 9.844861e-25 9.236466e-25 4.8208577e-25 3.9628203e-25 9.979611e-25 3.922655e-25 9.985869e-25 9.412731e-25 1.1417922e-24 4.638341e-25 4.004433e-25 4.4854335e-25 6.3249314e-25 7.09466e-25 9.92832e-25 1.4851377e-24
-1.3450042e-17 -3.098405e-18 -3.7935194e-18 -1.6928102e-17 3.5536023e-17 4.8603416e-17 -3.337602e-17 -2.8708103e-18 4.7482798e-18 9.2551154e-18 1.1545661e-17 2.4282633e-18 7.9304775e-18 5.680166e-17 5.8504433e-17 -5.0337257e-18 2.1963784e-17 1.919729e-17 -4.6163577e-18 -4.264271e-18 -1.2075784e-17 -1.4249318e-17 2.49892e-17 2.6595518e-17 -2.0280043e-17 -2.8696705e-19 -3.2087314e-18
-0.005988029 0.0015287978 -0.01243297 0.007437358 0.0031269463 0.011046082 0.0067640156 -0.00048188766 0.017891273 0.025421964 0.013482262 0.025531145 -0.0048750327 -0.0380376 0.0011220633 -0.018736795 -0.052973557 0.0008768056 0.011558694 -0.00016132882 0.006214459 -0.022640437 -0.05747495 -0.02808541 -0.024991058 -0.05832502 -0.014149662
0.010207285 -0.13776566 -0.0883861 -0.007324476 0.10653085 0.1333934 0.0020770698 -0.0010781643 -0.01688232 0.013171022 -0.26832283 -0.16606764 -0.0013605431 0.21596666 0.25729457 -0.0103566805 0.0050865947 -0.05092101 0.0071157636 -0.06128457 -0.031303834 -0.007297375 0.056109607 0.05012439 0.007233214 0.0034272328 -0.016400347
-0.00019918142 -0.0033039905 -0.0014037336 -0.00096534856 -0.0036161263 0.000667504 0.00079052127 -0.0020667952 0.0014517753 -0.00036404683 -0.003670216 -0.0013485507 -0.0018911072 -0.0042369026 0.00034372663 -0.00011420596 -0.0017022202 0.0020286057 0.00037455503 2.243401e-05 0.0018873074 -0.0024984535 -0.0020567987 0.0018153968 -0.0009896276 -0.00064775726 0.002569863
4.3518156e-20 7.3852995e-21 -5.2151864e-20 -4.0695667e-21 -5.6044595e-20 -1.2471932e-19 3.805326e-20 2.620863e-20 -1.0740108e-20 4.6385814e-20 7.8854716e-21 -4.3955467e-20 1.2471541e-20 -4.3703325e-20 -1.0076777e-19 3.1021018e-20 2.0239759e-20 -9.078774e-21 -3.2385562e-20 -5.662037e-20 -8.717007e-20 -4.427e-20 -7.829624e-20 -1.1223722e-19 -3.3841096e-20 -3.1577497e-20 -4.6237154e-20
4.9675196e-23 1.9007641e-23 -4.0812918e-24 3.4590102e-23 -2.1016253e-23 -4.303312e-23 3.0911294e-23 -2.7821597e-23 -5.328832e-23 3.518233e-23 1.14235105e-23 -3.7888796e-24 1.7007016e-23 -2.2050223e-23 -4.8054387e-23 7.7597044e-24 -3.7759502e-23 -4.5693588e-23 -2.525961e-23 -3.273071e-23 -3.7694125e-23 -2.8983996e-23 -5.847596e-23 -6.079561e-23 -3.4950482e-23 -5.2995423e-23 -5.9084874e-23
-2.3144674e-25 1.4125491e-26 -6.288059e-25 -1.0304154e-24 -5.0160465e-25 -9.669828e-25 -7.731713e-25 -3.8135955e-25 -7.1990317e-25 -2.7511682e-25 6.5688536e-25 7.477701e-25 -3.9643633e-25 1.8286914e-25 6.454603e-26 2.514697e-25 2.6426752e-25 -1.2433023e-25 3.9534745e-25 2.4790745e-25 3.3268986e-25 3.574671e-25 -1.1844118e-26 -2.470889e-25 -4.1742713e-25 1.0957237e-25 -5.616896e-25
-0.02317344 -0.039320122 0.0693542 -0.018305462 -0.03599962 0.04981516 0.004338145 0.006312959 -0.0100192055 -0.03852183 -0.08363374 0.12811446 -0.02991159 -0.07004713 0.092888154 0.015842553 0.022313941 -0.038807124 -0.011513268 -0.023222845 0.035968382 -0.008692817 -0.015031225 0.025605345 0.00058207294 0.0051359055 -0.007972647
-3.6357305e-24 -4.2722817e-24 -1.5051544e-24 -7.319021e-25 -4.0848933e-24 -2.4636424e-25 -4.1180006e-25 -1.961821e-24 9.143991e-25 -3.0092022e-24 -3.002885e-24 -3.527872e-24 6.410537e-25 -2.8009662e-24 7.9715263e-26 -8.711777e-25 -1.7889385e-24 1.8031215e-24 1.8930305e-24 9.172288e-25 1.8315258e-24 -1.3643365e-24 1.0408569e-24 9.226634e-27 -1.5109035e-24 1.01015975e-25 5.5024453e-25
3.8186717e-24 -1.3458434e-23 -3.523247e-23 7.199104e-24 -4.456198e-24 -2.9826985e-23 1.06596195e-23 1.7294691e-23 1.5774792e-23 -7.825882e-24 -2.2723235e-23 -3.7336695e-23 8.533756e-25 -1.526539e-23 -3.196967e-23 -1.03732645e-23 6.698566e-24 3.5617224e-24 8.050798e-24 -4.516411e-24 -2.6431018e-23 5.2599014e-26 -5.153855e-24 -1.8188412e-23 -4.915185e-24 6.0792402e-24 8.4495586e-24
0.002441972 -0.0036820075 -0.006038684 0.0009982061 0.102768995 0.089144394 0.001396674 -0.1047276 -0.081038095 -0.011872939 0.0021136042 -0.007671975 0.014336554 0.18262728 0.16414545 -0.0073880046 -0.17674057 -0.14915541 0.0046822987 -0.0077918917 -0.0031019137 -0.004623219 0.050465517 0.04322546 0.002941418 -0.046084825 -0.03651357
0.022019356 -0.03396792 0.0072172973 0.05392062 -0.081705466 0.030921863 0.0469965 -0.06762212 0.019432673 0.0438251 -0.061718583 0.015907304 0.11778424 -0.17237265 0.054161165 0.08479333 -0.118137226 0.037631176 0.010474535 -0.013537585 0.0023615255 0.025448995 -0.03978198 0.012051771 0.018873097 -0.027237354 0.00997321
-0.03373427 -0.036783997 -0.03494752 -0.021286579 0.009311438 -0.021513257 -0.046067946 -0.014424796 -0.039703 0.016845658 0.029116644 0.012418272 0.0646053 0.093871534 0.066478975 0.082901046 0.116677426 0.09314452 0.024678297 0.013360986 0.026926132 -0.05148316 -0.10128849 -0.048565008 -0.04546659 -0.102397375 -0.053914897
6.0558355e-05 1.9274486e-05 0.0006179072 0.003456659 -0.009562327 -0.010382998 0.00069313723 -0.007582549 -0.0077026146 0.0009358804 -0.00119485 0.0006373303 0.0027432637 -0.016905269 -0.016735606 0.0016485606 -0.011065655 -0.010840476 -0.0014036836 5.2018266e-05 0.0015234015 0.00056950795 -0.004691156 -0.0048256842 -0.0015251619 -0.0021729684 -0.0019884338
