112 112 32 64 1 0 1 1
-1.4909874e-25 -2.3304295e-25 -5.5501e-26 2.778735e-25 -1.0905498e-25 4.777072e-25 -9.316442e-26 3.5892565e-25 2.0292061e-25 2.722582e-25 -9.458187e-26 -1.0694185e-25 -7.042805e-26 3.7913158e-25 4.645876e-25 -3.9255227e-25 -1.2006194e-25 -4.7127694e-25 -2.9219696e-25 6.1223353e-26 1.5235386e-26 3.3426324e-25 7.341627e-27 -8.552894e-26 7.932739e-26 -8.2281755e-26 -1.1467174e-25 2.0806756e-25 -5.5341763e-25 -6.5145795e-25 4.9539144e-25 1.02964584e-25
-0.032578804 -6.351247e-14 -0.011114269 -4.732083e-15 1.962512e-13 -1.462311e-13 3.2413843e-14 -0.0074128946 7.395708e-12 -0.73142666 -0.0026152113 7.5947446e-13 0.29582125 2.1373647e-14 0.095719784 0.031559575 7.493147e-14 3.2738633e-14 -1.2796465e-10 0.005164821 -0.031504888 0.03188827 -1.0049884e-12 5.832246e-14 1.108048e-13 -0.011287371 -1.4485165e-13 3.0319142e-13 -0.013772569 0.021848956 -0.03625521 0.03748726
-0.107074656 2.7471488e-14 -0.021492088 8.7278885e-14 9.842723e-14 1.5424062e-13 -2.3873292e-14 0.64352524 -1.6749575e-12 -0.054500025 0.020162541 -9.902232e-13 -0.0258926 7.654957e-14 -0.16186512 -0.015922597 -7.9975604e-14 -1.020713e-13 -4.237991e-11 0.015530671 -1.2766776 -0.18235648 5.1063476e-12 8.318196e-14 1.2513189e-13 0.72098035 1.5373717e-13 -1.328506e-13 -0.75813794 0.20511597 -0.0036938915 -0.2045929
0.07869342 7.733005e-14 0.0038545036 -2.8970007e-14 -7.194055e-14 1.0799876e-13 2.788942e-15 -0.005627756 3.0252714e-12 -0.030445699 -0.043543126 -3.8734356e-13 0.004619754 -3.535366e-14 0.012247598 0.091180585 -4.2873735e-14 9.869876e-15 -7.4569705e-11 0.03544182 0.32773417 -0.025695378 -2.5223285e-12 8.6701784e-14 1.1129141e-14 0.09451818 1.1213905e-13 -5.170542e-15 -0.3180299 0.06121485 -0.08336275 0.056183465
-0.054199584 8.639606e-14 -0.031344276 4.0216653e-14 1.3667276e-14 -7.039528e-15 -7.448962e-14 -0.15260457 -1.1949781e-11 -0.28718206 0.022899846 -1.2586472e-13 0.12880914 1.0164759e-13 0.20472087 -0.0018717163 -6.456639e-14 2.8157003e-14 4.9273624e-10 0.021744417 -0.11672444 0.11831674 -1.1579904e-11 4.8724506e-14 3.815034e-14 -0.5533705 -1.368062e-13 4.3797024e-13 -0.20369652 0.5607461 -0.0037972191 0.031028677
0.24265906 8.607053e-14 -0.03061636 2.5938632e-14 9.435757e-14 7.762001e-14 7.556013e-14 0.015664414 1.1228702e-11 -0.06095839 -0.052545868 1.2915943e-12 -0.030119298 7.3585405e-14 -0.006364176 0.06727769 -9.649806e-17 5.739631e-14 4.6104073e-10 -0.040132195 0.06164538 0.15048386 3.9876743e-12 2.8223618e-13 3.363084e-14 0.048571154 -2.2058883e-13 -7.256056e-13 0.10696229 -0.016158948 -0.06754208 -0.907586
0.0720671 -9.1971136e-14 -0.060914367 6.940564e-14 1.6301559e-14 -1.8846715e-14 -1.0565569e-13 -0.011991179 -9.515688e-12 -0.38012177 -0.043663625 9.31982e-13 0.32102704 -2.6585328e-14 0.12300673 -0.012024592 -1.1562367e-14 7.84963e-14 1.5276176e-10 0.02272778 -0.017035313 0.12801057 -1.000595e-12 -1.7864167e-13 -4.3304658e-14 0.103139065 3.1058714e-15 3.3578368e-14 0.039493065 0.057818107 -0.0058439258 -0.06161698
0.0037095812 -1.3521803e-14 -0.14313807 -6.4912175e-15 -1.6573667e-14 -1.7237934e-14 -9.883833e-15 -0.0003792255 -1.1932875e-12 -0.0009447576 0.267055 1.1749388e-13 0.0002580784 -9.95795e-15 -0.0006461842 0.021020755 -3.4558358e-15 2.8965382e-15 -1.4096594e-11 -0.0068932828 0.0008717676 0.018311564 1.8019167e-12 2.6079868e-14 -8.940847e-16 0.0007613493 1.5293182e-14 1.3683741e-14 -0.00065574027 0.001537289 0.08190195 -0.0016566681
-0.012235351 7.897845e-14 -0.017518712 1.01033284e-13 4.9313655e-14 -6.7550234e-14 -5.5072588e-14 -0.0003683917 1.6908355e-11 0.31451827 0.008702414 9.7806996e-14 -0.3160841 7.933792e-14 -0.08111708 0.012871916 5.6939486e-14 -9.660044e-14 -4.7774035e-11 -0.0022928405 0.028331079 0.076101616 3.887435e-12 2.4840915e-13 3.5389877e-14 -0.062731534 8.270671e-15 -8.3059414e-14 -0.029407568 -0.06530766 -0.023833435 0.04671346
0.01155942 -7.069922e-14 0.009090821 -4.4730766e-14 -2.6174795e-14 9.5847626e-14 -4.1707855e-14 0.039239183 -4.1895484e-12 -0.13002217 0.0030415712 3.957747e-13 -0.14252019 -6.963697e-14 0.8256315 0.016451286 -8.103102e-14 4.5045412e-14 4.930808e-11 0.010728165 -0.04523829 -0.010689265 -6.4408457e-12 -8.5297295e-14 6.854715e-15 -0.06679364 -8.114976e-15 1.2413901e-13 0.056718994 -1.3762753 0.0031220654 0.043963987
0.0044896137 9.148221e-15 0.015037377 -2.162272e-14 1.4241748e-14 -1.393354e-13 -6.8474584e-14 0.3552228 2.8008537e-12 -0.03887296 -0.0016660447 7.7625477e-13 -0.06331606 8.7585016e-14 -0.07208657 0.008930515 -4.8298283e-14 3.3647798e-14 -7.059949e-11 -0.005080971 0.6065944 -0.07859379 3.1767822e-12 -7.684909e-14 8.4948846e-14 1.1922957 -2.2428343e-13 -1.1467711e-13 0.05609872 -0.4132226 -0.010811289 -0.10645526
0.0110872965 -9.6853996e-14 0.0021852877 -1.2887295e-13 4.968196e-14 -2.2670479e-13 1.8080685e-13 -0.007785912 -4.491197e-12 -0.4011689 -0.0068663494 -1.0964929e-13 0.1720954 6.0463855e-14 0.16750827 0.011774645 9.7814206e-14 2.4339022e-14 1.8425621e-10 -0.020719184 0.014577168 -0.33646253 -4.368895e-12 -4.7093763e-13 3.1358112e-14 0.15294527 -3.9843366e-14 -3.0654133e-14 0.006750091 0.99191314 -0.013687776 0.004231847
0.20624235 1.531202e-14 0.025114028 7.2069534e-14 6.3189883e-13 -8.41631e-14 -2.9450774e-16 -1.1978269 -8.316281e-12 -0.115896 -0.024099676 9.6837755e-12 0.03704558 -1.7210563e-14 0.17445986 0.023978107 -5.945604e-14 4.1312632e-13 8.119375e-11 0.008941837 0.080212034 0.16181466 -3.237928e-12 3.49196e-14 7.080154e-14 0.010964631 -9.24342e-15 2.0673606e-13 1.3724172 -0.051104996 0.0016719654 0.10787332
-0.02950506 1.5576354e-13 -0.01972098 -7.288359e-14 1.518403e-13 1.1139618e-13 1.3506806e-13 -0.057164345 -2.06141e-11 -1.2349912 0.00013431415 3.5907629e-12 0.46079627 -3.652863e-14 0.006618305 -0.003621118 -8.564153e-14 -2.908635e-15 3.579421e-10 0.02134875 -0.0056792116 -0.48849058 -1.1539341e-11 -5.6944467e-13 -1.1213849e-13 -0.0524306 7.100962e-14 1.830883e-13 0.018978648 -0.066219375 -0.0071994388 -0.41773504
3.1736338e-24 -7.017152e-25 -3.784613e-24 3.481438e-24 1.4976611e-24 -2.3697853e-24 3.0525949e-24 -1.279325e-24 -1.396185e-24 1.918047e-24 3.051086e-24 -2.65937e-24 -1.9508075e-24 -2.5804796e-24 -1.003106e-25 -2.9898704e-24 1.657021e-24 1.932564e-24 3.5777887e-24 -3.8551187e-24 -2.7885848e-24 -3.6641e-24 2.1918167e-24 -5.945949e-25 3.1756087e-24 1.1158719e-25 4.7546067e-24 -2.9463324e-24 -2.0233625e-24 8.0996293e-25 -2.4104574e-24 -3.0155267e-24
2.4780147e-25 9.81049e-25 -8.192532e-26 -8.1931094e-25 -6.081429e-25 -8.1954616e-25 -7.156891e-25 -3.7661455e-25 -2.7460035e-24 2.5158599e-24 -9.48561e-25 4.4049574e-25 -1.998874e-24 1.0460065e-25 2.4983676e-26 8.283877e-25 3.592431e-25 -6.4059967e-25 -9.83187e-25 -2.1747313e-24 7.5811407e-25 -9.246224e-25 -2.8123842e-24 -3.958883e-24 2.7322927e-25 6.712528e-25 1.287375e-24 -4.369889e-24 -2.4160625e-25 -8.285817e-25 2.0676642e-24 1.1059172e-25
-4.5675465e-25 -1.3022654e-25 4.4285493e-25 3.0503282e-26 2.3440898e-25 -1.7037777e-25 -3.1748476e-25 5.6537434e-25 1.8604106e-25 4.9129e-25 4.695984e-25 -8.43467e-26 -2.4095769e-25 4.645768e-26 -1.4733964e-25 2.527396e-25 -3.6988295e-25 4.250584e-25 -5.698814e-25 -3.163873e-26 -1.7063938e-25 1.7029383e-25 5.4115863e-25 3.3298546e-25 5.5045506e-26 -4.3873584e-26 -1.3208678e-25 1.7904564e-25 -1.4863241e-25 3.561932e-26 5.1739947e-25 1.9792107e-25
-0.10089294 1.9870258e-14 0.0028627482 -1.31878464e-14 3.975365e-15 -1.0429168e-13 9.6387796e-14 -0.48346892 -7.715834e-12 -0.09022007 0.014607551 1.949545e-12 -0.05846407 9.3956384e-14 0.17301184 -0.006886211 -9.750505e-14 -6.023054e-14 -6.062943e-11 -0.009748346 0.31354606 -0.18932354 -3.2045855e-12 -3.4640671e-13 -7.298804e-14 0.93030614 2.104215e-14 7.25997e-14 -0.59489167 -0.71400404 0.011337069 -0.21023066
-0.08545941 -1.9965202e-14 0.16404237 4.901487e-14 8.182709e-15 5.406476e-14 8.2649044e-16 0.0063057886 -1.7490236e-12 0.06564728 -0.22786611 -2.1847517e-13 0.04531031 5.512183e-14 0.010014505 -0.041019827 3.660918e-14 4.382017e-14 -3.740195e-12 0.0369045 0.01342613 0.08772812 -1.0650916e-11 -4.332009e-13 -3.1212431e-15 0.0014532044 3.9754034e-14 -1.4196061e-14 0.0010794542 -0.004804609 0.009527476 -0.0020231542
-0.028838636 -6.160105e-14 -0.0010916566 -5.491624e-14 -3.5523505e-14 -2.6109604e-14 -2.7434682e-14 -0.015508246 -1.8668944e-12 -0.45298716 0.11336009 1.0593608e-13 0.32806104 6.370287e-15 0.053264126 0.007904017 -4.7899273e-15 5.0458088e-14 2.3288071e-10 -0.046492014 0.00089518167 -0.0187422 6.6635963e-12 -7.272664e-14 1.0011788e-13 -0.027845632 1.5182677e-13 -2.0817275e-13 -0.0130391745 0.037627652 0.008259589 0.10508312
-7.105225e-14 1.24485375e-20 1.8623325e-14 -4.1073834e-20 8.536662e-20 -5.251643e-20 -8.4978765e-20 6.2868393e-17 3.1839753e-17 -1.5358577e-17 -1.6059455e-14 -5.7362173e-19 -8.104155e-15 -8.519626e-20 -2.6754349e-15 -7.20977e-15 2.2789188e-20 1.2955219e-19 5.3501094e-16 4.458382e-15 1.0737647e-14 -1.1180337e-14 1.7899527e-19 2.5863213e-19 -1.2124209e-19 4.2225037e-15 4.4776482e-20 2.4296383e-19 -2.9257841e-15 -2.6631281e-15 3.0970724e-15 -8.262789e-15
-0.051729545 -7.790067e-14 -0.022576714 -3.7051423e-14 5.3837485e-14 1.00509506e-13 6.7616695e-14 -0.76684904 -1.4496051e-11 -0.01553063 0.009023649 -1.0986736e-12 -0.0018107133 -1.3854274e-13 0.051693585 0.001333069 -1.06573394e-13 -1.6896237e-14 1.246377e-10 -0.01941058 -1.1144687 -0.27294743 -2.3446464e-12 1.7077626e-14 1.2135356e-13 -0.89903605 -1.4613714e-13 6.5657738e-15 -0.5553697 0.12941016 0.0026617213 -0.17151338
-0.09052957 -1.3790016e-13 -0.0021858232 -1.1675e-13 -3.8253504e-13 8.846876e-14 -8.1572193e-14 -0.0012019613 -3.304011e-11 -0.049293377 -0.20753528 1.298562e-13 -0.013882711 -4.128244e-14 -0.0016604256 -0.04215148 -5.2976554e-14 -6.6982044e-14 -3.0284858e-10 0.27546817 0.024432639 -0.020909887 1.0021478e-11 5.5999845e-13 -1.3529112e-13 0.00822389 -1.10330934e-13 3.4278624e-13 0.033365604 -0.0055362466 1.5980328 0.0575393
-0.19173375 5.189534e-14 0.0015858063 9.067382e-14 -3.2031693e-14 2.0187388e-13 -1.0339487e-13 0.048555262 2.3920291e-11 0.02267163 -0.03208261 -1.1344536e-12 0.043051723 1.5928094e-13 0.027207546 -0.076943375 -7.704577e-14 4.5834887e-14 2.9233435e-10 -0.08623293 -0.50615853 -0.023382975 1.3965598e-11 4.026941e-13 3.7094202e-14 -0.16124892 -1.1804145e-13 8.160234e-15 -0.3817453 -0.0056663016 0.050146896 -0.05026377
-5.012194e-24 5.5565524e-24 2.592309e-24 -1.7473566e-23 -5.965844e-24 4.729043e-24 1.1304082e-26 -1.2153303e-23 -4.2445043e-23 1.4914106e-23 4.5276463e-23 7.389987e-24 1.5244672e-23 -1.0767154e-24 -2.8502538e-24 -9.154174e-25 3.531891e-24 2.4275153e-24 -1.1495375e-23 -3.6790037e-25 7.060509e-24 -3.0356549e-24 -9.096388e-24 -4.046425e-23 -2.8280107e-24 -1.8167053e-23 2.0073406e-24 -6.356907e-23 2.759143e-23 -7.77088e-24 1.3159233e-25 8.915468e-25
0.018746419 3.3638843e-14 -0.022630902 1.9897879e-13 -9.701e-14 8.0751974e-14 7.384911e-14 -0.0145875625 1.2951884e-11 -0.036887005 -0.032262437 4.621972e-13 -0.12965825 -2.2482302e-15 0.92671007 0.04053632 3.061442e-14 -1.9343685e-14 5.6778965e-10 0.014528135 0.0118811065 0.0010926954 -3.754955e-12 5.159472e-13 -8.75925e-14 -0.23399504 1.1648305e-13 6.1608996e-14 -0.020046491 0.12619838 -0.02903709 -0.038572945
0.012748823 5.4294033e-14 -0.3871514 -8.756869e-14 3.393888e-14 5.226684e-14 -1.9909841e-14 0.01804412 -1.2547468e-12 0.010581658 0.4826406 -6.093844e-13 0.020966135 4.19098e-14 0.0071727773 -0.059919234 -6.1073985e-15 -7.947699e-15 5.3548627e-11 -0.20738648 -0.014246013 0.019411342 5.389626e-12 4.6153706e-13 -6.701914e-14 0.018229725 -7.1197016e-14 5.787155e-14 0.0070395106 0.005662591 -0.07054459 -0.0011605795
1.2496098e-24 1.5373581e-24 4.4091093e-24 -1.1069601e-25 -1.015845e-25 1.0478023e-23 -3.3707644e-24 2.8894912e-24 -3.0912913e-24 5.5067848e-24 -6.3810896e-24 -8.737759e-24 5.072302e-24 5.663807e-24 1.4826837e-24 2.4197425e-24 -4.6282623e-24 -7.945289e-24 1.920518e-24 2.6453719e-24 -7.177569e-24 3.7604285e-24 -5.571164e-24 2.60389e-24 4.6552023e-24 -2.7931634e-24 -5.0800177e-24 -8.157751e-24 -4.4980727e-24 -9.814536e-24 -1.4271295e-23 -3.6979906e-24
1.918678 -1.5352266e-13 0.177884 7.2775194e-14 9.145927e-13 -7.912782e-14 1.399981e-13 -0.025937445 9.168523e-12 -0.031315167 0.21538453 8.269694e-12 -0.09511696 -1.4592357e-14 -0.024974488 0.0188154 7.491296e-14 1.1982731e-13 1.4834446e-10 -0.030104633 -0.10278776 -0.13860361 7.777063e-12 -7.0967304e-13 -1.549787e-13 0.07049228 1.3367444e-13 -3.760438e-13 0.009401202 -0.014021668 0.089118004 -0.0126323765
2.710607e-20 9.7239495e-23 -2.471715e-21 -7.140307e-23 1.2616953e-23 -1.0504212e-22 5.7712616e-23 -6.1675277e-21 -3.6828856e-20 6.4120456e-21 1.0326466e-20 -7.000142e-22 -1.1645012e-20 -4.5661958e-23 3.3024318e-21 -3.8535663e-21 -7.272136e-23 1.9255356e-23 -2.4417286e-20 1.2519019e-20 4.8375853e-21 4.4536685e-21 -2.914168e-20 -1.251509e-21 -1.5733659e-22 9.120968e-22 -1.3837142e-22 -4.3218854e-22 3.0090583e-21 9.414152e-21 9.2263855e-21 3.93557e-21
0.004233959 6.367879e-14 1.3883029 -1.0938997e-14 4.5611345e-14 -5.2247757e-14 1.3308635e-13 0.059860125 3.7197784e-12 0.022720587 -0.53075606 2.2694788e-13 0.0013888633 1.4942191e-13 0.010188197 0.12977 2.4952093e-14 -1.3008704e-13 -1.3122216e-11 -0.2924525 -0.007769157 0.021631446 -1.4883803e-11 -7.0179167e-14 -2.0777565e-13 0.0461375 7.590283e-15 1.1798481e-14 0.018908205 0.0271489 -0.2210372 0.013244935
-5.64615e-09 4.5809762e-17 1.293983e-10 -4.6960243e-18 -3.88633e-17 5.3516872e-17 1.0059019e-17 -4.09742e-11 1.799619e-14 -6.3569233e-10 -2.980732e-10 2.6792565e-16 -1.5516491e-10 4.9504778e-17 -1.4773024e-10 -1.6209832e-10 -9.3378236e-18 1.6757536e-17 5.3952887e-13 -1.023047e-09 2.3316375e-11 4.3088455e-10 -1.4568854e-15 -1.5619068e-16 -5.3268476e-17 -4.4245e-10 -1.0326273e-17 3.8893077e-16 2.2954087e-10 -1.3696215e-10 -2.6542213e-10 -6.2444966e-10
-0.016626429 3.883254e-14 -0.079296574 -6.0848496e-14 -3.8676297e-14 1.0598822e-13 -4.1008738e-14 0.0012437335 -4.3426174e-12 -0.0004589267 -0.04223067 9.887815e-13 -0.012130359 3.4719518e-14 -0.00783594 -1.2295618 8.690062e-15 -3.071717e-14 2.2342198e-11 0.033116702 0.019770209 0.07202145 -1.893857e-11 -9.0050997e-13 9.138318e-14 0.0050071017 -9.601289e-14 -6.3117393e-15 -0.012472082 0.022806808 -0.5557014 -0.029379299
0.003766726 6.875564e-14 0.026656447 -5.591455e-14 -4.6982603e-14 -2.4592404e-14 4.574697e-14 -0.11864974 2.1641781e-12 -0.12965997 -0.028222097 1.11820926e-13 0.19119632 -4.27461e-14 0.118156806 -0.0065689166 5.9989957e-14 -1.1434606e-13 8.64996e-11 -0.048490115 0.033307124 0.07381306 1.4958365e-12 -1.1463644e-13 6.261295e-14 0.044951323 4.8775843e-14 1.7942038e-14 0.22017713 0.049348958 -0.0058461977 -0.3025138
-0.009234458 5.2109128e-14 -0.030942159 5.9021954e-14 1.3238183e-13 -3.146432e-14 5.766295e-14 -0.00025664884 -1.0981529e-11 -0.07671195 -0.009694246 1.3466562e-12 -0.030644152 1.0320834e-13 -0.025361992 0.00028228908 9.954105e-14 6.6104844e-15 1.7750108e-10 -0.050112642 0.8850829 -0.0053742044 -1.4894303e-11 -1.8117501e-13 -4.4353488e-14 0.124719895 -3.1818715e-14 6.370525e-13 -0.35482132 0.08679723 -0.017964987 0.37647328
-0.02374712 -1.0238592e-13 0.0027783036 1.1957504e-13 -9.342458e-15 1.0523288e-13 -2.6744986e-14 -0.014027888 2.896191e-12 -0.118221745 -0.003418922 -4.601804e-13 -0.057928644 -1.1502145e-13 -1.733587 -0.01249711 3.9588314e-14 1.5594075e-14 6.8889616e-11 -0.011334513 -0.03865289 -0.99502057 1.9333489e-13 -1.3876514e-13 -1.2692922e-13 -0.17431845 -1.445493e-13 2.127036e-14 0.0020900462 0.55264616 -0.0019946694 0.0019525237
2.2171128e-25 -2.873738e-26 4.7553454e-26 -4.2421064e-25 5.090363e-25 -3.3716455e-25 1.5377289e-25 1.3834781e-25 2.8707422e-26 7.9494284e-26 6.7127473e-25 1.0122631e-24 -3.5424425e-25 -1.8425423e-25 1.6935654e-25 -1.2418639e-25 3.8032656e-25 2.9601034e-25 -4.3440727e-26 -4.0832535e-25 6.204685e-25 3.0807252e-25 -2.1372002e-25 2.2815447e-25 -2.8258104e-25 1.6955251e-25 -9.144902e-26 -7.5106786e-25 -1.3793005e-25 3.0764064e-25 -2.0210186e-25 2.1133552e-25
0.006657604 -5.2135566e-14 0.21275808 -1.4006599e-14 -4.4510863e-14 4.2265034e-15 5.240459e-14 -0.0016877967 -6.185662e-12 -0.044154882 -0.37303036 7.7359413e-13 -0.034832347 -2.0848828e-14 -0.0015761448 -0.02171142 -7.9877646e-14 3.531191e-14 1.393413e-10 0.10070243 -0.00097372115 -0.020924289 3.5230397e-12 -2.0229549e-14 -9.987402e-14 -0.005091075 1.0708487e-13 1.2313134e-13 0.0033610072 0.0026772127 -0.05265955 0.01325674
-0.057181075 7.9596635e-15 -0.1844745 3.4181418e-14 3.7581036e-14 1.8336465e-13 -1.0228624e-13 -0.029899253 -1.544421e-11 -0.05029353 1.9661078 1.6505769e-12 -0.032883983 8.880991e-14 0.004270417 0.124576256 9.6380125e-14 -3.2836638e-14 -1.0357769e-10 -0.060910095 0.036211587 0.0014487922 8.251528e-13 -1.6156783e-13 1.78399e-13 -0.0010307973 -6.977965e-14 1.0418804e-13 -0.01812523 0.017412588 -0.24620503 0.0142687885
0.15653798 6.536342e-14 -0.0151005965 3.2258277e-14 1.0461379e-13 -4.75849e-14 3.786247e-14 -0.02780346 1.2742807e-11 0.04016523 0.0051192073 -6.0234624e-13 -0.28395328 -6.16325e-14 -0.17140612 0.079289615 -1.046145e-14 -2.8659465e-14 -8.612793e-11 0.028894631 -0.041318573 0.11504482 4.325651e-12 2.2126494e-13 1.1093913e-14 0.11882033 -3.2236028e-14 -4.4565594e-13 -0.00018753906 -0.18634911 -0.06930344 -0.051125523
-0.07864444 5.5635706e-14 -0.06410754 5.19647e-14 4.644108e-14 -9.168029e-14 -5.932093e-14 0.018513627 1.5905131e-11 0.10156084 -0.011970015 7.054065e-14 0.065037735 3.009544e-14 0.016125455 -0.037859738 -4.8478572e-14 3.7425822e-14 2.4332933e-10 -0.020007089 -0.4064876 -0.11280612 1.1143143e-11 -3.0949768e-13 -8.41044e-14 -0.0899141 -3.3492208e-14 -1.4671719e-13 0.16914572 -0.07814826 0.025889765 -0.122502424
-0.664796 -1.0276657e-14 -0.0275523 4.3837313e-14 2.5625976e-14 2.2157941e-14 -7.7030437e-14 -0.006288154 1.7580468e-12 0.0141349 0.005617485 6.7985846e-13 -0.014876336 -1.4099618e-14 0.0032123637 0.030943565 -4.3911005e-14 -1.0534273e-13 -7.14152e-11 -0.003034548 -0.011431852 0.098151624 -3.6186395e-12 1.2539325e-13 -1.4757557e-14 -0.014026908 -2.0581967e-14 -1.5925618e-13 0.03734293 0.022379955 0.0038661782 -0.006157388
-1.9839522e-24 2.0523652e-24 -3.2115452e-25 2.2101467e-25 -1.4692057e-24 2.6147526e-24 -1.701756e-24 3.3962446e-25 1.70136e-24 -4.0538923e-25 -1.4006538e-24 -2.8591291e-24 -2.4506928e-24 9.849366e-25 1.2431857e-24 8.589316e-25 -2.0139294e-24 -3.7335707e-25 4.394226e-24 5.180099e-25 -4.2913686e-24 -2.5057078e-24 -2.1131353e-24 -7.835937e-25 -2.1155066e-24 -1.8903584e-24 1.4366754e-24 2.127627e-25 2.8154707e-25 -5.95401e-25 -3.2892336e-24 -1.1724342e-24
-0.06636841 -2.930952e-14 -0.033966053 7.923923e-15 9.100799e-17 -6.010283e-14 -2.1397157e-14 0.0012935665 7.4891916e-12 0.036375362 -0.022795053 5.88818e-13 0.014713117 -1.973722e-14 -0.009176014 -0.020692848 3.6671075e-14 -3.02324e-14 4.5830957e-11 -0.0019349188 -0.27036646 0.031250395 -3.1147335e-12 7.083981e-14 7.036733e-14 -0.053680506 -1.37852435e-14 1.590343e-13 -0.19089684 -0.0521834 0.0063156127 -0.052756004
4.040015e-24 3.82037e-24 -2.2389306e-24 2.3725073e-24 1.8408302e-24 -9.307546e-25 3.586435e-24 -1.2201103e-24 -1.6883968e-25 -7.1149564e-25 3.8658263e-24 2.873475e-24 3.6057175e-24 -1.9115569e-24 -7.6067446e-25 4.6240313e-24 1.0894424e-24 -8.791887e-25 3.6681014e-24 -2.8301237e-24 -9.841226e-25 -5.8675804e-25 -3.1564632e-24 8.097212e-25 2.928292e-24 -3.630572e-24 -1.0938343e-24 2.0335746e-24 1.708268e-24 -4.097961e-24 2.5348826e-24 -8.680501e-25
0.09258972 -1.3478307e-13 0.06660606 -3.3890615e-14 1.191482e-13 1.1000212e-13 5.5975146e-14 -0.023340756 7.196084e-12 0.6340719 -0.0369649 1.4229401e-12 -0.69817185 1.2698963e-13 0.04435874 0.0063303523 -1.7063054e-15 2.4356388e-13 3.7620967e-10 -0.17202453 -0.0066117123 1.0864272 5.1928514e-12 2.5368992e-13 1.5743414e-13 0.0060682413 1.7060089e-13 1.754329e-13 -0.04082274 0.053455938 -0.018229287 0.025090732
-0.095250614 -7.2309346e-14 -0.015071836 -7.251021e-14 -1.2574364e-13 -5.3571514e-15 -3.218042e-14 0.0126869045 6.413826e-12 0.049068358 0.0126060415 5.1829445e-13 0.06246991 1.549202e-14 -0.019569501 -0.02712184 7.273445e-14 -1.7431123e-14 1.6747818e-11 -0.00823657 -0.08616305 -0.20361497 -9.127626e-13 3.9296685e-13 -5.082588e-14 -0.012193652 -1.3472094e-13 3.5994563e-13 -0.51818126 0.020754904 0.02302656 -0.028885635
-0.07518371 -6.02773e-14 -0.0060082283 -9.215019e-14 1.4398193e-13 1.5620476e-13 -7.966233e-14 0.35283136 1.3809311e-11 -0.040657982 0.006671762 8.7468346e-13 -0.098765925 -5.91339e-14 -0.022583632 0.011480815 8.247081e-14 8.628661e-14 -9.5281054e-11 -0.0004972581 0.5159551 -0.21536772 9.157199e-13 -9.548141e-13 -1.5617207e-13 -0.93211174 3.245883e-14 1.5420835e-13 -0.4014493 -0.70341796 -0.0028176028 -0.11086649
-0.095264345 -3.9414222e-14 0.4450579 1.5108124e-13 -3.1234794e-13 -1.2844841e-13 2.4907783e-14 0.00082628074 7.2171856e-12 -0.007836621 -0.2560511 3.5963253e-12 -0.048067622 -1.6893708e-13 0.004968023 -1.4788057 -1.9340025e-13 -2.2930393e-13 8.9638347e-10 -0.12889817 0.03196227 0.02762691 -4.3373197e-11 -4.1793495e-13 -2.9771248e-13 0.037804596 2.1174703e-13 -1.8487647e-13 0.027678387 0.007219126 -0.15861963 0.00072163384
0.04604906 -3.6224584e-14 0.07483916 -8.7908135e-14 -2.5901974e-14 8.370833e-14 -3.819324e-15 -0.006321326 -2.552007e-11 -0.49952084 0.040872708 1.4985986e-12 0.23708235 -8.69305e-14 0.09381028 0.01959942 -2.516578e-14 6.796303e-14 1.535082e-10 0.0045876005 -0.0038173208 -0.28368634 -5.258712e-12 -9.545577e-14 1.7183237e-13 -0.011191227 -9.833773e-14 5.889533e-13 0.040852875 -0.0060430383 -0.0015840408 -0.2219648
0.1635998 -1.5031654e-13 0.0086248815 1.1730776e-13 2.5891529e-13 3.8188985e-14 -1.3602014e-13 0.860388 9.664277e-12 -0.01840121 -0.024975503 2.522253e-12 -0.07284754 -6.375996e-14 -0.28877324 0.03010178 -1.0762907e-13 1.2288421e-14 3.1207925e-10 -0.0025532583 0.14924963 0.11579959 7.312593e-12 1.10921146e-13 3.4819593e-14 -0.16483524 2.5290432e-14 4.5313162e-13 1.3247033 0.07323481 -0.010918592 0.095786594
0.50135386 -2.0226822e-14 0.021814346 3.5679576e-14 2.3947652e-13 -3.6380123e-14 4.4469268e-15 0.0026748371 -1.4678895e-11 -0.0006269642 0.013551452 1.5420908e-12 -0.029549642 3.3067153e-14 -0.02066503 -0.0062771495 -6.426679e-15 6.168314e-14 -3.2852585e-10 0.018318485 -0.03578778 -0.02943526 -5.9870316e-12 -2.0149679e-13 -4.7352926e-14 -0.010537111 -5.318572e-16 -2.8223032e-13 0.013607823 0.0096014 0.013897544 0.039339334
-2.2211423 -8.7008613e-14 0.32699704 1.2992493e-14 -2.0179649e-13 -1.301644e-13 -5.9131567e-14 0.038112313 -3.4228353e-11 -0.14412181 0.01827291 1.7886088e-12 -0.031145914 1.3310986e-13 0.0752648 -0.09157642 -1.39363635e-14 2.0630468e-14 -1.2447687e-10 0.08964644 -0.025213929 0.15175264 2.444226e-11 1.5995274e-12 1.275954e-14 -0.047396977 3.868785e-14 6.2537004e-13 0.08875177 -0.021225153 0.09208336 -0.074226536
-0.031151414 -6.9964996e-14 0.0028573715 -5.1462537e-14 3.2591277e-13 -2.795912e-14 -5.0736396e-14 -0.015850225 -1.6852651e-11 -0.073622 -0.0026052354 -2.394122e-13 -0.037116572 1.1915203e-13 0.0068622716 -0.03408546 5.1171673e-14 -7.177759e-14 -1.680897e-10 0.012580493 0.0027244717 0.14052832 -8.7787425e-12 -1.0877881e-12 -2.5996688e-14 0.0056451266 -1.1559094e-13 1.3159389e-13 -0.0047723707 0.04257869 0.020199439 -1.9658196
0.017682092 -9.5178626e-14 -0.001227992 1.3262065e-13 -1.0053913e-13 1.4314692e-14 1.03931403e-13 0.025403772 1.9926493e-12 -0.2071763 0.001776954 -8.101915e-13 0.06534834 -1.0407448e-13 0.6120476 0.011075982 4.030178e-14 -5.4281364e-14 1.71201e-11 -0.01311624 -0.16609198 0.10855167 5.659689e-12 -4.246766e-14 9.063243e-14 0.81013465 -2.2853986e-14 -1.516979e-13 -0.015135034 0.5712112 0.010055215 -0.06441939
0.08722786 2.6251982e-13 -0.55540544 -1.6962797e-13 -2.9931485e-13 3.17801e-13 6.0468307e-14 0.14325508 6.85964e-11 -0.062288664 -0.27959025 2.5632127e-12 -0.074714586 -8.101924e-14 -0.07238166 0.053794127 -1.8737983e-13 3.358008e-14 1.2021854e-09 -2.2389293 0.012988179 0.22639877 1.15714945e-10 2.7950754e-12 -1.4696264e-13 0.0568951 1.7417498e-13 2.4316074e-13 0.07905891 0.0030220672 -0.5965895 0.01872722
-0.04796871 -2.4203365e-14 -0.040585037 5.59293e-15 -7.585504e-14 5.684382e-14 -5.6583166e-14 0.022523446 8.975952e-12 0.3392435 0.011163105 -5.234704e-13 -0.8084013 -2.7976358e-14 0.04321355 0.03696659 -5.95847e-14 -3.058983e-14 -5.5774083e-11 0.091917254 -0.04911513 -0.18863827 -5.3234413e-12 -1.0244438e-14 -3.078936e-14 -0.059232097 -2.3943983e-14 -7.015438e-15 -0.012823453 0.10392737 -0.031530235 -0.015142097
-0.06319177 7.2297074e-14 -0.07982866 7.2221166e-14 -8.1819513e-14 4.099408e-14 2.3391579e-14 0.07264322 9.045547e-12 0.056191932 -0.11665722 -4.059026e-13 0.022797788 5.666136e-14 0.031205077 0.078627735 2.5113202e-14 1.567279e-13 8.9487175e-11 -0.11453565 -0.06851484 0.50287783 -5.915064e-13 4.1054047e-13 -7.887367e-14 0.008845322 -2.1551497e-13 3.728312e-13 0.48422274 0.008645725 -0.10624782 -0.056121886
-0.040706273 3.2906576e-14 0.09365725 -6.2237894e-14 -8.588491e-14 -1.0450804e-13 1.0031445e-13 -0.020934727 -7.022043e-12 -0.60590523 0.02827713 6.689912e-13 0.17070405 1.6309709e-15 0.056130856 -0.054708403 -9.607469e-14 1.7037006e-14 -6.2597504e-11 0.08860843 0.017010415 -0.06064241 -7.313181e-12 -2.0009538e-13 9.606712e-14 1.9787374e-05 -1.3740233e-14 -2.0437948e-13 -0.057140138 -0.006772631 0.045086138 0.11598896
2.4288966e-24 -1.6146217e-24 -4.4517063e-25 4.428826e-25 -4.3529157e-25 -1.4416873e-24 -2.293066e-25 -8.116562e-25 -2.0376865e-25 -2.968797e-25 -2.4945247e-24 1.9185342e-24 -1.4979447e-24 5.8675726e-25 -7.5302197e-25 1.749271e-24 2.2177917e-24 -5.473161e-25 1.9458025e-24 -1.3886132e-24 -1.3984631e-24 -2.8293163e-24 1.4808286e-24 -1.9377873e-24 1.1356576e-25 -2.0474737e-24 1.9810603e-24 1.7405062e-24 2.7514336e-24 -8.493414e-25 -1.2381772e-24 -2.3643508e-24
0.118631124 -3.266724e-14 -0.07574272 4.9286445e-14 9.5960424e-14 -4.4302036e-14 1.05405275e-13 0.026340676 1.369701e-11 0.08818514 0.015317951 -4.5351337e-14 -0.016713807 -6.59151e-14 0.01471165 -0.1965278 -1.0812596e-14 1.365115e-15 1.4287542e-11 -0.9344515 0.031841453 -0.10023741 3.4557517e-11 1.3970139e-12 6.7448685e-14 0.060309295 -1.07414206e-13 -1.790239e-13 -0.016881531 0.053813975 0.51437587 -0.1494757
0.04384858 -8.985959e-14 0.039223555 4.902266e-16 -4.4063027e-14 1.0523799e-13 -9.379296e-14 -0.0522078 8.968111e-12 0.01046645 0.05298811 -1.152903e-12 -0.18310964 4.337553e-14 -0.10954749 -0.019441843 1.0345458e-13 2.5884326e-14 4.318707e-12 -0.017391609 -0.04367619 0.060988687 8.332281e-12 8.112087e-13 1.2231782e-14 0.06321095 1.2358707e-14 -3.5604153e-13 -0.006274388 -0.2773773 0.005116798 -0.010844666
-7.923402e-25 -1.6173661e-24 -4.548443e-25 -4.163978e-25 1.6104257e-24 -4.8181223e-25 1.5812719e-24 1.0133011e-24 1.8283811e-26 9.086271e-25 -7.9315576e-26 1.4826617e-24 9.284308e-25 4.784597e-25 1.157256e-24 -1.0435627e-24 -1.2286236e-24 9.061728e-25 -1.715894e-24 1.2500308e-24 6.5020455e-26 -1.1377701e-25 9.192684e-25 -5.0201446e-25 -1.2054969e-24 -1.7154936e-24 -9.537811e-25 4.6029053e-25 1.4725659e-24 -1.3485921e-24 1.7500041e-24 -1.7317268e-24
0.012740605 1.0273851e-13 -0.010861264 -1.0105865e-13 1.1907684e-13 1.3122993e-13 -2.9712605e-15 0.03935454 3.098152e-11 0.44501758 -0.006153914 8.194679e-13 -1.2791914 -9.528963e-14 -0.079976484 -0.024219472 9.872584e-14 -1.3942512e-13 1.3159156e-10 -0.04678645 0.021683248 -0.35607764 1.3707154e-11 8.068672e-13 4.0236843e-14 0.028274672 1.6130177e-13 -6.026036e-13 0.06663056 -0.06187847 0.007109726 -0.43657443
