56 56 64 128 1 0 1 1
0.0 -0.0 0.2689717 -0.0 0.1357112 -0.028307343 0.0 0.0 -0.090906136 -0.0 -0.047369044 -0.05607548 -0.1946791 -0.0643485 0.0 0.0 0.0 -0.27498084 -0.10861995 0.09351108 -0.0 -0.18997 0.0 -0.0 -0.0 -0.05546712 0.0 0.0 -0.0 -0.0 0.0 0.0 -0.0 -0.06912587 0.0 -0.0 0.0 -0.0 0.0 0.0 -0.0 0.0 -0.0 -0.0 0.0 0.03405375 -0.0 -0.26199144 -0.0 -0.039719444 0.20642605 0.0 -0.0 0.0 0.07063961 0.0 0.019266387 -0.0 0.029409474 0.0 0.021659892 -0.0 -0.0 0.069805406
0.0 0.0 -0.0 -0.30028614 0.0 0.19819972 0.0 0.0 -0.0 -0.008992821 -0.0 0.0 -0.04192403 0.0 -0.0 -0.0 -0.0 0.0052347057 0.0 -0.0 0.0 0.0 -0.0 -0.24308194 0.0 -0.0471671 0.0 0.0 -0.011114486 -0.0 -0.0 -0.0 0.0 -0.20785926 0.19425981 -0.0 -0.0 0.037081156 0.0 -0.07302202 -0.521474 -0.0 -0.0 -0.5209129 -0.0 -0.0 -0.6332114 0.09287605 0.0 0.0 -0.022898449 -0.09429832 0.0 0.0 -0.0 -0.0 -0.0 0.09742666 -0.0 0.0 -0.0 0.0 0.0 -0.0
0.0 -0.0 -0.0 -0.0 0.0 -0.0 -0.0 0.0 -0.0 -0.0 -0.0 -0.0 0.0 -0.018422857 0.0 0.0 -0.0 -0.0 0.073537335 -0.0 -0.0 0.0 0.0 0.0 0.0 -0.0 -0.2043208 -0.0 -0.014832189 0.0 -0.09316834 0.0 0.025171466 -0.0 0.0 0.0 -0.0 -0.0 0.25964183 0.0 -0.0 0.048513073 0.0 0.0 -0.0 0.0 0.0 -0.0 0.0 0.0 0.0 -0.0 0.0409809 0.0 0.0 0.0 0.0 0.0 -0.0 0.0 0.041515652 -0.0 -0.0 -0.028484993
-0.0 0.03576829 -0.0 0.0 0.0 0.0 0.0 0.0 -0.0 -0.0 -0.0 0.0 0.0 -0.0 0.0 -0.0 0.0 -0.0 0.0806372 0.0 0.0 -0.0 0.3132487 0.0 -0.0 -0.0 0.121672146 0.0 0.109467834 -0.0 0.34298453 0.0 0.6257361 -0.0 -0.03436383 0.0 -0.0 0.14566696 0.13111351 0.0 0.0 -0.0 0.0 0.0 -0.0 0.07848267 0.0 -0.0 -0.10751519 0.0 -0.0 0.0 -0.0 -0.0 0.01004528 -0.14161108 -0.0 0.0 0.0 -0.0 -0.15412906 0.0 0.0 0.0
0.0 -0.15853177 -0.06965138 -0.07509367 -0.013852423 -0.12764418 0.054437157 -0.0 -0.0 -0.0 0.0 -0.03583275 0.036086015 0.0 -0.0 0.0 0.0 0.0 -0.0 -0.031886086 0.0 -0.0 -0.0 0.0 -0.0 -0.0 -0.02528747 -0.0 -0.0 0.0 0.0 -0.0 0.030299574 0.051560692 -0.08209988 0.0 -0.0 0.044777114 0.0 0.063894644 -0.052744236 -0.03601908 -0.0 0.0 0.0 -0.12814015 -0.0 0.02481641 0.0 -0.14158201 0.0 0.18966375 0.02247079 0.17174259 0.04219699 -0.061652243 -0.15753402 0.04347036 0.0 0.0 -0.08456383 0.043870777 0.0 0.11625207
0.0 -0.0 0.0 0.0 0.017406175 -0.0 -0.0 -0.0 -0.0 0.0 0.0 0.0 -0.0 -0.0 -0.0 0.0 0.0 -0.0 0.09092415 0.0 -0.0 0.0 0.23821227 -0.0 -0.0 -0.0 0.023084367 -0.0 -0.017669244 0.0 0.084630735 0.0 -0.2689955 0.0 -0.0 0.0 -0.0 -0.02553298 0.08352022 0.0 0.0 -0.0720751 -0.0 -0.0 0.0 -0.083635524 0.0 -0.0 0.053183638 -0.0 0.0 0.0 0.11871328 0.0 -0.0 -0.022959575 0.0 -0.0 0.0 0.0 -0.07627704 0.0 -0.0 0.0
0.0 -0.0 -0.0 -0.0 -0.0 0.0 0.0 0.0 0.0 -0.0 0.0 0.0 0.0 0.0 -0.0 -0.0 0.0 -0.0 -0.0 0.0 0.0 0.0 0.0 -0.0 -0.0 -0.0 -0.0 0.0 -0.0 -0.0 -0.0 -0.0 0.0 0.0 0.0 0.0 -0.0 -0.0 -0.0 -0.0 0.0 -0.0 -0.0 0.0 -0.0 0.0 -0.0 0.0 -0.0 -0.0 -0.0 -0.0 0.0 0.0 0.0 0.0 0.0 0.0 0.0 -0.0 -0.0 0.0 -0.0 0.0
-0.0 -0.0 0.0 -0.0 0.0 -0.0 -0.0 -0.0 0.0 -0.0 -0.01597801 0.026904946 0.042852435 0.0 0.0 0.0 0.0 -0.0 -0.0 -0.0 0.0 -0.027497001 0.023743171 -0.0 0.0 0.0 0.0034376758 0.0 0.0925204 -0.0 0.0 -0.0 0.0 -0.0219412 -0.050151527 0.017964568 -0.0 0.037710257 -0.0 0.0 0.0 0.37002772 0.0 0.0 -0.0 -0.061391465 -0.0 -0.0 -0.0 0.0 -0.0 0.04284405 -0.0 -0.048480712 -0.06739085 -0.0 0.0 -0.0 0.023538087 -0.0 0.0 -0.0 0.0 0.0
-0.0 -0.16208984 -0.0 -0.0 -0.033264805 -0.0 -0.45744067 -0.0 -0.2314145 -0.0 -0.0 -0.0 -0.0 0.030060662 -0.0 -0.0 0.0 0.0 0.04041749 -0.0 0.0 -0.042252503 0.0 -0.0 0.0 0.0 0.0 0.0 -0.0 0.0 -0.0 -0.0 -0.0 0.07442184 0.0 -0.0 0.0 -0.0 0.0 -0.0 -0.0 -0.011974921 -0.0 -0.0 0.0 -0.011369332 0.0 0.0 -0.0 0.11492254 -0.0 0.047646206 0.0 -0.0 0.0 0.0 0.0 -0.0 -0.0 0.0 0.0 0.021505276 0.0 -0.0
-0.0 0.0 0.08184257 -0.23463586 0.0 -0.025342785 0.0 0.016506493 0.0 -0.034010883 0.03710229 0.0 0.07860087 0.0020630416 -0.0 -0.0 -0.0 0.05606726 -0.04283654 0.0 0.0 0.067752644 -0.0 0.15622748 -0.0 0.0 0.0 -0.0 -0.0 0.0 -0.0 -0.0 -0.0 -0.008340705 0.0 0.0205542 -0.0 -0.026231758 -0.0 0.050166104 -0.023392681 -0.0 0.0 0.08316431 -0.0 0.0 0.14825575 -0.015496544 -0.0 -0.0 0.06917998 -0.0375136 0.0 0.0 -0.00085730886 0.0 -0.01586818 0.21090062 -0.0 -0.0 0.0 0.053225443 -0.0 -0.03154864
-0.0 -0.012609074 -0.045485273 0.0 0.0 -0.0 0.010358363 0.0 0.014863796 -0.0 -0.044809215 0.0 0.024810014 0.0 -0.0 0.0 -0.0 -0.039844707 0.06536623 0.0 0.0 -0.0335796 -0.012577502 0.0 -0.0 0.0 -0.02389152 -0.0 0.05928601 -0.0 -0.012553507 -0.0 -0.0 0.034697827 -0.08441119 0.0 -0.0 0.01691831 0.0 -0.0 0.018782346 -0.0 -0.0 -0.0 0.0 -0.04734923 0.015409459 -0.0 -0.03085686 0.0 0.05065243 0.018809617 -0.07961454 0.0 -0.06176484 -0.0 0.023044491 0.0 -0.0 -0.0 -0.0 -0.0 0.0 -0.0
-0.0 0.072063066 -0.1809827 0.0 0.16204476 -0.03268426 -0.05922993 0.0 -0.066274524 -0.04988124 0.14476389 0.0 0.06786114 0.0 0.0 -0.0 0.0 0.099290624 -0.06338569 0.075838216 -0.0 0.15660171 -0.0 -0.0 0.0 -0.0 -0.0 0.0 -0.0 -0.0 -0.0 0.0 0.0 0.054859225 -0.1270808 0.0 -0.0 -0.05238129 0.0 0.0 -0.055775385 -0.028325494 0.0 -0.107463114 -0.0 0.25206703 -0.08011174 0.08947233 -0.0 -0.08397281 -0.24271606 0.14682326 0.0 0.465094 -0.12867565 0.0 0.25107414 0.07430369 0.17279142 -0.0 -0.0 -0.0 0.0 -0.25463486
-0.0 -0.0 -0.0 -0.0 0.0 -0.0 0.0 -0.0 -0.0 0.0 0.0 0.0 -0.0 -0.0 -0.0 0.0 0.0 0.0 -0.0 -0.0 -0.0 -0.0 0.0 0.0 -0.0 0.0 0.0 -0.0 -0.0 -0.0 -0.0 -0.0 0.0 -0.0 -0.0 -0.0 0.0 0.0 -0.0 0.0 -0.0 -0.0 0.0 0.0 0.0 0.0 -0.0 -0.0 0.0 0.0 -0.0 -0.0 0.0 -0.0 -0.0 0.0 -0.0 -0.0 -0.0 -0.0 0.0 0.0 0.0 -0.0
0.0 0.0 -0.0 0.0 0.0 -0.0 -0.0 -0.0 -0.013053731 -0.0 0.0 -0.0 -0.0 0.0 0.0 0.0 -0.0 0.0 0.095711544 -0.0 -0.0 -0.0 0.055377793 -0.0 -0.0 -0.0 -0.2252084 -0.0 0.0 0.0 -0.07120885 0.0 0.14416447 0.0 -0.0 -0.0 -0.0 0.0 0.4652634 -0.0 0.0 -0.0 0.0 -0.0 -0.0 -0.021727828 0.0 0.0 -0.10848384 -0.0 0.0 0.0 0.07288339 0.0 0.0 -0.0 0.028693339 0.0 -0.0 -0.0 0.10080464 -0.0 0.0 -0.0
-0.0 0.105577074 -0.11044122 0.06751921 -0.016719371 0.106551625 -0.1800788 -0.0 -0.15236025 0.22336885 0.0 -0.26929855 0.12917827 -0.21337536 0.0 0.0 0.0 0.055696927 0.0 -0.138506 -0.0 -0.09629014 0.0 0.11380863 -0.0 0.24412899 -0.0 -0.0 -0.028195936 -0.0 -0.0 -0.0 -0.0 -0.0 -0.40871835 -0.23806496 -0.0 -0.15903033 -0.0 -0.12041132 0.11759655 -0.0 -0.0 0.09537199 0.0 0.032452047 0.11692326 -0.0 0.030469464 -0.08612948 0.14339305 0.03538167 0.0 -0.118351154 0.08168486 -0.022689095 -0.07827586 0.065081626 -0.088903256 0.0 -0.0 -0.13644837 0.0 -0.19398025
-0.0 0.0 0.0 -0.0 -0.056767143 0.0 0.0 -0.010217225 -0.0 0.0 0.0 0.0 0.0 -0.059749715 -0.0 -0.0 -0.0 -0.0 0.0 -0.0 0.0 0.0 0.13233413 -0.0 -0.0 0.0 0.0 -0.0 0.06932088 -0.0 -0.016700275 -0.0 0.29499295 -0.036329895 -0.0 0.0 0.0 0.051691603 -0.0 -0.0 -0.0 -0.16905423 -0.0 0.0 -0.0 0.037671663 0.0 0.0 -0.43452233 0.0 -0.0 0.0 -0.106714666 -0.055379007 -0.0 0.12340352 -0.023789821 0.0 0.0 -0.0 0.0 -0.0 0.0 0.0
0.0 -0.013132672 -0.034062505 0.03185542 0.0 0.021234773 0.009359303 -0.0 0.014910178 -0.010204993 -0.094465345 -0.0 0.06262854 -0.0 -0.0 -0.0 0.0 0.0 0.0058247508 0.017847076 0.0 -0.046465646 -0.011773496 0.0361726 -0.0 -0.0 -0.0 0.0 0.059315488 -0.0 0.0 -0.0 -0.0 0.025157033 -0.1587047 0.0 0.0 0.0 -0.0 -0.0 0.041018672 0.02606819 0.0 0.03378796 -0.0 -0.054671384 0.03874798 -0.0 -0.032204997 -0.0 0.07686917 0.027258111 -0.076616496 0.0 -0.03569656 0.021791946 0.037056528 0.026155155 0.012559024 -0.0 -0.027593708 -0.0 0.0 0.0
0.0 -0.0 0.0 -0.0 -0.0 -0.0 0.0 0.039574474 -0.0 0.0 -0.0 -0.0 -0.0 0.0 -0.0 -0.0 -0.0 -0.0 0.015972393 0.0 0.0 -0.011309474 -0.030537818 0.0 -0.0 0.0 0.10186653 -0.0 -0.04823507 0.0 0.1379516 0.0 0.047451876 0.0 0.0 0.0 -0.0 -0.008508617 -0.14941798 -0.0 -0.0 0.066301376 0.0 -0.0 -0.0 0.0 -0.0 -0.0 -0.034393907 -0.0 0.0 0.0 0.029651357 -0.0 -0.0 -0.12184781 -0.0 0.0 0.0 -0.0 0.026709171 0.0 0.0 -0.013585633
0.0 0.1227921 -0.10753095 -0.0 0.048450883 -0.25870514 -0.0 -0.0 -0.0 0.063674964 0.056668617 0.0 0.066972755 -0.0 -0.0 0.0 0.0 0.19294068 0.0 0.033343107 0.0 0.25193924 -0.0 0.0 0.0 0.109490775 -0.0 0.0 -0.0 0.0 -0.0 0.0 0.0 0.06061356 -0.13130854 -0.010259435 0.0 -0.042105835 0.0 -0.23831198 -0.05522958 -0.0 0.0 -0.07000776 -0.0 -0.0 -0.0483238 0.10894768 0.0 0.06561373 -0.21771166 0.0 -0.07889985 0.1802467 -0.0 -0.03127168 0.07608953 0.020001007 0.0 -0.0 -0.011606278 -0.11240379 0.0 -0.446957
-0.0 0.0 -0.055967994 0.0 -0.0 -0.0 0.0 -0.88201135 0.0 -0.0 0.0 -0.0 -0.0 -0.0 0.0 0.0 0.0 0.0 -0.007978037 0.0 0.0 -0.0 0.0 0.0 -0.0 0.0 -0.0 -0.0 -0.0 0.0 0.0 0.0 0.0 -0.0 -0.19580127 0.0 -0.0 0.073013544 0.0 0.0 -0.0 -0.0 0.0 0.0 0.0 0.0 0.0 0.0 -0.0 -0.0 0.0780783 0.0 0.0 0.0 0.0 -0.0 -0.0 0.0 0.0 -0.0 -0.0 -0.0 -0.0 -0.0
-0.0 0.0 -0.0 -0.0 -0.0 -0.0 -0.0 -0.0 0.0 0.0 0.0 0.0 -0.0 -0.0 0.0 -0.0 0.0 0.0 0.0 -0.0 -0.0 0.0 -0.0 -0.0 -0.0 0.0 0.0 0.0 -0.0 -0.0 -0.0 0.0 0.0 -0.0 0.0 0.0 -0.0 0.0 -0.0 -0.0 0.0 -0.0 0.0 -0.0 -0.0 0.0 -0.0 -0.0 -0.0 0.0 -0.0 -0.0 -0.0 0.0 0.0 -0.0 0.0 0.0 -0.0 -0.0 -0.0 0.0 -0.0 0.0
0.0 0.0 -0.0 -0.0 0.0 0.0 0.0 -0.0 0.0 -0.0 0.0 -0.0 0.0 0.0 -0.0 -0.0 -0.0 -0.0 -0.0 -0.0 -0.0 0.0 -0.0 0.0 -0.0 -0.0 0.0 -0.0 0.0 0.0 0.0 -0.0 -0.0 -0.0 0.0 0.0 -0.0 -0.0 -0.0 -0.0 0.0 0.0 -0.0 -0.0 0.0 -0.0 -0.0 -0.0 -0.0 -0.0 -0.0 -0.0 -0.0 -0.0 0.0 -0.0 -0.0 0.0 -0.0 -0.0 -0.0 -0.0 0.0 -0.0
-0.0 0.0 0.0 -0.0 0.0 0.0 0.0 -0.025577303 0.0 0.0 -0.0057527176 -0.0 -0.0 -0.0 0.0 0.0 0.0 -0.0 -0.0 -0.0 -0.0 -0.0 0.03545385 0.0 0.0 0.0 -0.13247554 -0.0 0.021890687 -0.0 -0.08326759 0.0 -0.048292536 0.0 -0.017809002 0.0 -0.0 0.03933287 0.16689304 0.0 -0.0 0.044278365 -0.0 0.0 0.0 -0.00814314 0.0 -0.012366587 0.10142107 -0.0 -0.0 0.0 0.04398186 0.0 0.0 0.09725995 -0.0 0.0 0.0 -0.0 -0.037704967 -0.0 0.0 0.0
0.0 -0.07639372 -0.12767051 0.0 -0.072725125 0.0 0.07249121 -0.0 0.13870247 -0.09306675 -0.0 0.13018283 0.10226781 0.21439286 -0.0 -0.0 0.0 0.0907525 0.09200195 0.0 0.0 0.07999807 0.0 -0.0 0.0 -0.039384823 0.0 -0.0 0.03178779 0.0 0.0 -0.0 -0.019692667 -0.0 0.0559678 0.081205815 0.0 0.08884575 0.0 0.0 -0.040114053 0.0 0.0 -0.044281166 -0.0 -0.21360439 -0.024467066 0.11399631 -0.045577724 0.058659118 -0.12537146 -0.0 -0.039882053 0.03209829 -0.2050398 0.0337954 0.04499067 0.0 -0.0 0.0 0.0 -0.0 0.0 0.069620185
0.0 -0.0 0.0 -0.0 0.0 0.0 -0.0 0.0 -0.0 -0.0 0.0 -0.0 0.0 -0.0 -0.0 -0.0 -0.0 0.0 -0.0 -0.0 -0.0 0.0 -0.0 0.0 0.0 0.0 -0.0 0.0 0.0 -0.0 -0.0 -0.0 0.0 0.0 0.0 0.0 -0.0 0.0 0.0 -0.0 0.0 0.0 0.0 0.0 0.0 -0.0 -0.0 -0.0 0.0 0.0 -0.0 0.0 0.0 0.0 -0.0 -0.0 -0.0 -0.0 0.0 0.0 -0.0 -0.0 -0.0 -0.0
-0.0 -0.0 -0.050141294 0.040051784 -0.0 -0.040819112 0.0 0.0 -0.0 -0.0 -0.04021185 -0.0 0.020139877 0.0 0.0 -0.0 0.0 -0.03231243 0.03022698 -0.0 0.0 -0.035795093 0.014232466 0.0420234 -0.0 0.0 -0.0 0.0 0.10101795 -0.0 0.0 0.0 0.026830899 -0.0 -0.014579437 0.0 0.0 0.029093886 0.04431627 -0.0 0.020606885 0.2627916 -0.0 0.0 -0.0 -0.0 -0.0 0.032739267 0.0 0.0 0.028421288 -0.0 -0.0 0.055320255 -0.04631205 -0.0 0.0 0.054269962 -0.0 -0.0 0.02755563 -0.0 0.0 0.0
-0.0 -0.0 -0.0 -0.0 0.0 -0.0 -0.0 0.0 -0.0 0.0 -0.0 0.0 0.0 -0.0 -0.0 0.0 0.0 -0.0 0.06604882 -0.0 0.0 -0.03870865 0.2232884 0.0 -0.0 0.0 -0.24307658 -0.0 0.0 0.0 -0.14030746 -0.0 0.7028504 -0.0 -0.0 0.0 -0.0 0.06435041 0.105502166 -0.0 -0.0 0.0 -0.0 0.0 -0.0 -0.046864856 0.0015676755 0.0 -0.059067354 0.0 0.0 -0.08278555 -0.10871028 0.0 -0.119849406 -0.14508289 -0.0 -0.0 0.0 0.0 0.17687386 -0.0 0.0 0.0
-0.0 -0.037859946 0.047180254 0.0 0.0 -0.0 0.029903816 -0.0 0.015073788 -0.12661406 -0.073842555 0.12255573 -0.047211744 0.042984605 -0.0 -0.0 -0.0 -0.0 -0.0 0.046585906 0.0 0.0 -0.0 0.0 -0.0 -0.12730995 0.0 -0.0 0.032248378 -0.0 0.0 -0.0 -0.0 -0.0 0.04750618 0.111716285 -0.0 0.059419747 -0.0 0.03717665 -0.015702026 -0.0 0.0 -0.019675871 0.0 -0.06860965 0.0 -0.017470453 -0.026896553 0.029600872 -0.0 0.0 -0.030272933 0.04553382 -0.123649664 -0.0 0.03614319 0.0 -0.0 0.0 -0.0051460653 0.049261216 0.0 0.05554453
-0.0 0.60293245 0.0 -0.0 -0.12221803 -0.09230764 0.253357 -0.0 0.095968604 0.15038876 0.0 -0.2608842 0.07317219 -0.2936402 -0.0 -0.0 -0.0 0.04448609 0.0 -0.44554326 0.0 -0.08393055 -0.0 -0.0 -0.0 -0.09898713 0.0 -0.0 0.0 0.0 -0.0 0.0 0.0 0.084064044 -0.09100782 -0.0 0.0 0.0 0.0 0.25178188 -0.0 0.024828207 -0.0 -0.0 0.0 -0.13895942 0.0 -0.0 -0.0 -0.07330484 0.0 -0.040741522 0.0 -0.0 0.100508444 0.0 -0.0 -0.0 -0.0 -0.0 -0.0 0.0 -0.0 0.1076421
0.0 -0.0 0.0 0.0 0.0 -0.0 -0.0 0.0 -0.0 -0.0 0.0 0.0 0.0 -0.0 0.0 0.0 -0.0 -0.0 -0.0 0.0 -0.0 -0.0 0.11444122 0.0 -0.0 -0.0 0.14002663 0.0 -0.098998405 0.0 0.06551944 0.0 -0.26314682 0.0 -0.0 -0.0 -0.0 0.0 -0.18657102 0.0 -0.0 -0.0 0.0 0.0 -0.0 0.006718241 -0.0 -0.0 0.21503024 -0.0 -0.0 0.0 0.077031724 0.0 0.0 0.0 -0.0 0.0 0.0 0.0 -0.22944117 0.0 0.0 0.0
-0.0 0.0 0.0 0.0 -0.0 -0.0 -0.0 -0.0 -0.0 0.0 0.0 0.0 -0.0 0.0 0.0 0.0 0.0 0.0 0.0 0.0 0.0 -0.0 0.0 0.0 0.0 0.0 -0.0 -0.0 -0.0 -0.0 0.0 -0.0 0.0 -0.0 -0.0 0.0 0.0 0.0 0.0 -0.0 0.0 0.0 -0.0 0.0 0.0 -0.0 0.0 0.0 0.0 -0.0 0.0 0.0 0.0 0.0 -0.0 -0.0 0.0 0.0 -0.0 0.0 0.0 0.0 0.0 -0.0
-0.0 -0.0 -0.21219257 0.25471207 -0.02539609 -0.0 0.0 0.0 -0.024249172 -0.07286165 0.020436551 0.0 -0.0 -0.0 0.0 -0.0 -0.0 0.07857052 -0.0 -0.0 0.0 -0.1417649 0.0 -0.0 0.0 0.0 0.0 -0.0 -0.0 0.0 0.0 0.0 -0.0 0.048131038 0.18651028 0.0 -0.0 -0.0 0.0 -0.0 0.025526972 0.0 -0.0 -0.28510377 -0.0 -0.06410733 0.13154778 -0.094037615 0.0 -0.0 0.0 0.12986664 -0.0 -0.024341375 0.0 -0.0 0.0 -0.119102426 0.0 0.0 0.0 -0.0 -0.0 0.0
0.0 -0.0 0.0 -0.0 0.0 0.0 -0.0 0.0 -0.0 0.0 -0.0 -0.0 -0.0 -0.0 -0.0 0.0 0.0 0.0 0.0 -0.0 -0.0 0.0 -0.0 0.0 -0.0 -0.0 -0.0 0.0 0.0 0.0 -0.0 -0.0 0.0 -0.0 -0.0 -0.0 0.0 0.0 -0.0 0.0 -0.0 -0.0 0.0 0.0 0.0 -0.0 -0.0 -0.0 0.0 -0.0 -0.0 0.0 -0.0 -0.0 -0.0 -0.0 -0.0 -0.0 0.0 0.0 -0.0 -0.0 -0.0 -0.0
-0.0 0.15681884 0.0 -0.030674329 -0.07507724 -0.046561524 0.0 -0.0 -0.35382158 0.08240275 -0.0 -0.065348536 0.0 0.5089347 0.0 0.0 0.0 -0.0 0.028473072 0.11480327 0.0 -0.106588945 -0.0 0.0 -0.0 0.070782766 0.08682802 -0.0 0.08247249 0.0 -0.0 0.0 0.022731023 -0.08266111 -0.07941726 -0.0 0.0 -0.0 0.051305186 0.0 -0.0 -0.0 -0.0 0.0 0.0 0.13290091 -0.0 -0.0 -0.0 -0.0 -0.0 -0.0 -0.0 0.10590638 0.0 0.0 0.09522162 0.0 -0.20969863 0.0 -0.063449726 0.0 0.0 -0.24784102
0.0 -0.0 -0.0 0.0 -0.0 -0.0 0.0 0.0 0.02969775 -0.020325683 0.0 -0.0 0.0 -0.0 -0.0 -0.0 0.0 0.013671149 0.0 0.0 0.0 -0.0 -0.052183483 0.0 0.0 -0.0 -0.084389664 -0.0 -0.029850718 -0.0 0.0 -0.0 0.0 0.0 0.02322782 -0.0 0.0 0.019777318 -0.0 -0.050573584 -0.0 -0.16570796 -0.0 0.0 -0.0 -0.12643765 0.0 -0.0 -0.045277134 -0.0 0.0 -0.0 -0.13855834 -0.030788241 0.0 0.041411012 -0.041398954 -0.0 0.0 -0.0 -0.0 -0.020739041 -0.0 0.14000435
-0.0 0.053227752 0.4494627 -0.0 0.21662068 0.0 -0.12486573 0.0 -0.14167675 0.1964072 -0.15947513 -0.23453571 -0.54508436 -0.06348658 0.0 0.0 -0.0 -0.37103036 0.03730743 -0.0 0.0 -0.41035044 -0.0 -0.0 0.0 0.0 0.0 0.0 0.0 0.0 0.0 0.0 -0.0 -0.13717984 -0.0 -0.16972925 -0.0 -0.0 -0.0 -0.12674308 -0.09494618 0.0 -0.0 -0.096592054 0.0 -0.0 -0.10348206 -0.26485848 -0.0 -0.07258233 0.44679314 -0.1211735 -0.0 0.04380657 -0.0 0.0 0.092102654 -0.0 0.045994766 -0.0 0.0 -0.1267538 0.0 0.06306058
0.0 -0.43124494 0.0 -0.0 0.28366786 0.0 0.0 0.0 0.0 -0.0 -0.10091411 -0.13433906 0.096077606 0.0 -0.0 0.0 -0.0 -0.1210205 -0.05405409 -0.0 0.0 0.11992928 0.0 0.0 0.0 -0.030924309 -0.0 0.0 0.0 -0.0 -0.0 0.0 -0.0 -0.06344754 0.13590918 -0.0 0.0 0.0 -0.0 -0.50849336 -0.0 -0.0 0.0 -0.0 0.0 0.0 -0.0 -0.06616554 -0.0 -0.0 -0.10763773 0.0 -0.0 0.0 -0.071291834 -0.0 0.24025126 -0.0 -0.0 -0.0 0.0 0.09566333 -0.0 -0.32080263
0.0 -0.13402332 0.03734402 0.0 0.0 -0.09103075 -0.0 -0.0 -0.0 -0.0 0.042724732 -0.0 -0.0 -0.06967269 -0.0 0.0 0.0 0.0 0.1161612 0.082110904 -0.0 -0.0 0.012859542 0.0 0.0 -0.12592694 -0.0211409 -0.0 0.52249265 -0.0 -0.0 -0.0 0.0 -0.0 -0.2086756 0.0 -0.0 0.0 0.0 0.0 0.07003262 0.28899243 0.0 0.03634951 -0.0 -0.14192195 -0.0 -0.0531899 -0.0 -0.107259005 0.009940237 0.09722905 -0.06564081 0.0 -0.0019728725 -0.0 -0.2241826 0.060563292 -0.1393095 0.0 -0.10274351 -0.0 0.0 -0.12773746
0.0 0.0 0.0 0.0 0.0 -0.0 -0.0 0.0 -0.0 -0.0 -0.0 0.0 0.0 0.0 0.0 -0.0 -0.0 -0.0 0.0 0.0 0.0 0.0 -0.0 0.0 -0.0 -0.0 0.0 0.0 0.0 -0.0 0.0 -0.0 0.0 -0.0 -0.0 -0.0 0.0 0.0 0.0 0.0 0.0 0.0 -0.0 -0.0 -0.0 -0.0 0.0 0.0 0.0 0.0 0.0 0.0 -0.0 0.0 -0.0 -0.0 0.0 0.0 -0.0 -0.0 0.0 0.0 0.0 0.0
-0.0 0.0 0.0 0.0 -0.0 -0.0 0.0 0.07133078 -0.0 -0.0 0.0 0.0 0.0 0.0 -0.0 -0.0 -0.0 -0.0 -0.0 0.0 -0.0 0.0 0.044888683 -0.0 -0.0 -0.0 -0.2179254 -0.0 0.0 0.0 -0.09708344 0.0 -0.049031693 0.0 0.0 0.0 -0.0 0.09935355 0.22610544 0.0 0.0 0.025085267 0.0 -0.0 0.0 0.0 -0.0 0.0 -0.010405909 0.0 -0.0 0.0 0.086375676 0.0 -0.0 0.035492614 -0.0 0.0 0.0 0.0 -0.08306076 0.0 -0.0 -0.023838004
-0.0 -0.07509324 0.6987611 -0.023992931 0.10340211 -0.16400436 0.03283764 0.0 0.12798585 0.0 -0.22515246 -0.0 -0.5197303 0.16844079 -0.0 0.0 0.0 -0.01996068 -0.0 -0.10769299 -0.0 0.0 -0.0 0.009452167 0.0 0.0 0.0 0.0 0.0 0.0 0.0 -0.0 0.0 0.32992467 -0.21984443 0.08019493 -0.0 0.0 -0.0 0.0 -0.3387378 0.0 0.0 -0.21796443 -0.0 -0.07307851 -0.26758346 -0.050242428 -0.0 -0.0 0.10497845 0.1798476 -0.0 -0.0637633 0.07996626 -0.027659843 -0.0 -0.0 -0.0 0.0 -0.0 -0.105614886 -0.0 0.038607717
-0.0 -0.0 -0.0 -0.04208314 -0.026065357 -0.04130964 0.013131109 0.0 -0.0 0.018904462 -0.036307734 -0.0 0.02533148 -0.0 0.0 -0.0 0.0 -0.0 0.048986133 0.0 -0.0 0.0 -0.0016923839 -0.05304198 0.0 0.0 -0.0 0.0 0.010015177 -0.0 0.0 -0.0 0.0 0.054189917 -0.0 -0.0 0.0 0.0 -0.0 0.0 0.025053669 0.0 -0.0 0.081195444 -0.0 -0.0 0.019427741 -0.0 0.0 0.0 0.034072127 0.013105118 0.026504472 -0.09829644 0.0 0.0 0.017466882 -0.12565151 -0.0 0.0 0.017282927 0.0 0.0 -0.0
-0.0 -0.114938885 0.030842023 -0.0 0.2003164 0.17051883 -0.0 -0.0 -0.04762698 -0.0 0.13813755 -0.04491816 -0.0 -0.10092628 0.0 0.0 -0.0 -0.0933322 -0.055745404 -0.17346251 0.0 -0.0 0.0 -0.12284738 0.0 -0.052362103 0.0 -0.0 -0.0 0.0 -0.0 0.0 0.0 0.0 0.0 -0.08641959 0.0 0.0 0.0 -0.17840657 0.0 -0.0 -0.0 0.060998775 -0.0 0.0034781897 -0.10637055 -0.018371865 -0.0 0.051653855 0.059576474 0.0 -0.10490105 0.22200684 -0.063303016 0.06443909 0.0 -0.086960316 0.15335868 -0.0 0.0 0.05096026 -0.0 0.2698093
-0.0 0.23410574 -0.10954035 0.0 0.0 -0.0 -0.0 0.0 0.0 -0.9412314 0.0 -1.0062221 0.0 0.1494589 0.0 0.0 0.0 -0.0 0.0 0.0 -0.0 0.04151307 0.0 0.0 0.0 -0.05743935 0.0 -0.0 0.0 -0.0 0.0 0.0 0.0 0.0 -0.0 -0.7775876 -0.0 -0.0 -0.0 -0.065329894 0.0 -0.0 -0.0 -0.0 0.0 -0.08645573 0.0 0.12843369 0.0 -0.0 -0.0 0.0 0.0 0.0 0.1801112 0.0 0.029358998 -0.0 0.0 0.0 0.0 0.0033096026 0.0 0.07601255
-0.0 0.0 0.09394168 -0.0 0.0 -0.0 0.09219483 -0.0 0.20547485 0.0 0.049840666 -0.0 -0.119318955 -0.26706484 -0.0 0.0 -0.0 -0.06415792 -0.12577558 0.07956696 0.0 -0.085141085 -0.0 0.0 -0.0 -0.0 -0.0 -0.0 0.0 0.0 -0.0 -0.0 -0.0 -0.17312999 -0.043427277 0.0 0.0 -0.07528846 0.0 -0.035357457 -0.056832734 -0.036651734 -0.0 -0.043595728 0.0 -0.21619867 -0.0 -0.052435033 -0.0 0.0 0.0 0.0 0.0 0.47097486 0.09233774 0.0 -0.10788071 -0.0 -0.07332844 0.0 0.055835094 -0.08587545 0.0 0.112134665
-0.0 -0.05014069 -0.03290074 0.0 -0.0 0.12874568 -0.01917638 -0.0 -0.0 -0.0 0.07290205 -0.0 -0.0 0.07081193 -0.0 -0.0 -0.0 0.016973462 0.047097992 0.007384361 -0.0 -0.0 -0.0 -0.10570782 -0.0 -0.0 0.0 -0.0 -0.0 -0.0 -0.04514054 -0.0 0.0 -0.03543948 0.11361614 0.0 -0.0 -0.0 0.0 0.0 0.07973429 -0.0 0.0 0.07698907 0.0 0.0 -0.022035386 0.084177546 -0.0 0.04597723 0.0 -0.18534951 -0.06506589 -0.1648439 -0.04424215 0.03474629 -0.0 -0.13768461 -0.085654676 0.0 -0.0 0.0 -0.0 -0.0
-0.0 -0.0 0.04746073 -0.0 -0.11100311 -0.0 0.28989092 -0.0 -0.08533369 0.073591515 0.0 0.0 -0.07618135 0.1382236 -0.0 0.0 -0.0 0.0 0.081720434 -0.070858136 -0.0 -0.0 -0.0 0.040378667 -0.0 0.06804002 0.0 0.0 0.0 0.0 0.0 -0.0 -0.0 0.0 -0.0 -0.08230019 -0.0 0.0 0.0 -0.1049165 -0.0 0.0 -0.0 -0.0 -0.0 0.006251762 0.0 0.123785794 -0.04420863 -0.69896626 0.05248822 0.0 -0.0 -0.0 -0.06452518 -0.0 0.0 -0.0 -0.0 0.0 -0.062299773 -0.1070713 0.0 0.0
0.0 0.0 0.0 -0.0 0.0 0.0 -0.0 0.0 -0.0 -0.0 -0.0 -0.0 0.0 -0.0 -0.0 0.0 -0.0 -0.0 0.0 -0.0 -0.0 -0.0 -0.0 0.0 0.0 -0.0 0.0 -0.0 0.0 0.0 -0.0 0.0 -0.0 -0.0 -0.0 0.0 0.0 -0.0 -0.0 -0.0 -0.0 -0.0 -0.0 0.0 -0.0 0.0 0.0 -0.0 -0.0 0.0 0.0 0.0 -0.0 0.0 -0.0 0.0 0.0 -0.0 0.0 0.0 -0.0 -0.0 -0.0 0.0
-0.0 0.0 -0.5777622 -0.0 -0.26779848 -0.0 -0.0 0.0 0.07223562 0.15110004 0.21661937 -0.05700307 0.45928574 0.0 0.0 -0.0 -0.0 0.57432544 0.0844641 -0.06293258 0.0 0.6470251 0.0 -0.08962293 -0.0 -0.0 0.0 -0.0 0.061025362 0.0 -0.0 0.0 0.0 0.09240638 -0.002372523 -0.07816222 -0.0 0.07950206 0.0 -0.28753352 -0.17380576 -0.0 -0.0 -0.1677698 -0.0 -0.04264412 -0.18893757 0.41612965 0.0 0.0 -0.518419 -0.08443862 -0.0 0.0 -0.10313214 -0.0 0.0 0.0 -0.06487453 0.0 -0.07131411 -0.24274352 -0.0 -0.045572616
0.0 -0.15416709 0.13852246 0.0 -0.0 -0.1833599 0.1787026 0.0 -0.24208508 -0.0 0.09550727 -0.0 0.0 0.18833709 -0.0 -0.0 0.0 0.049145065 0.067570366 -0.0 0.0 -0.061609615 0.0 0.0 -0.0 -0.0 -0.0 0.0 0.0076825996 -0.0 -0.0 0.0 -0.0 0.0 -0.07730629 0.0 -0.0 0.0 -0.0 -0.067011125 0.0 -0.0 -0.0 -0.0 -0.0 0.04753313 -0.0 0.0 0.0 -0.54514724 -0.0 0.08169151 -0.0 0.10514012 0.15715198 -0.0 -0.012114306 -0.0 0.104381084 0.0 0.0 0.0 0.0 0.28253767
0.0 -0.0 -0.0 0.081782036 0.06856317 -0.1015272 0.031913795 0.0 -0.11015782 -0.0 0.039551206 0.0 0.060562324 0.0 0.0 0.0 0.0 0.0443995 -0.0 0.12301062 0.0 0.07127525 0.04278747 0.03284355 -0.0 -0.1336057 0.2148708 -0.0 0.42589116 -0.0 -0.13210732 -0.0 0.0 0.0 0.0 -0.0 -0.0 -0.05066313 0.15506884 0.049998205 -0.0 0.4609683 0.0 -0.0 0.0 0.0 0.0 0.052145917 0.0 -0.0 -0.0 -0.0 -0.23709984 0.034256704 0.034577932 0.12274837 0.0 0.08085795 0.0 0.0 -0.0 -0.0 -0.0 -0.0
0.0 -0.0 0.0 0.0 -0.0 -0.0 0.0 -0.7418432 -0.0 -0.0 0.0 0.0 0.0 0.0 -0.0 0.0 0.0 -0.0 -0.022930361 0.0 0.0 -0.0 0.03174411 0.0 -0.0 -0.0 -0.00527102 -0.0 0.0 -0.0 -0.0 -0.0 0.0 -0.0 -0.0 0.0 -0.0 -0.04977549 0.040936865 -0.0 -0.0 -0.0 -0.0 0.0 0.0 -0.034742408 0.0 -0.0 -0.0 -0.0 -0.0 -0.0 0.0015425503 0.0 -0.0 -0.0 -0.0 -0.0 0.0 -0.0 0.05943014 -0.0 0.0 -0.0
-0.0 0.0 -0.0 -0.26407182 0.0 -0.47969967 0.06182202 0.0 0.06617746 -0.0 0.0 0.028037088 -0.13508072 -0.11737724 -0.0 -0.0 0.0 -0.07444125 0.04490891 0.049029823 0.0 0.0 -0.03313906 -0.1943666 0.0 -0.107075386 -0.0 -0.0 0.10301725 0.0 -0.0 0.0 -0.0 0.2549443 -0.115924254 -0.0 -0.0 -0.020687697 -0.0 0.0347353 -0.10564385 0.0 0.0 0.13171825 0.0 -0.14557004 0.071916625 -0.0 0.0 0.07825895 -0.047556672 -0.0 0.05297105 -0.055427495 0.0 -0.0 -0.0 -0.39957964 -0.08438474 0.0 -0.0 -0.0 0.0 -0.18376626
-0.0 -0.0 -0.0 0.0 0.0 -0.0 -0.0 0.0 -0.0 -0.0 0.0 0.0 -0.0 -0.023484109 0.0 0.0 0.0 -0.0 0.051969033 0.0 -0.0 0.0 0.04993199 -0.0 -0.0 0.017584682 0.0 0.0 0.0 -0.0 -0.05463721 -0.0 -0.2237212 -0.0 -0.0 -0.0 0.0 -0.0 0.050573513 0.0 0.0 -0.075677164 -0.0 0.0 -0.0 -0.015289953 0.0 -0.0 0.11375203 -0.0 -0.0 -0.016146654 0.056970473 -0.0 0.0 0.10347182 -0.0 0.0 0.0 0.0 -0.17827027 -0.0 -0.0 -0.03661986
-0.0 0.1234713 0.13937506 0.05116192 -0.0 0.02103046 -0.07620273 -0.0 -0.0045801867 -0.067267664 -0.0 -0.0 -0.19242863 -0.08097484 -0.0 -0.0 0.0 0.04925439 0.0 0.070344575 0.0 0.0 -0.041108437 0.10210279 -0.0 -0.0 -0.0 0.0 -0.0 -0.0 -0.0 0.0 -0.0 0.0 0.06582972 -0.0 -0.0 -0.052898105 -0.0 0.0 -0.12587826 0.0698491 0.0 -0.124561876 0.0 0.20113401 0.0 -0.0 -0.0 0.058009535 0.10084518 -0.5591991 -0.0 -0.7142756 0.0 0.0 -0.0 -0.07408061 0.0 -0.0 -0.12053484 -0.0 -0.0 -0.123474516
-0.0 0.0 0.0 0.0 -0.0 -0.0 -0.0 0.0 0.0 0.0 0.0 0.0 0.0 0.0 0.0 0.0 -0.0 -0.0 0.0 0.0 0.0 0.0 0.0 0.0 -0.0 -0.0 -0.0 -0.0 0.0 -0.0 0.0 -0.0 -0.0 0.0 -0.0 0.0 0.0 0.0 0.0 -0.0 0.0 0.0 0.0 -0.0 -0.0 -0.0 0.0 -0.0 0.0 0.0 -0.0 0.0 0.0 -0.0 -0.0 -0.0 0.0 0.0 0.0 -0.0 0.0 -0.0 0.0 0.0
-0.0 -0.0 0.0 -0.0 -0.0 0.0 0.0 0.0 -0.0 -0.0 0.0 0.0 0.0 -0.0 -0.0 -0.0 -0.0 -0.0 0.020407451 -0.034763686 -0.0 -0.0 -0.44751644 -0.0 -0.0 -0.0 -0.06896154 -0.0 -0.06616302 0.0 -0.25960144 0.0 0.4744073 -0.0 0.0 0.0 -0.0 0.0 0.21937524 -0.0 0.0 -0.0 -0.0 -0.0 0.0 -0.0 0.0 0.0 -0.11728161 0.0 -0.0 0.037257943 -0.068777665 0.0 -0.0 -0.012329005 -0.0 0.0 0.031490427 0.0 0.10801317 0.0 0.0 -0.0
0.0 0.07790663 0.6195378 0.049002904 0.21177256 -0.03263495 -0.042962484 -0.0 -0.0 -0.07436909 0.11748876 0.020592798 -0.4092586 -0.044331722 0.0 0.0 -0.0 0.0 -0.0 0.13591953 0.0 0.43777737 0.0 -0.28793514 -0.0 -0.060489982 -0.0 0.0 0.042971816 0.0 -0.0 -0.0 -0.0 -0.22544588 0.0 0.07997264 0.0 -0.0 -0.0 0.043648485 -0.31120926 -0.0 0.0 -0.09123901 0.0 -0.0 -0.44645548 0.12517752 0.0 0.05185754 -0.24885139 -0.26007771 -0.0 -0.0 0.065516874 -0.0 -0.0 0.0651908 0.03588112 0.0 -0.05634037 -0.0 -0.0 0.06633586
-0.0 0.020615757 0.0 -0.0 -0.0 0.0 -0.0 -0.0 -0.0 -0.0 -0.03507976 0.0 0.050106764 0.0 -0.0 -0.0 0.0 0.0 0.055043004 0.0 0.0 -0.03814718 -0.04899021 -0.0 -0.0 0.0 0.0 -0.0 0.030561516 -0.0 0.0 -0.0 0.0 0.0 -0.09489694 -0.0 0.0 0.03300453 -0.037421983 -0.0 0.0 -0.3035532 -0.0 -0.0 -0.0 -0.053278066 -0.0 0.020544937 -0.023256578 0.015141202 0.0 0.0 -0.1516583 0.05641043 -0.03975435 0.048722032 -0.0 0.0 0.0 -0.0 -0.120460704 0.0 -0.0 -0.018888846
-0.0 0.0 -0.0 -0.0 0.0 0.0 0.0 0.0 -0.0 -0.0 -0.0 -0.0 0.0 0.0 0.0 0.0 -0.0 0.0 0.0 0.0 -0.0 0.0 0.0 0.0 -0.0 -0.0 0.0 0.0 0.0 -0.0 -0.0 0.0 -0.0 0.0 0.0 -0.0 -0.0 0.0 0.0 -0.0 0.0 0.0 0.0 -0.0 -0.0 -0.0 -0.0 -0.0 0.0 -0.0 -0.0 -0.0 -0.0 0.0 -0.0 -0.0 -0.0 0.0 0.0 0.0 0.0 -0.0 -0.0 -0.0
-0.0 -0.0 -0.0 0.0 0.0 0.0 -0.0 -0.0 0.0 0.0 0.0 0.0 0.0 -0.0 -0.0 0.0 0.0 -0.0 -0.0 0.0 -0.0 -0.0 0.0 0.0 0.0 -0.0 0.0 -0.0 0.0 0.0 -0.0 0.0 -0.0 0.0 -0.0 -0.0 0.0 -0.0 -0.0 -0.0 -0.0 -0.0 0.0 -0.0 -0.0 0.0 -0.0 -0.0 0.0 -0.0 -0.0 -0.0 -0.0 0.0 0.0 0.0 -0.0 0.0 0.0 -0.0 -0.0 0.0 -0.0 0.0
0.0 0.0 -0.048743192 0.0 0.023774564 0.032425124 -0.0 -0.0 -0.0 -0.0 -0.05438032 -0.018371668 0.041642636 0.0 0.0 -0.0 -0.0 -0.03167302 0.034608644 0.0 0.0 -0.026777845 -0.03157874 0.0117450915 -0.0 0.0 -0.026662631 -0.0 0.039383177 -0.0 0.0 -0.0 0.012140358 0.0 -0.051134117 0.0 0.0 0.02916093 -0.0 -0.0 -0.018960586 -0.282105 0.0 -0.019123048 -0.0 -0.008336484 -0.0 0.032703504 -0.044741385 0.0 0.030691838 -0.025946107 -0.1356589 -0.077030085 -0.050417744 0.049293064 0.0 0.0 0.0110853985 -0.0 -0.030924492 0.0 0.0 0.0
-0.0 0.0 -0.026182871 -0.08943672 0.0 -0.05848886 -0.03716291 -0.0 -0.15875788 -0.31853372 -0.16028595 0.46330833 -0.07380946 -0.13191532 -0.0 0.0 -0.0 -0.15976219 0.13209791 -0.099967845 0.0 -0.029905774 -0.0069295047 -0.118315265 0.0 -0.442712 0.0 0.0 0.014188187 0.0 0.0 -0.0 0.0 -0.11907565 0.29880455 0.35763407 -0.0 0.0750602 -0.0 0.06320223 -0.16132157 0.0 -0.0 -0.1689195 0.0 -0.25072342 -0.16173615 0.02993194 0.0 -0.07913962 -0.0793217 -0.13004096 -0.0 -0.0 -0.21150275 0.0 -0.003756701 -0.070618354 0.0 -0.0 -0.027834645 0.07535218 0.0 -0.104207106
-0.0 0.0 -0.0 0.01085224 0.025695741 -0.010936461 -0.0 0.013105856 -0.026821682 -0.022080777 -0.012946451 0.0 -0.0 0.0 -0.0 0.0 -0.0 0.0 -0.19326587 0.0 -0.0 0.032868423 0.07163072 -0.0 -0.0 0.0 -0.13040987 -0.0 -0.030216424 -0.0 -0.11515508 -0.0 0.15064971 0.0 0.0 0.0128674535 -0.0 0.0 0.15905136 -0.0 0.0 0.0 -0.0 0.018029537 0.0 0.071375415 -0.0 0.0 0.0 0.0 -0.0 0.0 0.05535752 0.0 0.046762027 -0.0 -0.039885834 0.0 0.0 0.0 -0.057412293 0.0 -0.0 0.0
0.0 0.0048742983 -0.07075153 0.034041014 -0.0 -0.118571684 -0.23601353 -0.0 0.10432269 0.06611315 -0.0023189818 -0.08820896 0.062037617 -0.28461453 -0.0 -0.0 -0.0 0.0 -0.0 -0.46828043 -0.0 0.0 0.0 -0.0 -0.0 -0.068302006 0.0 -0.0 0.0 -0.0 0.0 0.0 0.0 0.0 -0.067792036 -0.111733995 -0.0 -0.09843325 -0.0 -0.121882826 -0.0 -0.0 0.0 -0.0 0.0 0.05700551 0.0 -0.0 0.0 0.15133792 0.0 0.0 -0.0 -0.0 -0.0 -0.0 -0.0 0.0 0.10330893 0.0 0.0 0.12742133 -0.0 -0.0
-0.0 0.0 0.20420974 0.0 -0.0 0.0 0.067685455 0.0 0.16398758 -0.18093155 0.061670784 0.21600984 -0.18774375 0.22840582 0.0 -0.0 0.0 0.08008995 0.18468602 0.20919968 0.0 0.17871715 0.0 0.0 0.0 -0.19759661 -0.0 -0.0 -0.0 -0.0 0.0 -0.0 -0.0 0.0 0.38206604 0.13877994 -0.0 0.13152808 0.018897211 0.041840553 -0.0 0.0 -0.0 0.0 0.0 -0.29937273 0.0 -0.0 -0.020585662 0.08218504 -0.19109422 -0.046801414 -0.049464308 0.0459716 -0.0 0.0 0.08892055 0.0 0.04727916 0.0 -0.0 0.06981742 -0.0 0.1425048
0.0 0.0 0.0 0.0 0.0 -0.0 -0.0 -0.0 -0.0 0.0 -0.0 0.0 0.0 0.0 0.0 -0.0 0.0 0.0 -0.0 -0.0 0.0 0.0 0.0 -0.0 0.0 0.0 0.0 -0.0 -0.0 -0.0 0.0 -0.0 -0.0 -0.0 0.0 -0.0 -0.0 0.0 -0.0 0.0 0.0 -0.0 0.0 0.0 0.0 0.0 -0.0 -0.0 -0.0 -0.0 -0.0 -0.0 0.0 0.0 -0.0 0.0 0.0 0.0 0.0 -0.0 0.0 -0.0 0.0 0.0
0.0 0.0 -0.0 -0.0 0.0 0.0 0.0 -0.0 -0.0 -0.0 0.0 0.0 -0.0 -0.0 -0.0 -0.0 -0.0 -0.0 -0.0 -0.0 0.0 -0.0 0.0 0.0 -0.0 -0.0 0.0 0.0 -0.0 -0.0 -0.0 -0.0 -0.0 0.0 0.0 0.0 -0.0 0.0 0.0 0.0 0.0 -0.0 -0.0 0.0 0.0 -0.0 0.0 -0.0 -0.0 0.0 0.0 -0.0 -0.0 -0.0 -0.0 0.0 0.0 -0.0 0.0 -0.0 0.0 0.0 0.0 0.0
-0.0 -0.0 0.0 -0.0 -0.0 -0.0 -0.0 -0.0 -0.0 -0.0 0.0 -0.0 0.0 0.0 0.0 -0.0 0.0 0.0 -0.0 0.0 0.0 0.0 0.0 -0.0 -0.0 0.0 -0.0 -0.0 0.0 -0.0 -0.0 -0.0 -0.0 -0.0 -0.0 -0.0 0.0 0.0 0.0 -0.0 -0.0 0.0 0.0 0.0 -0.0 -0.0 0.0 -0.0 0.0 -0.0 -0.0 0.0 0.0 -0.0 0.0 0.0 0.0 -0.0 -0.0 -0.0 -0.0 0.0 -0.0 -0.0
0.0 0.093325526 -0.07093787 0.0 -0.083490185 0.07905616 0.17786278 0.0 0.0 0.08791706 -0.08638505 0.0 0.059027556 -0.0 0.0 -0.0 -0.0 -0.046542045 -0.05342745 0.077467114 0.0 0.03493886 0.0 -0.0 -0.0 0.26008195 -0.0 0.0 0.0 0.0 -0.0 -0.0 0.0 -0.0 -0.0 -0.05837106 0.0 -0.09305948 -0.0 0.10278498 0.0 0.0 0.0 0.0 -0.0 -0.23131649 0.0 -0.064179994 0.0 -0.0 -0.0 0.0 0.0 -0.10295468 0.11789881 0.0 -0.214434 -0.0 -0.1917967 0.0 -0.0 -0.0 -0.0 0.380181
0.0 0.0 0.056067474 -0.022563184 0.06100912 0.0 0.01632736 0.0 -0.0 -0.11741749 -0.079895236 0.077091284 -0.042129856 -0.0 -0.0 -0.0 -0.0 0.0 -0.0 0.0628981 0.0 -0.0 -0.025829965 -0.0 -0.0 -0.10968385 -0.023388026 0.0 0.014936512 0.0 0.0 -0.0 -0.0 0.0 0.06934259 0.09897432 -0.0 0.066801 -0.015037567 0.05776273 0.0 0.0 0.0 -0.0 -0.0 -0.07588864 0.0 -0.016391033 -0.02955888 0.0 -0.02359678 -0.020537794 -0.044318005 0.02181617 -0.10228234 -0.0 0.04884315 -0.015578547 0.031698354 -0.0 0.0 0.061558682 0.0 0.04048813
-0.0 -0.029742891 0.008207373 0.0 -0.0 -0.0 -0.025611553 0.0 0.0 -0.2183412 0.0 0.08264805 -0.018899972 -0.030867912 0.0 -0.0 -0.0 0.01322344 -0.0 -0.06259833 -0.0 0.03670139 -0.0 0.0 0.0 -0.1164742 0.0 -0.0 -0.0 0.0 -0.0 0.0 -0.0 0.0 0.014439117 0.14187318 0.0 -0.008347616 -0.0 0.07901116 -0.0 0.0 -0.0 -0.0 0.0 0.025416523 -0.0 -0.0434088 0.0 0.0 -0.01854795 -0.0 -0.0 -0.008476322 -0.03566597 0.0 0.0 -0.0 -0.011277017 -0.0 -0.0 0.06871714 -0.0 -0.016183188
-0.0 0.0 0.050826732 0.32870883 -0.17017937 -0.0 0.0 0.0 -0.034074873 -0.08606978 0.0 0.14282833 -0.13837104 0.035966177 -0.0 0.0 0.0 0.17944439 -0.0 -0.039744653 0.0 -0.0045526987 0.0 0.25356093 0.0 -0.0 0.0 -0.0 -0.0 0.0 -0.0 -0.0 -0.0 -0.0 -0.041782316 0.05159333 0.0 0.0 -0.0 0.021571321 0.4504528 -0.0 -0.0 0.25765264 -0.0 0.07801073 0.22386874 -0.081172176 0.0 -0.0 -0.07814714 0.033163752 -0.0 0.0 0.0 0.0 0.0 -0.07180177 -0.048804604 0.0 -0.02197944 0.066484965 0.0 0.03444153
0.0 -0.032116592 -0.0 -0.04640207 -0.056798857 -0.07777099 -0.0 0.36054575 0.0 -0.0 -0.029771917 0.07484896 0.0 -0.0 -0.0 0.0 0.0 -0.077973776 0.037469964 -0.039973352 0.0 0.0 -0.068407424 -0.04728258 0.0 0.0 -0.05213805 0.0 -0.12456709 0.0 0.05503564 -0.0 0.0 -0.0 0.15071742 -0.0 0.0 0.1371213 0.0 -0.0 0.0 0.081055656 0.0 -0.0 -0.0 -0.0 -0.0 0.0 -0.0 -0.0 -0.05552496 -0.035736132 0.0 0.053993296 0.0 -0.20030822 -0.0 -0.053237714 0.0 -0.0 -0.054257814 0.0 0.0 -0.0
-0.0 0.085379675 0.21412599 -0.059331585 0.1591992 -0.05728824 -0.15661973 -0.0 -0.13615808 0.09735446 -0.21601564 -0.072828144 -0.18108018 -0.10101371 0.0 0.0 -0.0 -0.3451818 -0.198607 0.09007332 -0.0 -0.22723818 0.0 -0.079342104 0.0 -0.03642247 0.0 0.0 -0.0 0.0 0.0 0.0 -0.0 -0.16540298 -0.032135773 -0.0 -0.0 0.0 -0.0 0.0 -0.094423614 0.0 -0.0 -0.069959104 -0.0 0.0 -0.0792355 -0.2194158 0.0 -0.12826267 0.2126794 -0.0 -0.0 -0.0 0.1668514 -0.0 0.07972285 -0.07002035 0.063882716 0.0 0.0 -0.06709894 0.0 0.14057104
0.0 0.0 -0.0 -0.06987072 -0.0 -0.05558467 0.0 -0.02806831 0.0 -0.028831085 0.019954821 0.06158907 -0.018325564 0.028590089 -0.0 0.0 -0.0 -0.0 0.07733663 -0.0 -0.0 0.09025313 0.0 -0.086990565 0.0 -0.115346305 -0.0 -0.0 -0.018234288 -0.0 -0.0 0.0 0.0 -0.0 0.16692013 0.08366788 -0.0 0.058830336 0.0 0.0 -0.0659151 0.021304373 0.0 -0.05677043 0.0 -0.04365249 -0.07182027 0.08417425 0.004373382 0.022527106 -0.09586906 -0.019595465 0.0 0.040807076 -0.048510384 -0.0 0.06233229 -0.041744813 0.0 -0.0 -0.031316195 -0.024519254 0.0 0.04988798
0.0 -0.0 0.0 -0.09134129 0.05427805 -0.087110996 -0.0 0.0 0.0 0.0 -0.0 0.0 0.0 -0.0 -0.0 -0.0 -0.0 -0.07570013 -0.04229305 -0.0 -0.0 -0.13648225 -0.0 -0.0 0.0 0.0 0.0 -0.0 0.072270475 0.0 -0.0141082 0.0 -0.0 0.0 -0.110838056 -0.05260262 0.0 0.0 0.0 0.0 0.018092753 -0.064527236 0.0 0.066421695 0.0 0.104770005 0.06340641 -0.041711982 -0.0 -0.0 0.14997229 0.20173939 -0.027628722 0.17997244 -0.040378246 -0.051183734 0.08639561 -0.0 0.0 -0.0 0.050575174 -0.0 -0.0 -0.15388422
0.0 -0.0 -0.0 -0.0 0.0 0.0 0.0 -0.0 0.0 -0.0 0.0 0.0 -0.0 -0.0 -0.0 0.0 -0.0 -0.0 -0.0 -0.0 -0.0 0.0 0.0 0.0 0.0 -0.0 0.0 0.0 -0.0 0.0 -0.0 -0.0 -0.0 0.0 -0.0 0.0 0.0 -0.0 -0.0 0.0 0.0 -0.0 0.0 -0.0 -0.0 -0.0 -0.0 0.0 0.0 0.0 -0.0 -0.0 -0.0 0.0 -0.0 0.0 -0.0 -0.0 0.0 -0.0 -0.0 0.0 -0.0 -0.0
-0.0 -0.12585267 -0.1656838 -0.025574248 -0.23960829 0.17862019 0.03786322 -0.0 0.048622463 -0.05576319 0.15616286 0.0 0.06881294 -0.1453013 0.0 -0.0 -0.0 0.2535301 0.0 0.09311734 -0.0 0.09674183 0.0 -0.069233224 -0.0 -0.0 0.0 -0.0 -0.0 -0.0 0.0 0.0 -0.0 0.0 0.13290246 -0.0 -0.0 -0.0 -0.0 -0.0 -0.07052533 0.0 0.0 -0.071117386 0.0 -0.23356496 -0.059152182 0.18421194 0.0 -0.11678783 0.0 -0.4562211 0.0 -0.33704615 -0.17436676 -0.0 -0.16166183 -0.15584365 -0.0 0.0 0.0 -0.026205719 0.0 0.24292785
0.0 0.0 0.28400096 0.0 0.2057891 -0.0 -0.10366809 -0.0 -0.054881316 -0.14492226 -0.23753394 0.010182979 -0.40935144 0.0 -0.0 -0.0 0.0 -0.3138495 -0.05177291 0.0 -0.0 -0.0060188924 0.0 0.0 0.0 -0.027801922 0.0 0.0 0.0 0.0 0.0 -0.0 0.0 -0.23141322 0.29243594 0.04562071 0.0 0.0 -0.0 0.115575805 -0.09962937 -0.0 -0.0 -0.11020042 -0.0 -0.010479971 -0.09381852 -0.92027354 -0.0 -0.20909934 0.08533926 0.0 0.0 0.0 -0.0 0.0 0.0 -0.0 0.10221528 -0.0 -0.0 0.08493953 -0.0 -0.0
0.0 0.19742534 0.0 -0.0 0.0 0.06397341 0.12423892 0.0 0.27356657 0.0 -0.12621565 -0.04138208 0.051351275 -0.2679914 -0.0 0.0 0.0 -0.0 -0.08156245 0.0 -0.0 0.0 0.0 -0.0 -0.0 -0.0 -0.0 -0.0 -0.0066949506 0.0 -0.0 -0.0 -0.0 -0.2566285 0.1122856 0.0 -0.0 0.0 -0.0 0.01250162 0.0 -0.0 0.0 -0.0 0.0 -0.060855236 0.0 -0.0 0.0 -0.07134353 0.0 -0.04945026 0.0 -0.0 0.0 0.033826616 0.05827599 -0.042739995 -0.048277136 0.0 0.0 0.0 -0.0 -0.054868404
0.0 0.0 -0.018606847 -0.0 -0.056159973 0.13251594 0.021589275 -0.0 0.0 -0.055025183 0.1158441 0.091780104 -0.099750936 0.0 -0.0 0.0 0.0 0.06937956 0.0 0.06703664 -0.0 -0.07565979 -0.0 -0.08408969 0.0 -0.07745073 0.0 0.0 -0.0 0.0 0.0 -0.0 -0.0 -0.1753332 0.29104835 -0.0 -0.0 0.0 -0.0 -0.045745745 -0.0 -0.0 -0.0 -0.16243836 0.0 -0.0 -0.219079 -0.032080047 -0.0 -0.0 -0.0 -0.3020164 0.0 0.0 -0.09002261 -0.0 -0.0015602076 0.101684995 -0.01813325 -0.0 0.0 -0.0 0.0 0.0
0.0 -0.0 0.23783557 -0.13661416 0.0 -0.0 0.0 0.0 0.0 -0.13282232 0.0 0.19240005 -0.31457064 0.11418195 0.0 0.0 -0.0 0.03437685 0.0929882 0.0 -0.0 0.10554093 0.0 -0.17034084 -0.0 -0.13152167 0.0 0.0 0.0 0.0 -0.0 0.0 0.0 -0.09637479 0.103470124 0.09244848 0.0 0.0 0.0 -0.0 -0.15227006 -0.0 -0.0 -0.13887602 0.0 -0.18556446 -0.15202233 0.0 0.04240955 -0.0 -0.30495697 -0.117573135 -0.0 0.0 -0.15062618 -0.0 0.011084517 -0.17967923 0.0 0.0 0.0 0.017467264 -0.0 -0.0
0.0 -0.023058183 -0.0 0.0 0.0 0.063347846 0.025840867 0.0 0.0 -0.0 0.0 0.0 -0.0 -0.04144127 0.0 -0.0 -0.0 0.0 0.074074954 0.042000413 0.0 -0.0 -0.40640932 -0.0 -0.0 0.0 0.0 -0.0 0.0 -0.0 -0.10698917 -0.0 -0.0 0.0 -0.13321221 -0.0 -0.0 -0.0 -0.1901154 -0.0 0.0 -0.44044542 0.0 0.0 -0.0 -0.04523059 0.0 -0.0 -0.30481264 -0.0 -0.0 -0.08265121 0.04853743 0.0 -0.065964445 0.0 -0.13776816 -0.0 -0.0 -0.0 -0.30844095 0.0 -0.0 0.117125556
-0.0 0.0 0.18102582 -0.0 0.071307905 -0.0042123087 0.0 -0.0 -0.22171623 0.0 0.10802527 0.0 -0.0 0.21069752 -0.0 -0.0 0.0 0.04400407 0.0 -0.0 -0.0 -0.0163588 0.0 0.06864046 -0.0 0.0 0.0 -0.0 -0.0 -0.0 -0.0 -0.0 0.02400126 0.15823022 -0.0 -0.0 -0.0 -0.0 -0.0 -0.0 0.0 -0.0 0.0 -0.0 -0.0 0.116879895 -0.0 0.0 -0.0 -0.0 0.0 -0.3102218 -0.019926496 -0.31119376 -0.0 -0.0 0.12704967 -0.052830085 0.15255162 0.0 -0.0 -0.0 0.0 0.10493357
-0.0 0.041560806 0.017624754 0.055991102 -0.0 0.21283436 -0.07162404 0.0 -0.065014176 -0.0 -0.03951939 0.07557299 0.11251118 0.075171754 0.0 -0.0 0.0 -0.10986516 0.0 -0.10780829 0.0 0.009029176 0.0 -0.069400914 -0.0 0.0 -0.0 -0.0 0.0 -0.0 -0.0 0.0 0.0 -0.0 0.09703558 0.0 -0.0 -0.046212304 0.0 -0.0 0.07349591 -0.0 -0.0 0.04463083 0.0 0.05782904 -0.007424747 -0.11948874 0.0 -0.0 0.0 -0.3241915 -0.0 -0.15746541 -0.0 0.051496293 0.04218576 -0.13688588 0.0 0.0 0.0 0.0 0.0 -0.06501893
-0.0 0.0 0.0 0.0 -0.0 -0.0 -0.0 -0.0 -0.0 0.0 -0.0 -0.0 -0.0 0.0 0.0 0.0 -0.0 -0.0 0.14619157 0.0 -0.0 -0.051454835 0.5445453 -0.0 0.0 0.0 0.008990695 0.0 -0.18915127 0.0 -0.16657767 -0.0 -0.20604536 -0.0 -0.055621155 0.0 -0.0 0.08654231 -0.28666723 0.0 -0.0 0.0 -0.0 -0.0 0.0 -0.012320209 -0.0 0.0 0.0 -0.0 0.0 0.0 0.21193673 -0.0 0.0 0.0 -0.0 -0.0 -0.0 0.0 -0.3346959 0.0 0.0 -0.015321459
0.0 0.0 0.0 -0.0 -0.0 0.0 0.0 -0.0 -0.0 -0.0 0.0 0.0 0.0 -0.0 0.0 0.0 -0.0 -0.0 0.0 0.0 0.0 -0.0 -0.0 0.0 -0.0 0.0 -0.0 -0.0 0.0 -0.0 -0.0 0.0 -0.0 -0.0 0.0 -0.0 0.0 0.0 0.0 -0.0 0.0 -0.0 -0.0 -0.0 -0.0 0.0 -0.0 0.0 -0.0 -0.0 0.0 0.0 0.0 -0.0 -0.0 -0.0 0.0 -0.0 0.0 0.0 0.0 -0.0 -0.0 -0.0
0.0 -0.2243215 0.0 -0.0 0.21192752 0.0 -0.39599344 -0.0 -0.041413836 0.0 0.0 -0.12093439 -0.0 0.021589195 -0.0 0.0 0.0 0.054440334 0.0 0.124707185 0.0 0.052647393 -0.034499135 0.0 0.0 0.0 0.0 0.0 0.0 -0.0 -0.0 0.0 0.0 0.0 -0.04537853 -0.039867852 -0.0 0.0 0.0 -0.18383358 -0.0 -0.028356759 0.0 -0.0 -0.0 0.26092377 0.0 -0.0 0.0 0.18437439 -0.0 0.0 0.07672672 -0.073378615 -0.17671373 -0.038299184 0.31976327 0.0 0.02142894 -0.0 -0.08164508 0.006778746 -0.0 -0.17874813
-0.0 0.02442102 -0.046147827 0.043164473 -0.07014166 0.019482221 0.06199236 -0.0 0.019693095 0.027247047 -0.07900536 0.040663328 0.072137766 -0.0 -0.0 -0.0 0.0 -0.05537767 -0.07819896 0.049746025 -0.0 -0.08684886 -0.0 0.0736058 -0.0 -0.026226765 0.0 -0.0 0.0 0.0 0.0 0.0 -0.0 0.11884524 -0.061021335 -0.008802187 -0.0 -0.0 0.0 0.0 0.07140316 -0.020909345 -0.0 0.033458803 0.0 -0.0 0.046312083 0.011247566 0.0 0.017264819 0.09688631 0.022474412 0.047123972 -0.0 -0.09486445 -0.013304701 0.0 0.07291501 0.042084213 0.0 0.035561185 -0.016997058 0.0 0.044099655
-0.0 0.03367912 -0.044518437 -0.21786085 0.026878426 0.085901305 0.0 0.0 -0.0 -0.0 0.10059591 -0.02637687 -0.0 0.018924372 -0.0 0.0 0.0 -0.0 -0.0 -0.0 -0.0 -0.06831139 -0.0 -0.0559584 0.0 0.0 0.0 0.0 0.0 0.0 -0.0 -0.0 0.0 -0.0 -0.0 -0.0 0.0 -0.020821875 0.0 -0.0 0.07044627 -0.0 -0.0 -0.31897616 -0.0 0.011098151 0.059473068 0.039822243 -0.0 -0.0 -0.0 -0.04157151 0.0051826295 0.08232949 -0.0 -0.0 -0.042236757 0.24931157 0.0023946331 -0.0 0.0 0.0 -0.0 -0.0
0.0 -0.0 -0.0 -0.0 -0.0 -0.0 0.0 0.0 -0.0 0.0 -0.0 -0.0 0.0 0.0 -0.0 0.0 -0.0 0.0 -0.0 0.0 0.0 0.0 -0.0 -0.0 -0.0 0.0 0.0 0.0 0.0 -0.0 -0.0 0.0 0.0 -0.0 0.0 0.0 0.0 0.0 -0.0 0.0 -0.0 0.0 0.0 0.0 0.0 0.0 0.0 0.0 -0.0 -0.0 -0.0 -0.0 0.0 0.0 0.0 0.0 -0.0 -0.0 -0.0 0.0 0.0 -0.0 0.0 -0.0
0.0 0.04581621 -0.20086205 -0.031359766 0.0 -0.05735547 -0.050837897 -0.0 -0.0 0.1241456 -0.26458624 -0.06632206 0.14580096 0.026753252 0.0 -0.0 -0.0 -0.18248384 -0.13449842 -0.045414202 -0.0 -0.2471246 0.0 -0.07180524 -0.0 0.065434456 0.0 0.0 0.017958658 -0.0 -0.0 0.0 -0.0 -0.055271678 -0.09165357 -0.104393005 -0.0 -0.059575893 -0.0 -0.121034056 -0.113834515 -0.0 0.0 -0.13650781 -0.0 0.023747541 -0.12125302 0.15235904 0.0 -0.03961088 0.17642592 0.0 0.011751986 0.0 -0.20528178 0.0 0.0 -0.075824395 -0.057868566 0.0 -0.026545996 -0.12577999 0.0 0.053868834
0.0 0.0 -0.0 -0.0 0.0 -0.0 -0.0 0.0 0.0 0.0 -0.116086975 -0.0 -0.0 0.0 0.0 0.0 0.0 -0.0 0.010137433 0.0 0.0 -0.0 0.3456979 0.0 -0.0 -0.0 0.06449788 -0.0 0.06780671 0.0 0.24522194 0.0 -0.2555597 -0.0 -0.0 0.0 0.0 -0.0 -0.25676277 0.0 -0.0 -0.0541055 -0.0 0.0 0.0 0.06155305 -0.0 -0.0 0.19548234 0.0 -0.0 -0.04740902 0.0 0.0 -0.10235538 0.10604538 -0.09702726 0.0 0.0 -0.0 -0.14318343 -0.0 -0.0 -0.002329087
-0.0 -0.36997768 -0.049759813 -0.0 -0.11449505 -0.05117724 -0.0 0.0 -0.143222 0.073239766 0.0 0.0 -0.0504263 -0.2441427 0.0 -0.0 0.0 0.0 -0.0 0.1704184 -0.0 -0.0514957 0.0 -0.0 0.0 -0.0 -0.0 -0.0 0.039828796 -0.0 -0.0 0.0 0.0 -0.0 -0.050782792 -0.05921979 -0.0 -0.06154987 0.0 -0.0 0.0 0.0 0.0 0.0 0.0 -0.30341986 0.0 0.0 -0.02384126 -0.13615918 -0.0 -0.0 -0.0 -0.0 0.08490523 0.0 -0.28354192 -0.0 -0.263177 0.0 -0.0 -0.083470635 -0.0 0.12829143
-0.0 0.034512214 0.043437965 -0.0 0.04975078 0.09257142 0.0 0.0 -0.0 -0.03979448 0.0 0.0 0.07893533 -0.080906235 -0.0 0.0 0.0 0.0400823 0.09508097 0.0 0.0 0.085095175 -0.10169704 0.0 0.0 0.0 -0.025363572 -0.0 -0.021496844 0.0 -0.03345535 0.0 0.0 -0.0 -0.07837466 0.0 0.0 -0.0 -0.081450574 -0.0 0.0 -0.15956983 0.0 -0.0 -0.0 -0.07648845 -0.058572087 0.0 -0.070422895 -0.0 0.07246096 0.18590985 -0.14518656 0.08654202 0.044327956 -0.020782914 0.0 -0.0 0.066198006 0.0 0.0 -0.05414857 0.0 0.0
-0.0 0.0 -0.0 0.0 -0.0 -0.0 0.0 -0.0 0.0 -0.0 -0.0 0.0 0.0 0.0 -0.0 -0.0 -0.0 -0.0 0.0 0.0 0.0 -0.0 -0.0 0.0 -0.0 -0.0 -0.0 0.0 -0.0 -0.0 -0.0 -0.0 -0.0 0.0 0.0 0.0 -0.0 0.0 0.0 -0.0 0.0 -0.0 0.0 0.0 -0.0 -0.0 0.0 0.0 0.0 0.0 0.0 -0.0 0.0 -0.0 -0.0 -0.0 -0.0 -0.0 -0.0 0.0 0.0 0.0 0.0 -0.0
0.0 0.0 -0.6165361 0.0 -0.11766135 -0.0 -0.0 -0.0 0.046051033 -0.0 0.054507606 -0.0 0.6201796 0.0 -0.0 -0.0 -0.0 0.56057274 0.08485211 -0.036944993 -0.0 0.5756107 0.0 0.0 0.0 0.048157327 -0.0 0.0 0.0 -0.0 0.0 -0.0 -0.0 0.11799822 0.0 -0.0 0.0 -0.0 0.0 -0.043727092 0.0 0.0 0.0 0.0 -0.0 0.0 0.0 0.5244044 0.0 0.0 -0.66082346 0.0 0.0 -0.040073745 -0.06147363 -0.0 -0.04707155 0.0 -0.0593056 0.0 -0.030941444 -0.053861734 -0.0 -0.0
-0.0 0.0 0.0 0.15913889 -0.0 -0.31732145 -0.0 -0.0 -0.0 0.0 0.0 -0.0 -0.0 -0.0 -0.0 -0.0 0.0 -0.0 -0.0 0.0 0.0 0.0 0.029389063 0.18348823 0.0 0.0 0.04348686 0.0 -0.0 0.0 -0.0 0.0 0.07978673 0.040984403 0.0 0.0 -0.0 0.044512667 -0.0 -0.0 -0.2937341 0.0 0.0 -0.2513474 0.0 -0.14740176 -0.25338557 -0.0 0.07513371 0.0 -0.0 0.075973965 -0.0 0.17542969 0.0 -0.0 0.0 0.29869184 0.0 0.0 -0.10427695 -0.0 -0.0 -0.14372739
0.0 0.0 -0.0 0.0 -0.0 0.0 0.0 -0.0 -0.0 -0.0 0.0 0.0 -0.0 -0.0 0.0 -0.0 -0.0 0.0 0.0 -0.0 -0.0 0.0 -0.0 0.0 -0.0 0.0 0.0 -0.0 -0.0 -0.0 0.0 0.0 0.0 0.0 0.0 -0.0 -0.0 0.0 -0.0 0.0 -0.0 -0.0 -0.0 -0.0 0.0 -0.0 -0.0 0.0 -0.0 -0.0 -0.0 0.0 0.0 -0.0 -0.0 -0.0 -0.0 -0.0 0.0 0.0 0.0 -0.0 0.0 -0.0
-0.0 0.0 0.0 -0.0 0.0 0.0 0.0 0.0 0.0 -0.0 0.0 0.0 0.0 0.0 0.0 -0.0 0.0 -0.0 -0.0 0.0 0.0 0.0 -0.0 0.0 0.0 -0.0 -0.0 0.0 -0.0 -0.0 0.0 0.0 0.0 -0.0 0.0 -0.0 -0.0 0.0 0.0 -0.0 -0.0 0.0 0.0 -0.0 -0.0 -0.0 0.0 -0.0 -0.0 0.0 0.0 0.0 -0.0 -0.0 -0.0 0.0 -0.0 -0.0 0.0 -0.0 -0.0 0.0 0.0 -0.0
0.0 0.0 0.0 0.0 0.0 0.018926818 -0.0 -0.014971387 -0.0 0.0 -0.00015504344 0.0 0.0 0.0 0.0 -0.0 -0.0 0.0 0.049899105 -0.0 -0.0 -0.0 0.080748044 -0.0 -0.0 0.0 -0.35963362 0.0 0.12891912 0.0 -0.096579984 0.0 -0.28292274 0.0 -0.013103676 0.0 0.0 0.18063726 0.33793262 -0.0 0.0 0.0 -0.0 -0.0 0.0 -0.02480242 0.0 0.0 -0.0 0.0 0.0 -0.0 0.0879673 -0.0 0.0 0.0930939 0.0 0.0 0.029044755 0.0 -0.0048090937 -0.0 0.0 -0.0
0.0 0.0 -0.060231846 0.0 0.0 0.052389942 -0.0 -0.0 -0.0 -0.0 -0.0 -0.0 0.0 0.0 0.0 0.0 -0.0 0.0 0.055744242 -0.0749637 0.0 -0.0 0.09648965 0.0 -0.0 -0.0 0.31674978 0.0 0.067410775 0.0 0.38515475 -0.0 -0.28369617 -0.039352857 -0.0 -0.0 -0.0 0.13853411 -0.08618663 -0.0 0.0 -0.052646656 -0.0 -0.0 -0.0 -0.0 0.0 -0.0 0.064429544 0.0 0.0 0.0 -0.24122761 -0.0 0.0 -0.2153071 0.0 0.0 0.03457593 0.0 -0.0 -0.0 0.0 -0.0
-0.0 0.181316 0.0 0.05665023 -0.0 0.04681002 -0.043737598 0.0 -0.16805053 0.24671933 0.04542687 -0.3789348 0.0 -0.07586979 0.0 -0.0 -0.0 0.08067357 0.01517094 -0.07553996 -0.0 -0.0 0.0 0.07791405 -0.0 0.45381463 0.0 -0.0 -0.0 -0.0 0.0 0.0 0.0 -0.02679835 -0.20467535 -0.3528312 -0.0 -0.04993723 0.0 -0.09705539 0.09373167 -0.0 -0.0 0.07227318 0.0 0.06377845 0.08883751 -0.024431678 0.0 -0.0 0.11092872 0.07374869 0.050304648 -0.06921764 0.04930449 0.0 -0.10384855 0.056792166 -0.0 -0.0 -0.07279543 -0.10891874 0.0 -0.121756405
0.0 -0.0560505 0.0386503 0.03957242 -0.0 -0.11336834 0.0111313015 0.0 0.0 0.0 -0.065115 0.036297075 -0.0 0.010177733 0.0 0.0 -0.0 0.0 0.0 0.029067826 0.0 0.09336719 0.0 0.05165121 0.0 -0.0 -0.0 0.0 0.029587317 0.0 0.02479017 -0.0 -0.0 -0.0 -0.043103386 0.018682966 0.0 0.0 0.011829503 -0.0 -0.08083121 0.0 -0.0 -0.0 -0.0 -0.06575236 -0.030757131 0.0 0.029507888 -0.0 -0.012518014 -0.038439784 0.032958686 -0.10884564 0.0 0.0 -0.0 -0.0 -0.08876806 -0.0 0.07932751 -0.029165568 -0.0 -0.008639644
-0.0 0.12800331 -0.0 -0.0 0.0 -0.0 -0.043499175 0.0 -0.0 0.014312103 0.017904531 0.025216078 0.0 0.1759931 -0.0 -0.0 0.0 0.035531074 -0.0004866165 0.013127807 -0.0 -0.0 0.0 0.0 0.0 0.0039041452 0.0 -0.0 0.0 -0.0 -0.0 0.0 0.0 -0.042173225 0.03312706 -0.0 0.0 0.016134895 -0.0 -0.05819967 -0.0 0.017105626 -0.0 -0.0 0.0 0.079470366 -0.0 0.014085721 0.0 0.06367056 0.015631353 0.0 -0.0 -0.048280403 -0.041412134 -0.0 0.14505275 -0.0 -0.039657816 0.0 0.0 -0.025303932 0.0 -0.098620325
0.0 0.0 -0.0 0.0 0.0 -0.035994183 0.0 0.0 0.030716766 -0.0 -0.0361674 0.03692726 0.0 0.08617242 -0.0 -0.0 -0.0 -0.0 0.0 0.05435985 0.0 0.030320153 0.0 0.0 -0.0 0.0 -0.0 -0.0 -0.0 -0.0 0.0077657425 -0.0 0.046883117 -0.038441457 0.0 0.0 -0.0 0.0 0.0 0.0 0.0 0.0 0.0 -0.0 0.0 0.094701655 -0.0 -0.0 0.03588953 0.08360416 -0.0 0.06590042 0.0 0.12951207 -0.11036391 0.0 0.124886975 -0.0 -0.08417421 0.0 0.0 -0.0 -0.0 -0.2906122
0.0 -0.0 0.0 0.0 0.0 -0.0 -0.0 -0.0 -0.0 0.0 -0.0 -0.0 -0.0 -0.022674814 0.0 0.0 -0.0 0.0 0.020774353 0.0 0.0 0.0 -0.034288842 -0.0 -0.0 -0.0 0.20676956 -0.0 -0.059489224 -0.0 0.14983362 0.0 0.06942033 -0.0 -0.0 0.0 0.0 0.05453384 -0.16775772 0.0 0.0 -0.0181081 -0.0 -0.0 0.0 -0.03305329 0.0 -0.0 -0.07243835 -0.0 0.0 -0.0 0.026884777 -0.0 0.0 -0.13046584 -0.0 -0.0 -0.0 0.0 0.10052927 -0.0 0.0 -0.045783427
0.0 -0.0 -0.049986634 -0.038691673 -0.015512359 -0.02617775 0.0 -0.0 -0.03503217 0.0 0.019813946 -0.0 0.018854149 0.005078538 0.0 0.0 -0.0 0.039949343 -0.047137376 -0.09693585 -0.0 0.052111123 -0.033972293 -0.04355118 0.0 0.036805876 -0.0037574877 -0.0 -0.04291717 0.0 0.007385248 0.0 0.0065938183 -0.023144284 0.07550013 -0.0 0.0 -0.03824762 -0.0 0.0 -0.029835857 0.0 0.0 -0.030194947 -0.0 0.13083918 -0.03115898 0.035698343 0.011774355 -0.022588314 -0.05661674 0.0 0.06079026 0.038681008 0.0 -0.036370043 -0.07103229 -0.029728016 -0.047537155 0.0 -0.0 -0.0 0.0 -0.0
-0.0 -0.0 0.017298397 0.018847782 0.0 -0.044039026 -0.017835889 0.0 -0.04173151 0.0 0.06569522 0.0 0.03148464 -0.0 0.0 0.0 -0.0 0.019648395 -0.029416008 -0.0 -0.0 0.03830522 0.01703042 0.0 -0.0 -0.0 -0.0099368105 0.0 -0.0 0.0 0.017366596 0.0 -0.0 -0.043597244 -0.0 -0.017074266 0.0 -0.03813268 -0.0 -0.01289332 -0.033933576 0.033173837 -0.0 -0.026338546 0.0 -0.0 -0.0 -0.04044205 -0.0 -0.049116377 0.0 -0.0 0.10761585 0.0 0.037535094 -0.029965835 -0.034507852 -0.036830444 0.002715633 -0.0 -0.0336274 -0.0 -0.0 -0.03955214
0.0 0.25160068 -0.0 -0.0 0.14859676 0.092420846 -0.23329216 0.0 0.0 0.059156783 0.0 0.0 0.0 0.26637748 0.0 0.0 -0.0 -0.035544556 -0.0 0.0 -0.0 -0.0018983082 0.0 0.0 0.0 0.05963014 -0.0 0.0 -0.0 -0.0 -0.0 0.0 -0.0 -0.0 0.051405814 -0.064988844 -0.0 -0.09225501 0.0 -0.06428532 0.0 0.0 -0.0 0.0 0.0 0.17348595 0.0 -0.085321404 -0.0 0.029728815 0.0 -0.07348506 -0.041236483 -0.07642043 0.05168216 -0.0 0.46994543 -0.03510017 0.0 -0.0 0.0 -0.0287861 0.0 -0.24301702
-0.0 -0.060532633 -0.23165372 0.032911036 -0.1276486 0.015095252 0.07262432 -0.0 0.0 0.16918115 0.0 -0.07740726 0.19091323 0.0 0.0 0.0 -0.0 0.082920365 -0.0 -0.116448134 -0.0 -0.0 0.0 -0.0 -0.0 0.14092532 0.0 0.0 0.0 -0.0 -0.0 -0.0 0.0 0.05757304 -0.37242553 -0.09941386 0.0 0.0 -0.0 -0.07638026 0.031610038 0.0 0.0 0.031870134 -0.0 0.009012164 0.03248162 0.16866268 0.0 0.047662023 0.07320178 0.051863123 -0.06382906 -0.045497973 -0.0752065 0.021624453 -0.01001653 0.0 -0.02949209 -0.0 0.0 -0.043682292 0.0 -0.12868354
0.0 -0.012433695 -0.09309115 0.011873691 0.03582094 -0.0 0.0 0.0 -0.008315969 -0.050695308 -0.055956356 0.04707037 0.05973558 -0.0 -0.0 -0.0 -0.0 -0.08287561 0.048310667 -0.0 0.0 -0.071093336 -0.021475626 0.0 -0.0 -0.07388673 0.0 0.0 0.062216483 -0.0 -0.0099423835 -0.0 0.0 -0.015051234 -0.08195263 0.05087978 0.0 0.025252178 0.0 0.0 -0.0 -0.0 -0.0 -0.011871966 -0.0 -0.027314635 -0.012701027 0.08494697 -0.02269114 0.0 0.07540094 -0.0 -0.10802611 -0.0 -0.057999063 -0.0 -0.0 0.009908559 0.0 0.0 0.0 -0.0 0.0 -0.0
0.0 0.0 -0.0 0.0 -0.0 -0.0 0.0 0.0 -0.03371324 -0.0 -0.053162586 0.027506823 0.031014342 -0.05340879 -0.0 -0.0 0.0 -0.0391248 0.0 -0.006946967 0.0 0.035264865 0.21377589 0.0 -0.0 -0.06502724 -0.0 -0.0 0.038528237 -0.0 0.12584925 -0.0 0.0808057 -0.0 0.04932101 -0.0 -0.0 -0.0 0.24754846 -0.0 0.0 -0.20092826 -0.0 -0.0 0.0 0.0 -0.0 0.0 -0.0 -0.0 0.0 0.061258737 -0.28047636 0.0 0.0 0.2876597 -0.0 -0.0 -0.0 -0.0 -0.5520277 -0.0 0.0 0.013173022
-0.0 -0.2740175 0.09408364 0.08211322 0.26704744 -0.14546983 0.01013406 0.0 0.4466701 0.2979642 0.061697792 -0.16552718 0.034262236 0.23311001 -0.0 -0.0 -0.0 0.04851145 -0.121765666 0.12591128 -0.0 0.0 0.0 -0.0 0.0 -0.50704414 -0.0 0.0 -0.0 0.0 0.0 0.0 0.0 -0.012590783 -0.0042033102 -0.37111178 0.0 0.0 -0.0 -0.08651549 0.0 0.0 -0.0 -0.0 0.0 0.088223964 0.0 -0.0 0.0 0.31906438 -0.047186002 -0.04421564 0.0 0.017478714 -0.18982583 -0.0 -0.0 0.009450111 0.41338724 0.0 0.0 0.43512246 -0.0 0.062681355
0.0 -0.018136077 0.016222836 -0.018979626 -0.020058736 -0.0 0.0 -0.0 0.031275827 -0.0 0.03653217 0.021254407 0.0 -0.020792542 -0.0 0.0 0.0 -0.0 0.0 -0.03664408 -0.0 -0.020035816 -0.0 0.0 0.0 -0.03489873 0.013746111 0.0 -0.0 -0.0 0.0 0.0 0.0 0.0 0.0 -0.0 -0.0 -0.0 -0.0 -0.0 0.018788595 0.30721104 -0.0 0.0 0.0 -0.022955328 0.0 0.0 -0.0 0.0 -0.018896895 -0.0050432095 0.038268913 0.0 0.0 0.010670364 0.0 -0.0 0.0 0.0 -0.0 -0.0 -0.0 0.02108685
0.0 0.0 -0.12311533 -0.0 -0.102905646 -0.019965744 0.0 0.0 0.07848876 0.0 0.118558675 -0.0 0.0976182 0.08619506 -0.0 0.0 -0.0 0.32920226 0.041235406 -0.1874481 0.0 0.25874972 -0.0 0.0 -0.0 0.023291275 0.0 0.0 -0.06655284 -0.0 -0.0 0.0 0.0 0.0 0.0679802 -0.0 -0.0 -0.027190981 0.0 -0.108433746 -0.050956164 -0.0 0.0 -0.06319002 0.0 -0.05551581 -0.044561896 0.19736776 0.0 0.069163345 -0.3366805 -0.09128543 0.06160361 0.0 -0.026908917 -0.021555517 -0.11550153 0.0 -0.19165061 -0.0 -0.065242715 -0.08346548 0.0 -0.07179757
0.0 0.25054815 0.0 -0.0 -0.0 -0.0 -0.08462014 0.0 0.0 0.036460996 -0.08285499 -0.11191758 0.0 0.0 -0.0 -0.0 -0.0 0.0 -0.0 0.18925472 0.0 0.11625812 -0.0 0.0 -0.0 -0.0 -0.0 -0.0 0.0 0.0 -0.0 0.0 -0.0 0.0 -0.0 0.0 0.0 -0.0 0.0 0.16077152 0.0 0.0 -0.0 0.0 0.0 -0.333397 0.0 -0.0 0.0 -0.12729117 -0.0 0.0 -0.0 0.0 0.12942715 -0.0 0.0 -0.027957758 -0.7051135 -0.0 0.0 -0.067365445 -0.0 0.0
0.0 0.0 -0.04132136 -0.15777045 -0.0 0.08677331 0.0 0.0 -0.0 -0.0 0.054737225 0.0 -0.021880394 -0.046437554 0.0 -0.0 -0.0 0.0 -0.034213215 -0.0 -0.0 -0.046453346 0.0 -0.08263735 -0.0 -0.0 -0.024763858 0.0 -0.0 -0.0 -0.016592607 -0.0 -0.030592578 0.059372053 0.0 -0.0 -0.0 -0.0 -0.035218578 0.0 0.054663714 -0.0 0.0 -0.0336213 0.0 0.012433423 0.036592837 0.033560466 -0.04534218 0.0 0.0 0.034927703 -0.09050894 0.1306106 -0.0 0.03594937 -0.016122008 -0.032890663 -0.0 -0.0 -0.015787737 -0.0 0.0 -0.067822285
0.0 -0.0 0.0 0.0 0.16814686 0.04822502 -0.027894078 0.0 -0.00920214 0.10979029 -0.03597428 -0.15875924 0.09863688 -0.0 0.0 0.0 0.0 -0.22799137 -0.017013006 -0.0 0.0 -0.12551449 -0.0 0.022628117 0.0 0.04260866 0.014682426 0.0 -0.0 0.0 -0.0 0.0 -0.0 -0.0 -0.08319247 -0.020936348 -0.0 0.028655829 0.0 0.014308342 0.02982708 0.01625836 0.0 0.008084225 0.0 0.050673176 0.0014569415 -0.034573995 -0.0 -0.04245015 0.117167905 -0.058348246 -0.0 -0.0 0.15252757 0.0 -0.04413971 0.029958358 0.095343426 -0.0 -0.036138423 -0.0 -0.0 -0.0
0.0 -0.0 -0.048410032 0.0 0.0 -0.0 -0.0 -0.0 -0.0 -0.011795488 -0.139217 -0.0 0.04813334 -0.0 -0.0 -0.0 0.0 -0.033527553 0.043611098 0.023323612 0.0 -0.034189407 -0.02055993 0.011851939 -0.0 -0.030403627 -0.034158293 0.0 0.043769658 -0.0 -0.0 -0.0 0.0 0.028423727 -0.07048187 0.019017857 0.0 0.061895076 -0.01744159 0.02123091 0.024558041 -0.022311596 0.0 0.018075144 -0.0 -0.08131805 0.023943713 0.034261454 -0.017660912 0.0 0.04836784 0.014004803 -0.11759016 -0.0 -0.08203181 0.022070883 0.07889828 0.0 0.027908536 -0.0 -0.045145184 0.0 -0.0 0.0
-0.0 0.0 -0.0 0.0 -0.0 0.0 0.0 -0.0 0.0 0.0 0.0 0.0 -0.0 -0.0 0.0 -0.0 -0.0 0.0 0.0 0.0 0.0 0.0 0.0 -0.0 -0.0 0.0 0.0 -0.0 0.0 -0.0 0.0 -0.0 0.0 -0.0 -0.0 0.0 0.0 -0.0 0.0 -0.0 -0.0 0.0 -0.0 0.0 -0.0 -0.0 0.0 0.0 0.0 -0.0 0.0 -0.0 0.0 -0.0 -0.0 -0.0 0.0 0.0 -0.0 -0.0 0.0 0.0 -0.0 0.0
-0.0 -0.0 0.0 0.0 0.0 0.0 0.0 0.0 0.0 0.0 -0.0 0.0 0.0 0.0 -0.0 0.0 -0.0 -0.0 -0.0 0.0 0.0 0.0 0.0 0.0 0.0 0.0 -0.0 -0.0 0.0 0.0 -0.0 0.0 -0.0 0.0 -0.0 0.0 0.0 -0.0 0.0 0.0 -0.0 0.0 0.0 -0.0 -0.0 0.0 -0.0 -0.0 0.0 -0.0 0.0 -0.0 0.0 0.0 0.0 -0.0 -0.0 0.0 -0.0 0.0 -0.0 -0.0 -0.0 -0.0
-0.0 -0.0 0.13652816 0.0 0.0 -0.5129696 0.0 -0.0 0.0 -0.0 -0.0 0.044436224 -0.08428939 -0.07088206 0.0 0.0 -0.0 -0.0 -0.0 0.10242885 0.0 -0.0 0.0 -0.10057407 -0.0 -0.063505486 -0.0 -0.0 -0.0 -0.0 -0.0 0.0 0.0 0.07451807 -0.110521935 0.07102231 0.0 0.0 0.0 -0.0 -0.11771267 0.0 -0.0 -0.054916307 -0.0 -0.15890698 -0.13116853 -0.0 -0.0 -0.05154834 -0.0 -0.11884297 0.0 0.37786087 0.07835411 -0.04433126 -0.023412356 -0.12229979 -0.017180974 -0.0 -0.0 -0.0 0.0 -0.19734432
0.0 0.16776635 0.0 0.0 0.006074865 0.0 -0.114086784 -0.0 0.17992163 0.5035412 0.0 0.0 -0.0 -0.08064917 0.0 -0.0 0.0 -0.0 0.045177978 -0.22284055 -0.0 0.0 -0.0 0.0 0.0 0.37201878 0.0 0.0 -0.0 -0.0 0.0 -0.0 -0.0 0.14984332 0.014096389 -0.85380775 0.0 0.0 -0.0 -0.15960275 0.051632762 -0.0 0.0 0.034105495 0.0 -0.08417162 -0.0 -0.07454666 0.0 0.0 0.040190857 -0.0 0.0 0.0 0.08079176 0.0 -0.0 0.03189876 0.02720272 0.0 -0.0 -0.4739267 0.0 0.0
0.0 -0.10582195 -0.11941087 -0.0 -0.07307866 0.0 -0.03544791 -0.0 -0.37732956 0.06034535 -0.035994697 0.007163164 0.0 -0.0 -0.0 -0.0 -0.0 0.098866805 -0.0 0.29847786 -0.0 -0.08311804 -0.0 0.0 -0.0 0.09071789 -0.0 -0.0 0.0 0.0 -0.0 0.0 -0.0 0.0 -0.042835277 -0.07965985 0.0 -0.07442752 0.0 -0.12434046 0.0 -0.0 0.0 0.0 -0.0 -0.1375477 -0.0 -0.0 0.0 -0.24343775 -0.0 -0.07846547 -0.0 -0.0 0.0 0.0 -0.10496237 0.0 -0.493602 -0.0 -0.0064972057 0.023483476 0.0 -0.035463516
0.0 0.0 -0.0 -0.0 -0.0 0.0 0.0 -0.0 -0.0 0.0 -0.0 -0.0 0.0 -0.0 0.0 -0.0 -0.0 0.0 0.0 -0.0 -0.0 -0.0 -0.0 -0.0 -0.0 -0.0 0.0 -0.0 -0.0 0.0 -0.0 0.0 -0.0 0.0 0.0 -0.0 0.0 0.0 -0.0 0.0 0.0 -0.0 0.0 -0.0 0.0 0.0 0.0 -0.0 -0.0 0.0 -0.0 0.0 -0.0 0.0 0.0 0.0 -0.0 -0.0 0.0 -0.0 -0.0 -0.0 0.0 0.0
-0.0 -0.0 0.11063517 0.041942686 0.0 -0.04487312 0.11056522 0.0 -0.0 0.0 0.0963563 0.0 -0.20202231 -0.25352043 -0.0 -0.0 0.0 0.0 -0.052005075 0.086470194 0.0 -0.12141062 0.034508333 0.07607884 -0.0 0.0 -0.0 -0.0 0.0 0.0 0.0 -0.0 0.03477434 -0.0 -0.05142561 -0.0 0.0 -0.034761332 0.0 -0.05873495 -0.08062449 0.0 -0.0 -0.13261245 -0.0 -0.0784925 -0.07997787 0.10432643 0.0 -0.031026995 -0.05715093 0.19689892 -0.043276917 0.629005 -0.0 -0.0 -0.122042775 0.17443083 0.0 0.0 0.0 -0.0 0.0 0.0
