56 56 64 256 1 0 1 1
-0.0 0.0 0.0 0.0 -0.0 -0.0 -0.0 0.0 0.0 -0.0 0.13242117 -0.0 -0.0 -0.34265223 0.2338603 0.10450212 0.18264897 -0.0 0.0 0.0 -0.0 0.0 0.0 -0.0 -0.0 -0.0 0.0 0.0 -0.0 -0.0 0.16913551 -0.0 -0.0 0.18909399 0.0 0.0 -0.0 0.0 0.0 -0.0 0.0 0.18643717 -0.0 0.0 0.0 0.0 -0.0 -0.0 -0.0 -0.0 0.0 0.0 -0.0 0.0 0.0 -0.0 0.0 -0.0 -0.32325137 0.0 -0.0 0.0 -0.27378505 0.0
0.0 0.0 0.0 0.0 -0.0 -0.0 -0.0 0.0 -0.0 0.0 -0.0 0.0 -0.0 0.0 -0.0 0.0 -0.0 0.0 50.273922 -0.0 0.0 0.0 0.0 0.0 -0.0 0.0 -0.0 -0.0 -0.0 -0.0 0.0 0.0 0.0 -0.0 0.0 0.0 0.0 0.0 -0.0 -0.0 0.0 -0.0 0.0 0.0 -0.0 57.632954 -0.0 0.0 -0.0 0.0 0.0 0.0 -0.0 -0.0 0.0 0.0 0.0 0.0 0.0 0.0 -0.0 0.0 0.0 0.0
0.0 -0.0 -0.0 -0.0 0.0 0.0 -0.0 -0.0 -0.0 -0.0 0.0 -0.0 -0.0 -0.0 0.0 -0.0 -0.0 -0.0 -0.0 0.0 -0.0 0.0 -0.0 -0.0 -0.0 -0.0 -0.0 -0.0 -0.0 -0.0 0.0 -0.0 0.0 -0.0 -0.0 0.0 0.0 0.0 0.0 -0.0 0.0 -0.0 -0.0 -0.0 -0.0 -0.0 0.0 -0.0 0.0 -0.0 -0.0 -0.0 -0.0 -0.0 0.0 -0.0 -0.0 -0.0 -0.0 -0.0 -0.0 0.0 -0.0 -0.0
0.3541546 0.0 0.0 -0.0 -0.0 0.0 0.0 0.0 0.0 0.0 0.0 -0.0 -0.0 0.0 0.0 0.0 0.0 -0.0 -0.0 0.0 0.0 -0.0 0.0 0.0 0.0 0.0 -0.0 0.0 0.0 0.0 0.0 0.0 0.0 0.0 0.0 0.0 0.0 -0.0 0.0 -0.0 -0.0 0.0 0.0 -0.0 -0.0 -0.0 -0.0 0.0 0.0 0.0 0.0 -0.0 0.0 0.0 0.0 0.0 -0.0 0.0 0.0 0.0 0.0 0.0 0.0 -0.0
0.0 0.0 -0.0 0.0 -0.0 -0.0 -0.0 -0.0 -0.0 -0.0 -0.0 -0.0 0.0 -0.0 -0.0 -0.0 -0.0 -0.0 -0.0 -0.0 0.0 -0.0 -0.0 -0.0 -0.0 -0.0 -0.0 -0.0 0.0 -0.0 0.0 0.0 0.0 -0.0 0.0 0.0 -0.0 0.0 0.0 -0.0 0.0 -0.0 0.0 -0.0 -0.0 -0.0 -0.0 -0.0 0.0 -0.0 0.0 -0.0 -0.0 -0.0 0.0 0.0 -0.0 -0.0 0.0 -0.0 -0.0 0.0 0.0 -0.0
-0.0 0.0 -0.0 -0.0 0.0 -0.0 -0.0 -0.0 -0.0 -0.0 -0.0 0.0 0.0 0.0 -0.0 -0.0 -0.0 0.0 0.0 -0.0 -0.0 -0.0 0.0 -0.0 -0.0 0.0 0.0 -0.0 0.0 0.0 -0.2221508 -0.0 -0.0 -0.0 0.0 -0.0 -0.0 -0.0 -0.0 0.0 -0.0 0.0 0.0 0.0 -0.0 0.0 0.0 -0.0 0.0 0.0 -0.0 0.0 -0.0 -0.0 0.0 -0.28860512 0.0 0.0 0.0 -0.0 -0.19504857 -0.0 -0.0 0.0
-0.0 0.0 0.0 -0.0 0.0 -0.0 0.0 0.0 0.0 -0.0 0.0 -0.12971717 -0.0 0.0 -0.0 0.0 -0.0 0.0 -0.0 0.0 -0.0 -0.0 0.0 -0.0 -0.0 0.0 -0.0 -0.0 -0.0 -0.0 -0.3096905 0.0 -0.0 -0.0 0.0 -0.0 -0.0 -0.0 0.0 -0.38499644 0.0 0.0 0.0 0.0 0.0 -0.0 -0.0 -0.0 -0.0 0.0 -0.0 0.0 0.0 0.0 -0.0 -0.0 0.0 -0.0 -0.0 -0.0 0.0 -0.0 -0.0 -0.0
0.07212326 -0.0 0.0 -0.0 -0.0 -0.0 -0.0 -0.09143383 0.0 0.0 -0.0 0.0 0.0 -0.24137112 -0.0 -0.0 0.0 -0.0 0.0 0.0 0.0 0.0 0.0 0.0 -0.0 -0.0 -0.0 -0.34298825 -0.0 -0.0 0.18321271 0.0 0.0 0.0 0.0 0.0 -0.0 0.0 -0.0 -0.0 0.0 0.0 0.0 0.0 0.0 -0.0 0.0 -0.0 0.0 0.0 -0.0 -0.0 -0.0 0.0 0.0 0.0 -0.0 -0.0 -0.0 -0.19604751 -0.0 0.0 -0.0 -0.0
0.18733352 0.0 0.0 0.0 -0.0 -0.0 -0.0 -0.0 0.0 0.0 -0.06393383 0.0 0.0 -0.23746212 -0.21281783 0.0 -0.21946715 -0.0 -0.0 -0.0 -0.0 0.0 -0.0 0.10750301 0.12441492 0.0 0.1564115 0.0 -0.16298874 -0.0 0.14118356 -0.0 0.0 -0.2501072 0.0 0.20473626 -0.0 0.0 0.0 0.07886761 -0.0 -0.0 -0.0 0.15271956 0.0 -0.0 0.0 -0.0 0.0 0.0 -0.0 0.0 0.0 0.0 0.0 0.0 -0.0 -0.0 -0.0 0.0 -0.21297164 -0.18523373 -0.0 0.184827
0.0 0.0 0.0 0.6028005 0.0 0.0 -0.0 -0.0 -0.0 0.0 0.0 0.0 -0.0 -0.0 0.0 -0.0 -0.0 0.0 -0.0 0.0 0.0 0.0 -0.0 -0.0 0.0 0.0 0.0 -0.0 -0.0 0.0 0.0 -0.0 -0.0 -0.0 0.0 0.9165729 -0.0 -0.0 0.0 0.0 0.0 -0.0 0.0 0.0 -0.0 -0.0 0.0 0.0 0.0 0.0 0.0 0.0 0.0 -0.0 0.0 0.0 0.0 0.0 0.0 0.0 0.0 0.0 0.0 -0.0
-0.0 -0.0 -0.16356143 -0.0 0.0 -0.09250978 -0.0 0.0 0.11463008 -0.0 -0.0 -0.0 -0.0 0.23608206 0.0 0.2257142 -0.0 -0.0 -0.0 -0.0 -0.0 -0.0 -0.25468403 0.0 0.0 0.0 -0.0 0.0 0.17247806 -0.0 -0.21449223 -0.0 -0.0 -0.0 -0.19135442 -0.0 -0.0 -0.0 -0.0 -0.0 -0.0 0.0 -0.0 -0.0 0.16658631 -0.0 0.0 0.0 -0.19595967 0.0 -0.12919681 0.0 -0.0 0.0 -0.0 0.0 -0.0 -0.0 0.0 0.0 0.0 -0.0 0.06539589 -0.07333083
-0.0 0.0 -0.0 0.0 0.0 -0.0 -0.0 -0.0 -0.0 -0.0 -0.0 -0.0 -0.0 0.0 -0.0 -0.0 -0.0 -0.0 -0.0 0.0 0.0 -0.0 -0.0 -0.0 -0.0 -0.0 0.0 -0.0 0.0 0.0 -0.0 -0.0 0.0 -0.0 -0.70972055 -0.0 -0.0 -0.0 0.0 -0.0 -0.0 -0.0 -0.0 -0.0 -0.0 -0.0 -0.0 -0.0 -0.0 -0.0 -0.0 -0.0 0.0 -0.0 -0.0 -0.0 0.0 -0.0 -0.0 -0.0 -0.0 -0.0 -0.0 -0.0
0.0 -0.0 0.0 -0.0 0.0 0.0 0.0 -0.0 0.0 0.0 0.0 0.0 0.0 0.0 0.0 0.0 0.0 -0.0 0.0 0.0 -0.0 0.0 -0.0 0.0 0.0 -0.0 0.0 0.0 0.0 -0.0 -0.0 -0.0 0.0 0.0 -0.31196672 -0.0 0.0 -0.0 0.0 0.0 0.0 0.0 0.0 0.0 0.0 -0.0 -0.0 0.0 0.0 -0.0 -0.0 -0.0 0.0 -0.0 -0.0 0.0 -0.0 0.1955816 -0.0 0.0 0.0 0.0 -0.0 -0.0
-0.0 -0.0 -0.0 -0.0 0.0 0.0 -0.0 -0.0 -0.0 -0.0 0.0 0.0 -0.0 0.0 0.0 0.0 -0.0 -0.0 -0.0 -0.0 -0.0 -0.0 -0.0 -0.0 -0.0 0.0 0.0 0.0 0.0 0.0 -0.0 -0.0 -0.0 -0.0 -0.0 -0.0 0.0 -0.0 -0.0 -0.0 -0.0 -0.0 0.0 -0.0 -0.0 -0.0 -0.0 0.0 0.0 0.0 -0.0 -0.0 -0.0 -0.0 0.0 -0.73069036 -0.0 0.0 -0.0 0.0 -0.0 0.0 -0.0 0.0
0.0 -0.0 0.0 -0.0 -0.0 0.0 0.0 0.0 0.0 -0.0 0.0 -0.0 -0.0 0.0 0.0 -0.0 -0.0 0.0 -0.0 0.0 -0.0 0.0 -0.0 -0.0 0.0 0.0 -0.0 0.0 -0.0 -0.0 0.0 0.0 0.0 -0.0 0.0 0.0 -0.0 -0.0 0.0 0.0 0.0 -0.0 0.0 -0.0 -0.0 -0.0 0.0 0.0 0.0 0.0 -0.0 -0.0 0.0 0.0 0.0 0.0 0.0 0.0 0.0 0.0 0.0 0.0 0.0 0.0
-0.0 0.0 0.0 0.0 -0.0 0.0 0.0 0.0 0.0 0.0 0.0 -0.0 -0.0 0.0 -0.0 0.0 0.0 0.0 0.0 0.0 0.0 0.0 0.0 0.0 0.0 0.0 0.0 -0.0 0.0 0.0 -0.0 -0.0 0.0 -0.0 0.0 0.0 0.0 -0.0 -0.0 0.0 0.0 -0.0 0.0 0.0 0.0 31.633945 0.0 0.0 0.0 0.0 -0.0 0.0 -0.0 -0.0 -0.0 0.0 0.0 0.0 0.0 0.0 0.0 -0.0 0.0 0.0
0.0 0.0 -0.09508761 -0.0 -0.0 0.0 0.0 0.0 0.0 0.0 0.0 -0.0 -0.0 -0.24535747 0.0 0.0 0.0 -0.0 -0.0 0.06349769 -0.0 -0.0 -0.0 0.0 -0.0 0.0 0.0 0.0 -0.0 0.0 0.19406782 0.0 0.0 -0.0 -0.17902705 0.0 -0.0 0.0 0.0 0.1490491 -0.0 0.0 -0.0 0.0 0.0 -0.0 -0.0 -0.0 -0.0 -0.0 -0.0 -0.0 0.18693657 0.0 0.0 -0.0 -0.0 -0.12888506 -0.0 0.1535642 -0.11529333 -0.0 -0.0 -0.0
0.0 -0.0 0.17151916 -0.0 -0.0 -0.0 0.0 0.0 0.0 -0.0 0.0 -0.0 -0.0 -0.22225194 -0.0 0.0 -0.0 -0.0 -0.0 0.0 0.14074738 0.0 -0.0 0.0 0.0 -0.092461586 0.0 -0.0 -0.0 -0.0 0.21656874 -0.35695547 0.0 -0.0 -0.13566291 0.16017184 0.0 0.0 0.0 0.0 0.0 0.0 -0.0 -0.0 -0.0 -0.0 0.0 -0.0 0.0 0.0 -0.0 0.0 -0.105331674 0.0 0.0 -0.0 -0.0 0.0 -0.0 0.0 0.0 0.0 0.11801634 0.0
-0.0 0.0 0.0 -0.0 -0.0 0.0 -0.0 -0.0 0.0 -0.0 0.0 0.0 -0.0 0.0 -0.0 -0.0 0.0 0.0 0.0 0.0 -0.0 0.0 -0.0 -0.0 0.0 -0.0 0.0 -0.0 0.0 -0.0 -0.0 -0.0 0.0 -0.0 -0.0 -0.0 -0.0 -0.0 0.0 -0.0 0.0 0.0 -0.0 -0.0 0.0 0.0 0.0 -0.0 0.0 -0.0 0.0 0.0 0.0 0.0 -0.0 0.0 0.0 0.0 -0.0 -0.0 0.0 -0.0 0.0 0.0
0.0 -0.0 0.0 0.0 0.0 0.0 0.0 0.0 -0.0 -0.0 0.0 -0.0 -0.0 0.0 -0.0 -0.0 0.0 0.0 0.0 -0.0 0.0 0.0 0.0 -0.0 -0.0 -0.17042623 0.0 0.0 -0.0 -0.0 0.17755206 0.0 0.0 0.0 -0.0 0.27998844 -0.0 0.0 -0.0 -0.0 0.0 -0.0 -0.1443949 0.0 -0.0 -0.0 0.0 0.0 -0.0 -0.19780211 -0.0 0.0 -0.0 -0.0 -0.12212026 -0.0 -0.0 -0.0 0.0 -0.0 0.0 0.0 0.0 0.13265577
0.086490795 0.0 0.0 -0.0 -0.0 -0.30046868 -0.20754418 0.0 0.0 0.0 -0.0 0.0 0.0 -0.21044903 0.0 0.0789478 -0.0 -0.0 0.0 0.0 0.0 0.0 -0.17023939 -0.0 -0.0 -0.0 0.0 0.0 -0.0 -0.0 0.30083838 0.0 0.0 0.0 0.0 0.19653052 -0.0 0.0 0.0 0.0 0.0 0.12963197 0.0 0.17941356 0.0 -0.0 0.0 -0.0 0.0 0.0 -0.088731974 -0.0 -0.0 -0.16839822 0.0 0.0 -0.0 0.0 -0.0 0.0 -0.0 0.0 -0.0 -0.0
-0.0 0.0 -0.0 0.0 -0.0 -0.28323427 -0.32128176 0.0 0.0 0.0 -0.0 -0.0 0.0 0.45576575 -0.0 0.0 -0.0 0.0 -0.0 0.16142373 0.0 0.0 -0.33870557 -0.0 -0.0 -0.0 0.0 0.0 0.0 -0.0 -0.17055026 -0.0 0.0 0.0 -0.0 -0.0 -0.4385115 -0.0 0.0 -0.0 0.0 0.0 -0.0 0.0 0.0 0.0 0.0 -0.0 -0.0 0.0 -0.19536456 0.0 -0.0 -0.22445707 -0.0 0.0 0.0 -0.0 0.0 0.0 0.0 -0.0 0.0 -0.0
-0.0 0.0 -0.0 0.0 0.0 0.0 0.0 -0.0 -0.1330972 0.0 -0.3030725 0.0 0.0 0.45034727 -0.0 -0.2686012 -0.16043667 0.0 0.0 -0.0 0.0 0.0 -0.0 -0.0 -0.0 0.0 -0.0 -0.0 0.17669545 0.0 -0.2184735 0.0 0.0 -0.19156553 -0.0 -0.0 0.0 -0.0 0.0 0.0 0.0 -0.2846566 0.0 -0.38040715 -0.28628343 0.0 -0.0 0.0 0.0 0.0 0.0 -0.0 -0.0 0.0 0.0 0.0 0.0 0.0 0.39816606 -0.0 0.0 0.0 0.4275627 -0.0
-0.18885118 -0.0 0.0 -0.0 0.0 0.0 0.0 -0.0 -0.0 -0.0 0.0 -0.0 -0.0 -0.35183 -0.0 -0.32935378 0.0 -0.0 -0.0 0.0 -0.0 -0.098631434 -0.0 0.093146764 0.4706168 -0.0 0.0 0.0 0.0 0.0 0.23252693 -0.0 -0.0 0.248379 -0.0 -0.0 0.0 0.0 -0.0 0.0 -0.0 0.0 0.0 0.4384942 -0.35354853 0.0 0.0 -0.0 0.29017383 0.0 -0.0 -0.0 0.0 -0.3457328 0.16784468 0.0 -0.0 -0.0 -0.0 -0.0 0.0 0.0 -0.0 -0.21049942
-0.0 -0.0 -0.0 0.0 0.0 -0.0 -0.0 -0.0 0.0 0.0 -0.0 0.0 0.0 0.32612878 -0.0 -0.0 0.0 0.0 0.0 -0.0 -0.0 0.0 -0.0 0.0 0.0 0.0 -0.0 0.0 -0.0 0.0 -0.16332224 -0.0 -0.0 -0.0 0.0 -0.0 -0.0 -0.0 -0.0 -0.0 -0.0 -0.0 0.0 -0.0 0.0 0.0 -0.0 -0.0 -0.0 0.0 -0.0 0.0 0.0 -0.0 -0.0 -0.0 0.0 -0.15592837 -0.27328554 0.0 0.0 -0.0 0.0 -0.0
-0.0 0.0 -0.0 -0.0 -0.0 -0.0 -0.0 0.0 -0.0 -0.0 -0.0 0.0 -0.0 0.0 -0.0 -0.0 -0.0 0.0 0.0 0.0 -0.0 0.0 0.0 -0.0 -0.0 0.0 0.0 -0.0 0.0 -0.0 -0.0 -0.0 -0.0 0.0 -0.0 -0.0 -0.0 0.0 -0.0 -0.0 -0.0 -0.0 0.0 -0.0 -0.0 0.0 0.0 0.0 -0.0 0.0 -0.0 0.0 0.0 -0.0 -0.0 -0.0 0.0 0.0 0.0 -0.0 -0.0 -0.0 0.0 -0.0
0.0 -0.0 0.0 0.0 -0.0 -0.0 -0.0 -0.0 0.0 -0.36054716 -0.0 0.0 -0.0 -0.10680846 -0.0 0.0 0.0 0.0 0.0 -0.0 0.0 -0.0 -0.0 -0.0 -0.0 -0.0 -0.0 0.0 -0.0 0.0 0.29044807 -0.0 -0.3722039 0.0 0.0 0.04880638 0.0 0.0 0.32720846 0.0 -0.0 -0.0 -0.0 0.0 0.0 -0.0 -0.0 -0.0 -0.0 0.0 0.0 -0.0 0.0 0.0 0.0 0.0 0.0 -0.0 -0.0 0.0 0.0 0.0 -0.0 0.0
0.0 0.0 0.0 0.0 0.0 -0.0 0.0 0.0 -0.0 0.0 -0.0 -0.0 0.0 0.0 0.0 0.0 0.0 0.0 0.0 -0.0 0.0 0.0 0.0 0.0 -0.0 0.0 -0.0 0.0 0.0 0.0 0.0 0.0 -0.0 0.0 -0.0 0.0 0.0 0.0 -0.0 -0.0 0.0 -0.0 -0.0 0.0 -0.0 0.0 0.0 0.0 0.0 0.0 0.0 0.0 0.0 0.0 0.0 0.0 0.0 0.0 0.0 0.0 0.0 0.0 -0.0 0.0
0.0 -0.0 0.0 0.0 0.0 -0.0 0.0 -0.0 -0.0 0.0 0.0 -0.0 -0.0 -0.0 0.0 -0.0 -0.0 -0.0 -0.0 -0.0 -0.0 0.0 -0.0 -0.0 0.0 0.0 -0.0 -0.0 -0.0 -0.0 0.0 0.0 -0.0 -0.0 -0.0 0.0 0.0 0.0 -0.0 -0.0 0.0 -0.0 -0.0 -0.0 0.0 -0.0 -0.0 0.0 -0.0 -0.0 0.0 -0.0 0.0 -0.0 0.0 -0.0 -0.0 -0.0 -0.0 0.0 0.0 0.0 0.0 -0.0
-0.0 0.0 0.0 -0.0 -0.0 -0.0 0.0 -0.0 0.0 -0.0 0.0 -0.0 -0.0 0.42326555 0.0 0.0 -0.0 0.0 -0.0 -0.0 0.0 0.0 0.0 -0.0 -0.0 -0.0 0.0 -0.0 0.0 0.0 -0.39976844 -0.0 -0.0 -0.0 0.0 -0.0 -0.0 -0.0 0.0 0.39092022 -0.0 0.0 0.0 0.0 0.0 0.0 0.0 -0.0 0.0 0.0 -0.0 0.0 -0.48199642 0.0 -0.0 0.0 0.0 0.0 0.0 -0.0 0.0 -0.0 -0.0 0.0
-0.0 0.0 0.0 -0.0 -0.0 0.0 -0.0 0.0 -0.0 0.0 0.0 0.0 0.0 0.20138459 0.0 -0.0 0.0 0.0 0.0 -0.0 0.0 -0.0 0.0 -0.0 -0.0 -0.0 0.0 0.0 0.20308362 -0.0 -0.14943779 0.0 0.0 0.0 -0.0 -0.0 -0.0 -0.0 0.0 -0.0 -0.0 0.0 -0.0 0.0 -0.0 0.0 -0.0 0.0 -0.0 -0.0 -0.0 0.0 -0.0 -0.07735708 -0.0 -0.0 0.0 -0.0 0.0 0.0 0.21033843 0.0 0.0 0.0
-0.0 0.16357802 0.0 -0.0 0.0 -0.0 0.0 0.0 -0.0 0.0914313 0.0 0.05216573 0.0 -0.0 -0.0 -0.0 0.0 -0.0 -0.0 0.0 0.0 0.0 -0.0 -0.0 -0.0 0.0 -0.0 0.13090374 -0.0 0.0 0.0 0.0 0.21943913 -0.0 0.0 -0.0 -0.0 0.0 0.30683905 0.093135215 0.0 0.0 -0.0 0.0 0.0 -0.0 0.0 0.0 -0.0 -0.0 -0.0 0.0 0.10617075 -0.0 0.0 -0.0 0.0 -0.0 -0.0 0.07909355 -0.0 -0.0 -0.0 -0.0
0.0 0.0 0.0 -0.0 0.0 0.13473782 0.0 0.0 -0.0 0.0 -0.0 0.0 0.0 -0.21187668 -0.19110207 -0.0 -0.0 -0.0 -0.0 -0.0 -0.0 0.0 0.0 -0.0 0.0 0.0 -0.0 -0.0 -0.0 -0.0 0.22025211 0.0 0.0 -0.0 0.0 0.0 0.0 0.0 0.0 -0.0 -0.0 -0.0 -0.0 -0.1571377 -0.115081064 -0.0 -0.0 0.0 -0.0 -0.0 0.0 0.0 -0.0 0.0 0.0 0.0 -0.0 -0.0 -0.0 -0.0 -0.0 -0.0 0.0 -0.0
-0.0 0.0 0.0 -0.0 -0.0 0.0 0.0 -0.0 0.0 0.0 0.0 0.0 0.0 0.19710322 0.0 -0.0 0.0 0.0 0.0 0.0 -0.0 -0.0 0.0 0.0 0.13942488 -0.0 0.0 -0.0 0.0 -0.0 -0.20126069 -0.0 0.0 0.0 0.0 -0.0 0.0 -0.0 -0.0 0.0 -0.0 0.0 0.0 0.0 0.0 0.0 0.0 -0.0 0.0 -0.0 -0.0 0.0 0.0 0.0 -0.0 -0.0 0.0 0.0 0.0 -0.0 -0.0 -0.17752184 0.0 -0.0
0.0 0.0 0.3115566 -0.0 -0.0 0.0 -0.0 0.0 -0.0 0.0 0.0 -0.0 0.0 -0.22478686 -0.0 -0.0 0.0 -0.0 -0.0 -0.0 0.0 0.0 0.22197922 -0.16646256 -0.0 -0.0 0.0 -0.0 -0.0 -0.0 0.23311196 0.0 0.0 -0.0 0.0 0.0 -0.0 0.0 0.0 0.0 0.0 -0.0 0.0 0.0 -0.0 -0.0 -0.0 -0.0 0.0 -0.22248016 0.0 -0.09909505 0.0 -0.0 -0.0 0.0 -0.0 -0.2776633 0.0 -0.0 0.0 0.0 0.0 0.0
-0.0 -0.0 0.0 -0.0 0.0 0.0 0.0 0.0 0.0 -0.0 -0.0 0.0 -0.0 0.0 -0.0 -0.0 0.0 0.0 0.0 0.0 -0.0 0.0 -0.0 0.0 0.0 -0.0 -0.0 0.0 0.0 -0.0 -0.0 0.0 0.0 0.0 -0.0 -0.0 0.0 -0.0 -0.0 0.0 -0.0 -0.0 -0.0 -0.0 -0.0 0.0 0.0 0.0 0.0 0.0 -0.0 0.0 0.0 -0.0 -0.0 -0.0 0.0 0.0 -0.0 0.0 0.0 0.0 0.0 -0.0
-0.0 -0.0 -0.0 -0.0 0.0 0.0 -0.0 -0.0 0.0 0.0 -0.0 0.0 0.0 0.29408404 0.0 -0.0 -0.0 0.0 0.0 -0.0 -0.0 -0.0 -0.0 0.0 0.0 -0.21166025 0.0 0.0 0.0 -0.0 -0.20215249 -0.0 0.0 0.0 -0.16683036 -0.0 -0.0 -0.0 0.0 0.0 -0.0 -0.0 0.0 0.0 0.0 0.0 -0.0 -0.0 0.0 -0.0 -0.0 0.0 0.0 -0.0 0.0 -0.0 0.0 0.114916526 0.09226218 0.0 -0.22616424 -0.0 -0.0 -0.0
0.18569945 -0.0 -0.40747893 0.0 0.0 0.119214356 0.0 0.0 -0.0 0.0 0.0 0.0 0.0 -0.0 0.0 -0.0 -0.0 -0.0 0.0 -0.0 -0.0 0.0 0.19994682 0.0 0.0 0.0 -0.0 0.16762462 0.16246046 -0.0 0.39120817 -0.0 0.0 -0.0 -0.283433 0.15508376 0.0 0.0 0.0 -0.4017742 0.0 0.0 -0.21816653 -0.0 -0.0 -0.0 0.0 -0.0 -0.09149003 -0.3060574 -0.0 -0.0 -0.38676366 0.13704354 -0.0 -0.15541907 -0.0 0.0 0.0 0.15549004 0.0 0.0 0.24816468 0.0
0.0 -0.0 0.0 0.0 0.0 0.0 -0.0 0.0 -0.0 0.0 -0.0 -0.0 -0.0 -0.0 0.0 -0.0 -0.0 -0.0 0.0 0.0 -0.0 0.0 -0.0 -0.0 0.0 -0.0 -0.0 -0.0 -0.0 -0.0 0.0 -0.0 -0.0 -0.0 0.0 0.0 -0.0 0.0 -0.0 0.0 0.0 -0.0 -0.0 0.0 -0.0 0.0 0.0 -0.0 0.0 0.0 -0.0 -0.0 -0.0 -0.0 0.0 -0.0 -0.0 0.0 0.0 -0.0 -0.0 0.0 -0.0 0.0
0.0 0.0 -0.0 -0.0 0.0 0.0 0.0 0.0 -0.0 0.0 0.0 -0.24277847 -0.0 0.5549206 0.0 0.0 0.0 0.0 -0.0 -0.0 0.0 -0.0 0.0 -0.0 -0.0 0.0 -0.0 -0.0 0.0 0.0 -0.0 0.0 -0.0 -0.0 0.0 -0.0 0.0 -0.0 -0.6296161 -0.0 0.0 -0.0 0.0 -0.0 -0.0 0.17549025 0.0 0.0 0.0 0.0 -0.0 -0.0 -0.0 -0.0 -0.0 -0.0 0.0 -0.0 -0.0 0.0 -0.0 -0.0 0.0 -0.0
0.0 0.0 -0.0 0.0 0.0 -0.0 -0.0 -0.0 0.0 -0.0 0.0 0.0 0.0 0.0 -0.0 -0.0 0.0 0.0 58.537045 -0.0 -0.0 0.0 -0.0 -0.0 -0.0 -0.0 0.0 0.0 -0.0 -0.0 -0.0 -0.0 -0.0 0.0 -0.0 0.0 -0.0 0.0 0.0 -0.0 0.0 0.0 -0.0 0.0 0.0 81.68436 -0.0 0.0 -0.0 -0.0 -0.0 88.38559 0.0 -0.0 -0.0 -0.0 0.0 -0.0 -0.0 0.0 -0.0 0.0 -0.0 -0.0
-0.0 -0.2949963 0.0 -0.0 0.0 0.0 -0.0 -0.0 -0.0 -0.19259232 -0.0 -0.0 -0.0 0.16856268 0.0 -0.0 0.0 0.0 -0.0 0.0 -0.0 -0.0 0.0 -0.0 -0.0 0.0 0.0 -0.0 -0.0 -0.0 -0.19215703 0.0 -0.41654852 0.0 0.0 -0.0 0.0 -0.0 -0.23577523 -0.0 -0.0 -0.0 0.0 -0.0 -0.0 -0.0 0.0 -0.0 0.0 0.0 0.0 -0.0 -0.0 0.0 -0.0 0.0 -0.0 -0.0 0.0 0.0 0.0 0.0 0.0 0.0
-0.0 -0.0 0.0 0.0 -0.0 -0.0 0.0 -0.0 0.0 -0.0 0.0 0.0 -0.0 0.0 -0.0 -0.0 0.0 0.0 0.0 -0.0 0.0 0.0 -0.0 -0.0 -0.0 -0.0 0.0 -0.0 -0.0 -0.0 -0.0 0.0 -0.0 0.0 0.0 -0.0 -0.0 -0.0 0.0 -0.0 0.0 -0.0 -0.0 0.0 0.0 0.0 0.0 -0.0 -0.0 -0.0 -0.0 -0.0 -0.0 0.0 -0.0 0.0 0.0 -0.0 0.0 0.0 0.0 -0.0 -0.0 -0.0
0.16243114 0.0 -0.0 0.0 -0.0 0.0 -0.0 -0.0 0.0 0.0 0.0 -0.0 0.0 -0.18578044 -0.0 -0.0 0.10698991 -0.0 -0.0 -0.0 -0.0 0.0 0.0 -0.0 0.0 0.0 0.0 -0.0 -0.21401538 0.0 0.171202 0.0 0.0 0.17225638 0.0 0.11323541 -0.0 0.0 0.0 -0.0 -0.0 -0.15658176 -0.0 -0.0 0.0 -0.0 -0.0 -0.0 -0.0 0.0 0.0 -0.0 -0.0 -0.0 0.0 -0.112782896 -0.0 0.0 0.0 -0.0 -0.0 0.0 0.0 0.10190532
-0.1709271 0.0 0.0 0.0 -0.0 -0.0 0.0 0.0 0.22021663 0.0 -0.0 0.0 0.0 0.47459835 -0.10541156 -0.36096218 0.20983653 0.0 0.0 -0.0 0.0 -0.0 -0.23230314 0.22627269 0.23596233 -0.16638122 -0.18500125 -0.0 0.0 -0.09874556 -0.37473592 0.23831846 -0.0 0.13267829 -0.0 -0.110986724 -0.0 -0.0 0.0 -0.0 0.0 -0.3683709 -0.17058496 -0.24311142 0.3097802 0.0 0.12935318 -0.0 -0.21742065 0.0 0.0 0.0 -0.0 0.0 -0.15619537 0.21987282 0.0 -0.0 0.0 -0.0 0.0 0.0 0.0 -0.25687376
-0.0 -0.0 0.0 -0.0 0.0 0.0 -0.0 -0.0 -0.0 0.0 -0.0 -0.0 0.0 0.0 -0.0 0.0 -0.0 0.0 -0.0 -0.0 0.0 0.0 -0.0 -0.0 -0.0 0.0 -0.0 0.0 0.0 0.0 -0.18728201 0.0 0.0 -0.0 0.0 -0.0 0.0 -0.0 0.0 -0.0 0.0 0.0 0.0 -0.0 -0.0 -0.0 -0.0 -0.0 0.0 0.0 0.0 -0.0 0.0 -0.0 -0.0 0.0 0.0 0.0 0.0 -0.0 0.0 -0.0 -0.0 -0.0
0.0 0.26115605 0.0 0.0 0.0 -0.0 -0.0 0.0 -0.0 0.49576193 0.0 -0.0 0.15161842 -0.0 -0.0 -0.0 -0.0 0.0 -0.0 0.0 -0.0 -0.0 0.0 0.0 -0.0 -0.0 -0.0 -0.0 -0.0 0.0 0.19791466 -0.0 -0.0 0.0 0.0 0.0 0.0 0.0 -0.4576138 -0.0 -0.0 0.0 -0.0 -0.0 0.0 0.0 0.0 0.0 -0.0 0.0 0.0 -0.0 0.0 0.0 0.0 -0.0 -0.0 0.0 0.0 0.0 -0.0 -0.0 0.0 0.0
1.991459 -0.0 -0.0 0.0 -0.0 -0.0 -0.0 -0.0 0.0 0.0 0.0 0.0 -0.0 0.0 -0.0 0.0 -0.0 -0.26640552 -0.0 0.0 0.0 -0.0 -0.0 -0.0 -0.0 -0.0 -0.0 0.0 0.0 -0.0 -1.8370389 0.0 -0.0 0.0 -0.0 1.6612349 0.0 -0.0 -0.0 0.0 0.0 -0.0 -0.0 -0.0 0.0 -0.31449562 -0.0 -0.0 -0.0 -0.0 -0.0 -0.0 0.0 0.0 -0.0 -0.0 -0.0 -0.0 -0.0 -0.0 -0.0 -0.0 -0.0 0.0
0.0 -0.50343513 0.0 0.0 0.0 0.0 0.0 -0.0 -0.0 -0.0 0.0 0.0 -0.0 -0.0 -0.0 0.0 0.0 0.0 -0.0 0.0 -0.0 0.25432017 0.0 0.0 0.0 -0.0 0.0 -0.0 -0.0 -0.0 0.42442125 -0.0 0.0 0.0 -0.0 0.0 0.0 0.0 0.0 -0.0 0.32658198 0.0 0.0 0.0 -0.0 -0.0 0.0 0.0 0.0 -0.0 0.0 -0.0 -0.0 0.0 0.0 0.0 0.0 0.0 0.0 -0.0 0.0 0.0 0.0 0.0
0.0 -0.0 -0.24450277 -0.0 0.0 -0.0 -0.0 -0.20188922 0.16236985 -0.0 0.23629634 -0.0 -0.0 -0.0 -0.0 -0.22741824 0.0 -0.0 -0.0 0.0 -0.25905812 -0.0 0.0 -0.0 -0.0 0.22308913 -0.0 -0.0 -0.22249192 0.18658115 0.35532123 -0.22881502 0.0 0.0 0.0 0.21940002 -0.0 0.0 -0.0 0.0 -0.0 -0.0 0.19864593 -0.1210622 0.25234064 0.0 0.0 0.0 0.0 -0.10557016 0.0 -0.0 0.0 -0.0 0.2448792 -0.4830603 -0.0 0.25357902 0.0 -0.0 -0.34931788 -0.17687194 -0.0 0.0
-0.0 0.0 -0.0 -0.0 0.0 0.0 0.0 -0.0 0.0 -0.0 0.0 -0.0 0.0 0.0 0.0 0.0 0.0 -0.0 -0.0 0.0 0.0 -0.0 0.0 0.0 0.0 0.0 0.0 -0.0 0.0 0.0 -0.0 0.0 -0.0 0.0 0.0 -0.0 -0.0 -0.0 0.0 -0.0 -0.0 0.0 -0.0 0.0 0.0 -0.0 0.0 -0.0 -0.0 0.0 -0.0 0.0 -0.0 0.0 -0.0 0.0 0.0 -0.0 0.0 -0.0 0.0 0.0 0.0 -0.0
-0.0 -0.0 -0.0 -0.0 -0.0 0.0 -0.0 -0.0 -0.0 -0.0 -0.0 -0.0 -0.0 0.0 -0.0 -0.0 -0.0 0.0 -0.0 0.0 -0.0 -0.0 0.0 -0.0 -0.0 0.0 0.0 0.0 -0.0 0.0 -0.0 -0.0 -0.0 -0.0 0.0 -0.0 -0.0 -0.0 -0.0 0.0 -0.0 0.0 0.0 0.0 -0.0 -0.0 0.0 -0.0 0.0 0.0 -0.0 -0.0 0.0 -0.0 -0.0 -0.0 0.0 -0.0 -0.0 -0.0 -0.0 -0.0 -0.0 0.0
-0.0 0.0 0.0 -0.0 0.0 0.0 0.0 -0.0 0.0 -0.0 -0.23841037 -0.0 0.0 0.5828093 -0.0 -0.0 -0.2340223 0.0 0.0 -0.0 0.0 0.0 0.0 0.0 0.0 -0.0 0.0 -0.0 -0.20280527 -0.0 -0.0 0.0 0.0 -0.30480963 0.0 0.0 -0.0 -0.0 0.0 -0.0 0.0 -0.1501662 -0.0 -0.0 -0.0 0.0 0.0 0.0 0.0 0.0 -0.0 0.0 -0.0 0.0 -0.0 0.0 0.0 -0.0 -0.0 -0.0 -0.16258715 -0.0 -0.0 0.0
0.0 -0.0 0.0 0.0 -0.0 -0.0 0.0 0.14444788 -0.0 0.0 0.0 -0.0 -0.0 -0.18757956 -0.0 -0.18756758 -0.0 -0.0 0.0 0.0 -0.0 0.0 0.0 0.0 -0.11183714 0.0 -0.0 0.0 -0.0 0.0 0.28837478 -0.0 -0.0 -0.0 0.0 0.11794998 -0.0 0.0 0.0 0.0 -0.0 -0.0 -0.0 0.0 -0.0 0.0 0.3727514 0.0 -0.0 -0.0 -0.0 0.0 -0.0 0.0 0.0 -0.0 -0.0 0.0 0.0 0.0 -0.0 0.0 0.0 -0.0820346
-0.0 0.0 0.0 0.0 0.0 -0.0 -0.0 -0.0 -0.0 -0.0 -0.0 -0.0 0.0 0.5536524 0.0 0.0 -0.0 0.0 -0.0 0.0 -0.0 0.0 0.0 -0.0 -0.0 -0.0 0.0 0.0 0.0 -0.0 -0.45828202 -0.0 -0.0 -0.0 -0.0 -0.0 -0.0 -0.0 0.0 0.0 0.0 -0.0 0.0 0.0 0.0 0.0 0.0 -1.1038705 -0.0 0.0 0.0 0.0 -0.0 0.0 -0.0 0.0 0.0 -0.0 0.0 -0.0 0.0 -0.0 -0.0 0.0
0.0 -0.0 0.0 0.0 0.0 -0.0 -0.0 -0.0 0.0 0.0 0.0 0.0 0.0 0.3483777 -0.0 0.0 -0.0 0.0 -0.0 -0.0 0.6361268 -0.0 -0.0 -0.0 -0.0 -0.8104158 0.0 -0.0 -0.0 0.7498974 -0.24626645 -0.69033563 -0.0 0.0 -0.0 -0.0 0.0 -0.0 -0.0 -0.265688 -0.0 -0.0 0.0 -0.0 0.0 0.0 -0.0 -0.0 -0.0 0.0 0.0 -0.0 0.0 0.0 -0.0 -0.0 0.0 0.0 -0.0 -0.0 -0.0 -0.0 0.0 0.0
-0.16941898 0.0 0.0 -0.0 0.0 0.2179401 0.24239792 -0.0 -0.4285014 -0.0 0.23091802 0.0 -0.0 0.19488029 0.0 0.0 0.0 0.0 -0.0 0.25702408 -0.0 0.0 0.0 0.0 -0.0 0.0 -0.32058364 0.0 0.0 0.0 -0.089320235 -0.0 0.0 -0.0 0.0 -0.13209045 0.10480829 -0.0 -0.0 0.0 0.0 0.0 -0.0 -0.0 -0.3673002 -0.0 -0.25423384 0.0 -0.0 0.16774443 0.0 -0.0 0.0 0.0 -0.0 -0.0 0.0 0.0 0.0 0.0 -0.0 -0.0 0.0 -0.25079846
0.36369252 -0.0 0.0 -0.0 0.0 -0.36849746 -0.30803752 -0.0 0.2425828 -0.0 -0.29559684 -0.0 -0.0 0.0 -0.24514325 0.0 -0.35979855 -0.0 -0.0 -0.0 -0.0 -0.0 -0.17621554 0.0 0.15474996 -0.0 0.29812455 -0.0 -0.0 -0.0 0.27899846 0.0 -0.0 -0.0 0.0 0.3868417 -0.0 0.0 -0.0 0.0 0.0 -0.0 -0.0 0.13292147 0.14915407 -0.0 0.0 0.0 0.0 0.0 -0.14171863 -0.0 0.0 -0.0 0.0 0.0 -0.0 -0.0 0.0 -0.0 -0.0 -0.0 0.0 0.26146993
-0.0 -0.0 0.0 -0.0 -0.0 0.0 -0.0 -0.0 0.1677822 -0.0 0.0 0.0 0.0 0.3129716 0.0 0.12063511 0.0 0.0 -0.0 0.0 0.0 -0.0 -0.0 -0.0 0.0 -0.0 0.0 0.0 -0.0 -0.0 -0.22850515 -0.0 0.0 0.0 0.0 -0.110960715 0.0 -0.0 -0.0 0.0 -0.0 0.0 0.0 0.0 0.0 -0.0 -0.4804905 0.0 0.0 -0.0 0.0 -0.0 -0.0 -0.0 -0.0 0.0 0.0 0.0 -0.0 -0.0 -0.0 -0.0 -0.0 0.0
-0.0 -0.0 -0.0 -0.0 0.0 -0.0 0.0 0.0 -0.0 -0.0 -0.0 0.0 -0.0 0.2677744 0.0 0.0 -0.0 0.0 0.0 -0.0 -0.0 -0.0 0.0 -0.0 -0.13308163 0.0 -0.0 0.0 0.0 -0.0 -0.1573002 0.25150636 0.0 0.0 0.0 -0.0 -0.0 -0.0 0.0 -0.14083983 -0.0 -0.0 0.0 0.0 0.0 0.0 -0.0 -0.0 -0.0 -0.0 0.0 0.0 0.0 0.0 -0.0 -0.0 0.0 -0.0 0.0 -0.0 -0.14339691 -0.0 -0.0 -0.0
-0.0 0.0 -0.0 -0.0 0.0 -0.7650372 0.37030858 -0.0 -0.0 0.0 0.0 -0.0 0.0 -0.0 -0.0 0.0 0.0 -0.0 -0.0 -0.0 0.0 -0.0 -0.049400736 -0.0 -0.0 -0.0 0.0 -0.0 0.0 0.0 -0.0 0.0 -0.0 0.0 -0.0 -0.0 -0.0 -0.0 -0.0 0.0 -0.0 -0.0 -0.0 -0.0 0.0 -0.0 -0.0 0.0 -0.0 0.0 0.0 -0.0 0.0 -0.0 0.0 0.0 -0.0 -0.0 0.0 0.0 0.0 0.0 0.0 0.0
0.2828884 0.0 -0.0 -0.0 -0.0 -0.0 -0.0 0.0 0.0 0.0 0.0 -0.0 0.0 -0.18089828 0.0 0.0 -0.0 -0.0 -0.0 -0.0 -0.0 0.0 -0.19422838 -0.0 -0.0 0.0 0.0 0.0 0.0 -0.0 0.17720412 -0.0 0.0 -0.0 0.0 0.0 -0.0 0.0 0.0 0.0 0.0 0.0 -0.12439511 -0.0 -0.0 -0.0 0.0 0.0 -0.0 -0.0 0.0 -0.0 0.0 0.0 0.0 0.0 -0.0 0.0 -0.0 -0.0 -0.0 -0.0 -0.0 0.0
-0.36349374 -0.0 0.0 -0.12241109 -0.0 -0.0 -0.0 -0.0 -0.0 -0.0 -0.0 -0.17280085 -0.0 -0.0 -0.0 0.0 -0.0 0.0 -0.086233124 0.0 -0.24346827 0.0 -0.0 0.0 0.0 0.20709977 0.0 -0.0 0.0 -0.048882592 -0.22018196 0.31813753 -0.0 -0.0 -0.17764622 -0.33641294 0.0 -0.0 -0.0 0.0 0.0 0.0 0.0 -0.0 -0.0 0.0 0.0 -0.0 0.0 0.0 0.0 0.0 -0.0 0.0 0.0 0.12886758 -0.0 -0.0 -0.0 0.0 0.0 0.21730226 -0.0 -0.0
-0.6279009 -0.6115942 -0.0 0.0 -0.0 0.0 0.0 -0.0 0.0 -0.0 -0.0 1.1377225 -0.0 0.0 -0.0 0.0 0.0 0.0 0.39774248 0.0 -0.0 -0.0 0.0 0.0 0.0 0.0 0.0 0.0 -0.0 -0.0 -0.0 0.0 0.0 -0.0 0.0 0.0 -0.0 0.0 0.0 0.0 -0.0 0.0 -0.0 0.0 0.0 0.0 -0.0 0.0 -0.0 -0.0 -0.0 -0.0 -0.0 0.0 0.0 -0.0 0.0 -0.0 0.0 0.0 -0.0 -0.0 0.0 0.0
0.0 -0.0 0.44437054 0.0 0.0 -0.0 0.0 0.0 -0.086703695 -0.0 0.0 -0.0 -0.0 0.60352284 0.0 0.411523 -0.2952906 0.0 -0.0 0.0 0.27119824 -0.0 -0.0 0.0 0.0 -0.1643119 0.0 -0.0 -0.0 -0.28394428 -0.18378547 0.25457102 0.0 -0.58311397 0.0 0.0 0.30379838 -0.0 0.0 0.0 0.0 0.42935798 -0.4609772 0.37630492 -0.33820182 0.0 0.0 -0.0 -0.47675446 -0.0 0.0 0.0 0.0 0.0 -0.51465297 0.40128163 0.0 -0.23812138 -0.0 -0.0 -0.17628135 -0.47972992 -0.0 -0.0
-0.0 0.0 -0.0 -0.0 -0.0 -0.0 -0.0 0.0 -0.0 0.0 -0.0 -0.0 0.0 0.0 -0.0 -0.0 0.0 -0.0 -0.0 -0.26714578 -0.0 -0.0 -0.0 -0.0 -0.24480619 0.0 -0.0 -0.0 0.0 -0.0 0.0 0.0 0.0 -0.0 -0.3245617 -0.0 -0.1917401 0.0 -0.0 -0.0 -0.0 -0.0 -0.18954085 -0.0 -0.0 -0.0 0.0 -0.0 -0.2515568 -0.0 -0.3625305 -0.0 -0.0 -0.0 -0.0 -0.0 -0.0 -0.0 0.0 -0.0 0.0 0.0 0.0 -0.0
0.0 0.0 -0.0 -0.0 -0.0 -0.0 0.0 -0.0 -0.0 0.0 -0.0 -0.0 0.0 -0.29397953 -0.0 -0.0 -0.0 -0.0 -0.0 -0.0 0.0 -0.0 0.0 -0.0 -0.0 -0.0 -0.0 0.0 -0.0 -0.0 0.0 -0.0 0.0 -0.0 -0.0 0.0 -0.0 0.0 -0.0 0.0 -0.0 -0.0 -0.0 -0.0 -0.0 -0.0 -0.0 0.0 -0.0 -0.0 0.0 -0.0 0.0 -0.0 0.0 0.0 -0.0 -0.0 -0.0 0.0 0.0 0.0 -0.0 0.0
0.0 0.0 0.0 -0.0 0.0 -0.0 -0.0 -0.0 -0.0 -0.0 -0.0 -0.0 -0.0 -0.13140133 0.0 0.0 -0.0 -0.0 -0.0 -0.0 0.0 -0.0 -0.2676839 -0.17490892 -0.0 -0.0 -0.0 0.0 0.0 0.0 0.116888694 -0.0 0.0 -0.0 -0.12261099 0.0 -0.14451915 0.0 0.0 -0.0 -0.0 0.0 -0.0 0.0 0.0 -0.0 -0.0 -0.0 -0.0 -0.0 -0.0 -0.0 -0.0 -0.2681918 0.0 -0.0 -0.0 0.0 0.0 0.0 0.0 0.22444783 0.0 -0.0
-0.0 0.0 0.0 -0.0 -0.0 0.0 0.0 0.0 -0.0 -0.0 0.0 0.0 -0.0 0.44123495 0.0 -0.0 -0.0 0.0 -0.0 -0.0 0.0 -0.0 0.0 -0.0 -0.0 0.0 -0.21981505 0.0 0.0 0.0 -0.0 0.0 0.0 -0.0 -0.0 -0.0 0.0 -0.0 0.0 -0.0 -0.0 -0.0 -0.0 -0.0 -0.0 -0.0 -0.0 -0.0 -0.0 -0.83883744 0.0 -0.0 0.0 0.0 -0.0 -0.0 0.0 0.0 0.0 0.0 0.0 0.0 -0.0 -0.0
0.0 0.0 0.0 0.0 0.0 0.0 -0.0 -0.0 0.0 0.0 0.0 0.0 0.0 -0.2572267 0.0 0.0 -0.0 -0.0 0.0 -0.0 -0.0 0.0 -0.0 -0.0 -0.0 0.0 0.0 0.0 -0.0 0.0 0.3332509 -0.0 0.0 -0.0 -0.3105338 0.0 -0.0 0.0 0.0 0.0 0.0 -0.0 -0.0 -0.0 0.0 -0.0 -0.0 -0.0 0.0 -0.0 0.0 -0.0 0.0 0.0 0.0 -0.0 -0.0 0.0 -0.0 0.0 -0.0 0.0 0.0 0.0
-0.17567283 0.0 0.0 0.0 -0.0 -0.0 0.0 -0.12268391 0.0 -0.0 0.0 0.0 -0.0 0.15819834 -0.0 0.0 0.0 0.0 0.0 -0.0 -0.31362453 -0.0 0.0 0.0 0.0 0.21056396 0.0 0.1523785 -0.0 -0.0 -0.36565524 0.17824095 -0.0 -0.0 0.0 -0.0 0.0 -0.0 0.0 0.0 -0.0 0.0 0.0 -0.0 -0.0 -0.0 0.0 -0.0 -0.0 -0.0 0.0 -0.0 -0.0 0.0 -0.0 0.0 0.0 -0.0 -0.0 -0.1757791 0.0 -0.0 0.0 0.0
0.12021322 -0.0 0.0 -0.0 -0.0 -0.0 -0.0 -0.0 0.0 0.0 0.0 0.0 -0.0 -0.18302338 0.0 -0.0 0.0 -0.0 -0.0 -0.0 -0.0 0.0 -0.0 0.0 0.0 -0.0 -0.0 -0.0 -0.0 -0.0 0.14445025 -0.0 -0.0 -0.0 0.0 0.1486435 0.0 0.0 -0.0 0.0 -0.0 -0.0 -0.0 -0.0 -0.0 -0.0 -0.0 -0.0 0.0 -0.0 -0.0 -0.0 0.0 -0.061839018 0.0 0.0 -0.0 0.0 0.0 0.0 0.0 0.0 0.0 -0.0862272
0.09754136 0.0 0.0 -0.0 -0.0 -0.0 -0.0 -0.0 0.0 -0.0 -0.0 0.0 0.0 -0.25032094 -0.0 -0.0 0.0 -0.0 -0.0 -0.0 -0.0 -0.0 0.0 0.0 0.0 0.0 -0.0 -0.0 -0.0 -0.0 0.21353437 0.0 0.0 0.0 -0.15156873 0.13366285 0.0 0.0 -0.0 0.0 -0.0 0.0 -0.0 -0.0 0.0 -0.0 -0.0 0.0 0.0 -0.0 -0.0 -0.0 0.0 -0.0 0.0 0.0 -0.0 0.06847225 0.11529554 0.0 0.0 0.0 -0.13533923 0.0
-0.0 0.0 -0.0 0.0 -0.39719483 0.0 0.0 -0.120114185 0.0 0.25468954 -0.0 0.46892753 0.29947206 0.17412959 0.0 0.0 0.0 0.0 0.0 -0.0 0.0 0.0 0.0 0.0 0.0 0.0 -0.0 -0.0 0.0 -0.0 -0.36782473 -0.0 0.0 0.0 -0.0 -0.0 0.0 -0.0 -0.0 -0.0 0.0 0.0 0.0 -0.0 0.0 0.0 -0.0 0.0 0.0 0.0 0.0 -0.0 0.0 0.0 -0.0 0.0 0.0 -0.0 -0.0 0.0 0.0 -0.0 -0.0 0.0
0.0 0.0 0.0 0.0 0.0 0.0 0.0 0.0 0.0 0.0 0.0 -0.0 -0.0 0.0 0.0 0.0 0.0 -0.0 0.0 0.0 0.0 0.0 0.0 0.0 0.0 0.0 0.0 0.0 0.11600027 0.0 0.0 0.0 -0.0 0.0 0.116750136 0.24387357 0.16120316 0.0 0.0 0.0 0.0 0.0 0.0 0.0 0.0 -0.0 0.0 0.0 0.0 0.0 0.0 0.0 0.0 0.0 0.0 0.0 -0.0 0.0 0.0 0.0 0.0 0.0 0.12002862 0.0
0.16206048 0.0 -0.0 -0.0 -0.96927744 0.0 -0.0 -0.0 0.0 -0.0 0.0 -0.0 -0.0 -0.3486773 -0.0 -0.0 0.0 -0.0 -0.0 -0.0 -0.0 -0.0 0.0 0.0 0.0 -0.0 -0.0 0.0 0.0 -0.0 0.41828457 -0.0 0.0 0.0 0.0 0.15399265 0.0 0.0 -0.0 0.0 -0.0 0.0 0.0 0.0 0.0 -0.0 0.0 0.0 0.0 -0.0 -0.0 0.0 0.0 -0.0 0.0 -0.0 -0.0 -0.0 0.0 0.0 -0.0 0.0 -0.0 -0.0
-0.0 0.0 0.0 -0.0 -0.0 0.0 -0.0 0.0 -0.0 0.0 -0.0 0.0 0.0 0.0 -0.0 -0.0 -0.0 -0.0 0.0 -0.0 -0.0 0.0 -0.0 -0.0 -0.0 0.0 -0.0 -0.0 -0.7858997 -0.0 -0.0 -0.0 0.0 -0.0 0.0 -0.0 0.0 0.0 0.0 -0.0 0.0 -0.0 -0.0 -0.0 -0.0 -0.0 -0.0 -0.0 -0.0 -0.0 0.0 0.0 -0.0 -0.0 0.0 -0.0 0.0 0.0 -0.0 -0.0 -0.0 -0.631941 -0.0 -0.0
0.19467981 -0.0 0.0 -0.0 -0.0 -0.0 -0.1466497 -0.0 -0.05216141 0.0 -0.11785828 -0.0 0.0 -0.3236019 -0.0 -0.0 -0.0 -0.0 0.0 -0.29447973 0.0 -0.0 -0.0 -0.0 0.0 0.0 -0.15237123 0.0 0.0 0.0 0.28360972 0.13794313 0.0 0.0 -0.0 0.0 0.0 0.0 0.0 0.0 -0.0 -0.0 0.1628847 -0.0 -0.0 0.0 -0.22200222 0.0 0.0 0.1051759 0.0 0.0 0.0 -0.0 0.090080306 0.16632901 -0.0 0.0 -0.0 0.0 0.0 0.0 0.0 -0.0
-0.0 -0.0 -0.0 -0.0 -0.0 0.0 0.0 -0.0 0.09889028 0.0 0.0 -0.0 0.0 -0.0 0.0 0.14046068 0.0 -0.0 -0.0 0.0 -0.0 -0.0 0.0 0.0 0.0 -0.0 0.0 -0.24907003 -0.0 0.0 -0.3064737 -0.0 0.0 -0.0 -0.0 -0.0 0.0 -0.0 -0.0 -0.0 0.0 0.0 0.0 0.0 0.0 -0.0 -0.0 -0.0 0.0 -0.0 0.0 -0.0 -0.0 0.0 -0.0 -0.0 -0.0 -0.0 -0.5410227 -0.23154755 -0.0 -0.0 -0.45216787 0.0
0.0 0.0 0.0 -0.0 0.0 0.0 0.0 0.0 -0.0 0.0 0.0 -0.0 -0.0 -0.1694164 0.0 -0.0 0.0 -0.0 0.0 -0.0 0.0 -0.0 0.0 -0.0 -0.0 0.0 -0.0 0.0 0.0 0.0 0.20013002 -0.0 0.0 0.0 -0.0 0.0 0.0 0.0 0.0 0.0 -0.0 0.0 -0.0 -0.0 -0.0 0.0 -0.0 -0.0 -0.0 -0.3394101 0.075551085 0.0 0.0 0.0 0.0 -0.0 -0.0 0.0 -0.0 0.0 0.0 0.0 0.0 -0.0
0.0 0.0 -0.25451556 0.0 -0.0 -0.0 -0.0 -0.0 0.0 0.0 0.0 0.0 0.0 -0.0 0.0 0.0 -0.0 -0.0 0.0 0.0 -0.0 0.0 0.0 -0.0 0.0 -0.0 0.0 0.0 -0.0 -0.0 0.3812336 -0.0 0.0 -0.0 -0.36100405 0.0 -0.0 0.0 0.0 0.0 0.0 0.0 -0.0 0.0 0.0 0.0 -0.0 0.0 -0.0 -0.0 -0.0 0.0 0.0 -0.0 0.0 -0.0 0.0 -0.1884113 -0.0 -0.0 -0.0 0.0 -0.0 -0.0
0.11868804 -0.0 0.0 -0.0 0.0 -0.0 -0.0 -0.0 0.0 0.0 0.0 0.0 0.0 -0.18678737 0.0 0.0 0.0 -0.0 -0.0 -0.0 -0.0 0.0 -0.0 -0.0 0.0 -0.0 -0.0 0.15236455 -0.0 0.0 0.24707028 -0.0 0.0 0.0 -0.0 0.08616429 0.0 0.0 -0.0 -0.0 -0.0 0.0 0.0 -0.0 0.0 -0.0 -0.0 0.0 -0.0 0.0 0.0 -0.0 -0.0 0.0 0.0 0.0 -0.0 0.0 -0.0 -0.4162967 -0.0 0.0 -0.0 -0.0
-0.0 -0.0 -0.0 0.0 0.0 -0.0 -0.0 0.0 0.0 0.0 0.0 -0.0 -0.0 0.0 0.0 0.0 0.0 0.0 0.0 -0.0 -0.0 0.0 -0.0 0.0 0.0 -0.0 0.0 0.0 0.0 -0.0 -0.0 -0.0 0.0 0.0 0.0 -0.0 -0.0 -0.0 0.0 0.0 0.0 0.0 -0.0 0.0 0.0 0.0 0.0 0.0 -0.0 -0.0 -0.96345437 -0.0 -0.0 -0.0 -0.0 -0.0 0.0 -0.0 -0.0 0.0 -0.0 -0.0 0.0 -0.0
-0.17721413 0.0 -0.0 0.0 -0.0 0.1978228 0.21307729 0.0 -0.31887084 0.0 0.28346017 -0.0 -0.0 0.35695618 0.20272684 -0.0 0.29897702 0.0 0.0 -0.28559232 0.0 -0.0 0.0 -0.0 -0.13048998 0.0 -0.16283847 0.0 0.0 0.0 -0.19569285 0.0 -0.0 0.0 -0.0 -0.0 0.0 -0.0 0.0 -0.0 0.0 0.0 -0.113225676 -0.3052798 -0.17663664 0.0 -0.0 0.0 -0.0 -0.18453474 0.0 0.0 -0.0 0.0 -0.0 -0.0 0.0 0.0 0.0 0.0 0.0 0.0 -0.0 0.0
0.0 -0.0 -0.0 0.0 -0.0 0.0 0.0 -0.0 -0.0 -0.0 -0.2179932 -0.0 -0.0 0.0 -0.0 -0.0 -0.0 -0.0 -0.0 -0.0 -0.0 -0.0 0.0 -0.0 -0.0 -0.0 -0.0 -0.0 -0.0 -0.0 0.0 -0.0 -0.0 -0.4052949 -0.0 -0.0 -0.0 0.0 0.0 0.0 -0.0 -0.4431132 -0.0 -0.0 -0.0 -0.0 -0.0 -0.0 -0.0 0.0 0.0 -0.0 0.0 0.0 -0.0 -0.0 -0.0 -0.0 -0.0 -0.0 -0.0 -0.0 -0.0 -0.0
0.0 0.0 -0.0 -0.0 0.0 -0.0 -0.0 -0.0 -0.0 0.0 -0.0 0.0 0.0 -0.38311177 -0.0 0.0 -0.26632577 -0.0 0.0 -0.0 -0.17673564 0.0 0.0 -0.16427132 -0.3872788 0.0 0.11667084 0.0 -0.0 0.0 0.40386134 -0.16353817 0.0 -0.23381118 0.0 0.14525267 -0.0 0.0 0.0 0.0 0.0 0.32297555 0.19368394 0.0 -0.0 0.0 0.0 0.0 0.14775804 -0.0 -0.0 0.0 0.0 -0.0 0.0 -0.38556808 -0.0 0.0 0.0 0.0 -0.0 -0.0 0.0 0.23725034
-0.58778167 0.0 0.0 -0.0 0.0 0.0 0.0 -0.0 0.0 0.0 0.0 -0.0 0.0 -0.372826 -0.0 0.41333753 -0.0 -0.0 -0.0 0.0 -0.0 -0.18758877 -0.0 -0.0 -0.0 0.0 0.0 0.0 -0.0 0.0 -0.0 -0.0 -0.0 -0.4775964 -0.0 -1.3554333 0.0 -0.0 -0.0 -0.0 -0.0 -0.32571816 -0.0 -0.0 0.3134321 -0.0 0.0 0.0 -0.0 0.0 0.2288417 -0.0 0.0 -0.0 -0.0 0.39273918 0.0 0.0 0.0 0.0 0.0 0.0 -0.0 0.0
0.0 0.0 -0.2972834 0.0 0.0 -0.0 0.0 -0.0 -0.0 -0.0 0.0 -0.0 0.0 -0.0 -0.0 0.0 -0.0 -0.0 -0.0 -0.0 0.0 0.0 0.0 0.0 -0.0 -0.0 -0.0 0.0 -0.0 0.22358613 0.27322707 -0.0 -0.0 -0.0 0.0 0.0 -0.0 0.0 0.0 0.19195297 -0.0 0.0 -0.0 -0.0 -0.0 -0.0 -0.0 -0.0 -0.0 0.0 -0.0 -0.0 -0.12742929 0.0 0.0 -0.0 -0.0 -0.0 -0.27946696 -0.0 0.0 0.0 0.0 0.0
-0.5111495 0.0 0.0 -0.0 0.0 0.0 -0.0 0.0 -0.0 -0.0 0.0 0.0 0.0 0.0 -0.0 -0.0 -0.0 0.0 0.0 0.0 -0.0 -0.0 0.0 0.0 -0.0 -0.0 -0.0 -0.0 0.0 -0.0 -0.0 0.0 0.0 0.0 0.0 -0.0 0.0 -0.0 -0.0 0.0 -0.0 0.0 0.0 0.0 -0.0 0.0 0.0 -0.0 0.0 -0.0 -0.0 0.0 -0.0 0.0 -0.0 -0.0 0.0 0.0 -0.0 -0.0 -0.0 -0.0 0.0 -0.0
-0.0 -0.0 0.0 -0.0 0.0 -0.3596761 -0.0 -0.0 -0.0 -0.0 -0.0 -0.0 -0.0 -0.0 -0.0 -0.0 0.0 0.0 -0.0 -0.0 0.0 -0.0 0.0 0.0 -0.0 0.0 -0.0 0.0 -0.0 0.0 0.0 0.0 -0.0 0.0 -0.0 -0.0 -0.0 -0.0 -0.0 -0.0 -0.0 0.35715708 0.0 0.0 0.0 -0.0 -0.0 0.0 0.0 0.0 0.0 -0.0 0.0 0.56038463 -0.0 0.0 -0.0 0.0 0.0 0.0 -0.0 -0.0 -0.0 0.0
-0.0 0.0 -0.0 0.0 0.0 0.0 0.0 -0.0 0.0 0.0 0.0 -0.0 0.0 0.0 -0.0 0.0 0.0 0.0 0.0 -0.0 0.0 -0.0 0.0 0.0 0.0 0.0 -0.0 0.0 0.0 0.0 -0.0 0.0 0.0 -0.0 0.0 -0.0 -0.0 -0.0 -0.0 0.0 -0.0 -0.0 0.0 0.0 0.0 0.0 0.0 0.0 0.0 0.0 -0.0 0.0 0.0 -0.0 -0.0 -0.0 0.0 -0.0 0.0 0.0 0.0 -0.0 -0.0 0.0
0.0 -0.0 -0.0 -0.0 0.0 -0.0 -0.0 -0.0 -0.0 -0.0 -0.0 -0.0 0.0 -0.16256733 -0.0 0.0 -0.0 -0.0 -0.0 0.0 -0.0 -0.0 -0.0 -0.0 -0.0 -0.0 -0.0 0.0 0.0 0.0 0.2076171 -0.0 -0.0 -0.0 0.0 0.0 0.0 0.0 0.0 -0.0 -0.0 -0.0 -0.0 -0.0 -0.0 -0.0 -0.0 -0.0 -0.0 0.0 0.0 -0.0 0.0 -0.0 0.0 -0.0 -0.0 -0.0 -0.0 -0.0 0.0 0.0 0.0 -0.0
-0.0 0.0 0.028584478 -0.0 -0.0 -0.0 -0.0 -0.0 -0.07953759 0.0 -0.05262448 0.0 0.0 0.058402564 -0.0747224 -0.0 -0.0 0.0 0.0 -0.0 0.0 0.0 -0.0 -0.07191119 -0.0 0.0 -0.06106445 0.0 0.0 0.0 0.067554586 0.0 0.0 -0.0 0.10169173 -0.0 0.0 0.0 0.0 0.0 0.0 -0.07841238 0.0 -0.07097429 -0.06624 -0.0 -0.0 0.0 -0.0 0.0 0.0 0.0 0.0 -0.08629831 0.0 0.0 0.0 0.0 0.07450548 0.0 0.0 -0.0 0.07160591 -0.0
-0.0 -0.0 -0.0 0.0 -0.0 -0.0 -0.0 -0.0 -0.0 0.0 -0.0 0.0 0.0 0.31282187 -0.0 0.0 -0.0 0.0 0.0 -0.38988304 0.0 -0.0 -0.0 0.0 0.09769966 0.0 -0.0 -0.0 0.0 0.0 -0.34150314 0.0 0.0 0.0 -0.0 -0.0 0.0 -0.0 0.0 -0.0 -0.0 -0.0 0.0 -0.0 0.0 0.0 -0.5724676 0.0 0.0 0.0 0.0 0.0 0.0 0.0 -0.0 0.0 0.0 -0.0 -0.0 0.0 0.0 0.0 -0.0 0.0
-0.0 -0.0 0.0 -0.0 0.0 -0.0 0.0 0.0 -0.0 0.0 0.0 -0.3130218 -0.0 -0.29945657 -0.0 0.0 -0.0 -0.0 -0.0 -0.0 -0.0 -0.0 -0.0 -0.0 -0.0 0.0 0.0 -0.0 -0.0 -0.0 0.0 -0.0 -0.0 -0.0 -0.0 -0.0 0.0 0.0 0.0 -0.0 -0.0 -0.0 0.0 0.0 0.0 0.0 -0.0 0.20461912 0.0 -0.0 0.0 -0.0 -0.0 -0.0 0.0 0.0 -0.0 -0.0 0.0 0.0 0.0 0.0 -0.0 0.0
-0.0 0.0 0.0 -0.0 0.0 0.0 -0.0 0.0 -0.11965764 0.0 -0.0 0.0 0.0 0.31421995 -0.31126165 -0.10641253 -0.21364222 0.0 0.0 -0.0 0.0 0.0 -0.0 -0.0 -0.0 -0.0 -0.0 -0.0 -0.0 0.0 -0.24957329 -0.0 0.0 -0.0 0.0 -0.0 0.0 -0.0 -0.0 -0.0 0.0 -0.13176636 0.0 -0.28226256 -0.21242487 0.0 -0.121339455 0.0 0.0 0.0 0.0 0.0 -0.0 0.0 -0.0 0.0 0.0 0.0 0.0 -0.0 -0.0 -0.0 0.0 -0.0
0.24920918 0.0 0.0 -0.0 0.0 0.0 0.0 -0.0 0.0 -0.0 0.0 0.0 0.0 -0.0 0.0 -0.0 0.0 0.0 0.0 0.0 0.0 0.0 0.0 0.0 0.0 -0.0 0.0 0.0 -0.0 0.0 0.0 0.0 0.0 0.0 0.0 0.0 0.0 0.0 0.0 0.0 0.0 -0.0 0.0 -0.0 0.0 0.0 0.0 0.0 0.29922888 -0.0 -0.0 0.0 0.0 -0.0 0.0 0.0 0.0 0.0 0.0 0.0 -0.0 0.0 -0.0 0.0
0.09328394 0.0 0.0 0.0 0.0 -0.0 0.0 0.18669717 -0.0 0.0 0.0 0.0 0.0 -0.18489705 -0.0 0.0 -0.0 -0.0 -0.0 0.0 0.0 0.0 -0.15078603 0.22582546 0.18853512 -0.30472526 0.0 -0.0 -0.2458977 -0.2478316 0.2395173 0.0 0.0 -0.11474803 0.20882511 0.20008235 0.092210285 0.0 0.0 0.0 0.0 0.0 -0.3613334 0.19223532 -0.0 -0.0 0.0 0.0 -0.27485746 0.0 -0.0 0.0 0.0 0.19881313 -0.14270225 0.13995549 -0.0 -0.0 -0.0 -0.0 -0.0 -0.20228778 -0.0 -0.0
-0.0 0.0 -0.0 -0.0 0.0 -0.0 -0.0 0.0 -0.0 0.0 0.0 0.0 -0.0 0.0 0.0 0.0 0.0 0.0 0.0 0.0 0.30966675 -0.0 0.0 0.0 -0.0 0.36669958 -0.0 -0.0 0.0 0.0 -0.0 0.0 0.0 0.0 0.0 0.0 0.0 -0.0 0.0 0.0 0.0 0.0 0.0 0.0 0.0 0.0 0.0 0.0 0.0 0.0 0.0 0.0 0.0 0.0 -0.0 0.0 0.0 -0.0 0.0 0.0 0.0 0.0 0.0 0.0
0.0 0.0 0.0 -0.0 0.0 0.0 0.114993885 0.0 0.0 0.0 -0.0 -0.0 0.0 0.0 0.0 0.0 0.0 -0.0 -0.0 -0.0 0.0 -0.0 0.0 0.0 0.0 0.0 0.0 -0.0 0.0 0.0 0.0 0.0 0.0 -0.0 0.0 0.0 -0.0 0.0 0.0 0.12360425 -0.0 -0.0 0.0 0.0 0.0 -0.0 0.0 0.0 0.0 0.0 -0.0 -0.0 0.0 0.0 0.0 0.1375479 -0.0 0.0 -0.0 -0.0 -0.0 0.0 -0.0 0.0
0.0 0.0 -0.0 -0.0 0.0 -0.14524446 -0.0 0.0 -0.0 0.0 0.0 -0.0 0.0 -0.2557224 0.3098859 -0.0 0.21359137 -0.0 0.0 0.0 -0.0 0.0 -0.0 -0.18377052 -0.1140429 0.0 -0.109462544 -0.0 0.0 -0.0 0.25792518 -0.0 0.0 0.0 -0.0 0.0 -0.0 0.0 0.0 -0.0 0.0 0.0 -0.0 -0.0 -0.0 -0.0 -0.090207644 0.0 -0.23186177 -0.0 -0.07862793 0.0 -0.0 -0.27815482 0.0 -0.0 -0.0 -0.0 0.0 0.0 0.0 0.0 0.0 -0.0
-0.0 -0.0 -0.0 -0.0 0.0 0.0 -0.0 0.0 -0.0 -0.0 0.0 0.0 -0.0 0.27891734 0.0 0.0 0.0 0.0 -0.0 0.0 0.0 -0.0 -0.0 0.0 0.0 0.0 0.0 0.0 0.0 0.0 -0.0 0.0 0.0 0.0 -0.0 -0.0 0.0 -0.0 0.0 -0.0 0.0 0.0 0.0 0.0 0.0 -0.0 0.0 -0.0 -0.0 -0.0 0.0 -0.0 -0.0 0.0 -0.0 -0.0 0.0 -0.0 0.0 0.0 0.0 -0.0 0.0 -0.0
-0.0 -0.0 0.0 -0.0 -0.0 -0.39712706 0.0 0.0 -0.0 0.0 0.0 0.0 0.0 -0.0 -0.0 0.0 0.0 0.0 0.0 0.0 0.0 0.0 0.29493907 0.0 -0.0 -0.0 -0.0 -0.0 0.0 -0.0 -0.0 -0.0 0.0 0.0 0.0 -0.29600722 -0.0 0.0 0.0 0.0 0.0 0.0 -0.0 -0.0 -0.0 -0.0 -0.0 0.0 0.0 0.0 -0.0 -0.0 0.0 -0.97544104 -0.0 0.0 0.0 0.0 0.0 -0.0 0.0 0.22623533 0.0 0.0
-0.0 -0.0 0.0 0.0 -0.0 -0.48061094 -0.21508743 -0.0 0.0 -0.0 0.0 0.0 0.0 0.3591581 0.0 -0.0 0.0 -0.0 0.0 0.0 -0.0 -0.0 -0.18954924 -0.08248769 -0.0 0.0 -0.0 -0.0 0.0 0.0 -0.27673605 0.0 -0.0 0.0 0.0 -0.0 -0.0 -0.0 0.0 -0.0 0.0 -0.0 -0.0 -0.0 -0.0 -0.0 -0.0 0.0 -0.0 0.3181395 -0.0 -0.0 0.0 -0.5366723 -0.0 0.0 0.0 0.0 0.0 -0.0 0.0 0.0 -0.0 -0.1317794
-0.0 0.0 0.0 -0.0 0.0 -0.0 0.0 0.0 0.0 0.0 0.0 0.0 0.0 0.34320742 0.0 -0.0 0.0 0.0 0.0 0.0 -0.0 0.0 -0.0 -0.0 0.0 -0.3959962 -0.0 -0.0 0.0 -0.0 -0.0 -0.0 -0.0 0.0 -0.0 -0.0 -0.0 -0.0 -0.0 0.0 0.0 -0.0 -0.0 0.0 -0.0 0.0 0.0 0.0 -0.0 -0.0 -0.0 0.0 0.0 -0.44136438 -0.0 0.0 0.0 0.0 -0.0 0.0 0.0 -0.0 0.0 -0.0
-0.0 0.0 -0.0 -0.0 -0.0 -0.0 -0.0 -0.0 -0.0 -0.0 -0.0 -0.0 -0.0 0.0 -0.0 -0.0 -0.0 0.0 0.0 0.0 -0.0 0.0 -0.0 -0.0 -0.0 0.0 -0.0 -0.0 -0.0 -0.0 -0.0 0.0 -0.0 -0.0 0.0 -0.0 -0.0 -0.0 -0.0 0.0 -0.0 -0.0 0.0 0.0 0.0 0.0 0.0 0.0 -0.0 0.0 -0.0 0.0 0.0 -0.0 -0.0 -0.0 0.0 0.0 -0.0 -0.0 -0.0 -0.0 -0.0 -0.0
-0.27184767 0.0 -0.0 -0.0 -0.0 -0.23236969 -0.101102 0.0 0.0 0.0 0.0 0.0 0.0 -0.0 0.0 0.0 0.0 0.0 0.0 0.25378585 0.0 0.0 -0.0 -0.0 -0.0 -0.0 -0.0 -0.0 0.0 -0.0 -0.0 0.0 0.0 0.0 -0.27504888 -0.0 -0.20535369 -0.0 -0.0 -0.0 0.0 0.0 -0.0 -0.0 0.0 0.0 -0.0 0.0 -0.27244812 -0.0 -0.27599302 0.0 -0.0 -0.18328723 -0.0 -0.0 0.0 -0.38408694 0.0 0.0 0.0 0.0 0.0 -0.0
0.1619666 0.0 0.0 0.0 -0.0 -0.0 -0.0 0.0 0.0 -0.0 0.0 -0.0 -0.0 -0.20892072 -0.0 0.0 0.0 -0.0 0.0 0.0 -0.11680706 -0.0 -0.0 -0.0 0.0 -0.0 0.0 0.0 -0.0 -0.0 0.25792727 0.0 -0.0 -0.0 -0.1318722 0.0 -0.0 0.0 0.0 -0.0 -0.0 0.0 -0.0 0.0 -0.0 -0.0 -0.0 -0.0 0.0 -0.0 -0.0 -0.0 0.20560683 -0.0 0.0 0.0 0.0 -0.0 -0.0 -0.2702142 0.0 0.0 0.0 0.0
-0.47318056 0.0 -0.0 -0.0 0.0 0.0 0.0 0.0 -0.0 0.0 -0.0 0.564786 0.35911566 0.0 -0.0 -0.0 -0.0 0.0 0.0 0.0 -0.0 0.0 0.0 0.0 -0.0 0.0 0.0 0.0 -0.0 -0.0 -0.0 0.0 0.0 0.0 -0.0 -0.0 -0.0 -0.0 0.0 0.0 0.0 0.0 -0.0 0.0 -0.0 0.0 0.0 -0.0 -0.0 -0.0 -0.0 -0.0 0.0 0.0 -0.0 -0.0 0.0 -0.0 -0.0 0.0 -0.0 -0.4695695 0.0 0.0
-0.0 -0.0 0.0 0.0 -0.0 -0.0 -0.0 -0.0 -0.0 -0.0 0.0 -0.0 -0.0 0.0 0.0 -0.0 0.0 0.0 -0.0 -0.0 -0.0 -0.0 -0.0 -0.0 -0.0 -0.0 -0.0 0.0 0.0 -0.0 -0.0 -0.0 -0.0 0.0 -0.0 -0.0 -0.0 -0.0 -0.0 -0.0 -0.0 -0.0 -0.0 -0.0 -0.0 -0.0 -0.0 -0.0 -0.0 -0.0 -0.0 0.0 -0.0 -0.0 -0.0 -0.0 0.0 0.0 0.0 -0.0 0.0 -0.0 0.0 -0.0
0.0 -0.0 -0.0 -0.0 -0.0 0.0 -0.0 -0.0 -0.0 -0.0 -0.0 -0.0 0.0 -0.18061775 -0.0 0.0 -0.0 -0.0 -0.0 -0.0 -0.0 0.0 -0.0 0.0 0.0 -0.0 -0.0 -0.0 -0.0 0.0 0.0 -0.0 0.0 -0.0 -0.0 0.17484626 0.0 0.0 -0.0 -0.23540658 0.0 -0.0 0.0 -0.0 0.0 -0.0 -0.0 -0.0 0.0 0.0 -0.0 -0.11812437 -0.16114739 -0.0 0.0 -0.0 -0.0 0.0 -0.0 -0.11862513 -0.0 0.0 0.0 0.0
-0.0 0.0 -0.5317172 -0.0 -0.0 -0.0 -0.0 0.0 -0.0 -0.0 -0.0 -0.0 0.0 -0.0 0.0 0.0 -0.0 -0.0 -0.0 -0.0 0.0 0.0 -0.0 -0.0 -0.0 0.0 0.0 -0.0 -0.0 0.0 0.2996611 -0.0 -0.0 -0.0 0.0 0.0 -0.0 0.0 0.0 0.0 0.0 -0.0 0.0 0.0 -0.0 -0.0 -0.0 0.0 -0.0 0.0 -0.0 -0.0 0.0 -0.0 -0.0 -0.0 -0.0 -0.0 0.0 0.0 -0.0 0.0 -0.0 -0.0
-0.0 -0.0 0.11434478 -0.0 -0.0 0.0 0.0 0.0 0.0 0.0 -0.0 -0.0 0.0 0.26271975 -0.0 0.0 -0.0 0.0 0.0 0.0 -0.0 0.0 0.0 0.0 0.0 -0.0 0.0 0.0 -0.058526628 0.0 -0.28812087 -0.0 -0.0 -0.09244432 -0.0 -0.08891677 0.0 -0.0 0.0 0.0 0.0 0.0 0.0 0.0 -0.0 0.0 -0.0 -0.0 -0.0 0.0 -0.0 0.0 0.0 -0.0 -0.0 -0.0 0.0 -0.0 -0.21676384 0.0 0.0 -0.10408959 0.0 0.0
0.0 0.0 -0.0 0.0 0.0 -0.0 0.0 -0.0 0.0 0.0 -0.0 0.0 0.0 -0.23119575 -0.0 0.0 -0.0 -0.0 -0.0 -0.0 -0.0 0.0 -0.0 -0.0 -0.0 0.0 0.0 0.0 -0.16866915 0.0 0.198973 -0.0 0.0 -0.0 0.12572846 0.12177852 -0.0 0.0 -0.0 -0.0 0.0 -0.0 -0.0 -0.0 0.0 -0.0 -0.0 0.0 -0.0 0.0 0.0 -0.0 0.0 0.0 0.0 0.0 -0.0 -0.13324931 -0.0 0.0 0.0 0.0 0.0 0.0
-0.0 0.0 -0.0 -0.0 -0.0 -0.0 0.0 -0.0 0.0 0.0 0.0 0.0 0.0 0.0 -0.0 -0.0 -0.0 0.0 0.0 -0.0 -0.0 -0.0 0.0 -0.0 0.0 0.0 0.0 -0.0 -0.0 -0.0 -0.32486635 0.0 0.0 -0.0 0.0 -0.0 -0.13805047 -0.0 0.0 0.0 -0.0 -0.0 0.16652693 0.0 0.0 0.0 -0.0 0.0 0.0 0.0 -0.0 0.0 -0.0 -0.0 -0.0 0.0 0.0 0.0 0.0 -0.0 -0.0 -0.0 0.0 0.0
0.0 -0.0 -0.0 0.0 -0.0 0.0 -0.23733726 -0.0 0.0 -0.0 0.0 -0.0 -0.0 0.5399503 -0.0 -0.37423202 0.3629788 0.0 0.0 0.0 -0.0 0.0 0.44202173 -0.59235513 -0.4388393 0.0 -0.0 -0.0 -0.37488616 0.0 -0.29104307 -0.0 0.0 0.45602506 -0.0 0.0 -0.10181569 -0.0 -0.0 0.0 0.0 -0.5403679 0.0 -0.33905214 0.25100031 0.0 -0.0 -0.0 0.29349136 0.0 0.26781672 0.0 0.0 -0.0 -0.0 -0.22405994 0.0 0.0 0.0 -0.0 0.0 0.0 -0.0 0.38933927
0.0 -0.0 0.0 51.906284 -0.0 0.0 0.0 0.0 0.0 0.0 -0.0 0.0 -0.0 -0.0 0.0 0.0 0.0 0.0 0.0 0.0 -0.0 60.099606 -0.0 0.0 -0.0 0.0 0.0 0.0 0.0 -0.0 0.0 -0.0 0.0 0.0 -0.0 0.0 -0.0 0.0 0.0 0.0 69.200035 -0.0 -0.0 0.0 -0.0 0.0 0.0 0.0 0.0 0.0 0.0 0.0 -0.0 -0.0 0.0 0.0 0.0 0.0 -0.0 -0.0 -0.0 0.0 0.0 -0.0
0.0 -0.62774307 0.0 -0.0 -0.0 0.0 0.0 -0.0 0.0 -0.31319103 0.0 0.14351286 -0.24051377 -0.1784308 0.0 -0.0 0.0 -0.0 0.09744178 0.0 0.0 0.0718248 0.0 0.0 0.0 -0.0 -0.0 -0.0 0.0 -0.0 0.2071242 -0.0 0.26630053 -0.0 0.0 0.103478126 0.0 0.0 0.0 -0.0 0.07466913 -0.0 -0.0 0.0 0.0 -0.0 0.0 -0.0 -0.0 0.0 0.0 -0.0 -0.0 0.0 0.0 -0.0 0.0 -0.0 -0.0 -0.0 0.0 0.0 0.0 -0.0
-0.0 -0.0 -0.0 -0.0 -0.0 -0.0 -0.0 -0.0 0.0 -0.0 -0.0 -0.0 -0.0 0.0 -0.0 -0.0 -0.0 0.0 0.0 -0.0 0.0 -0.0 0.0 0.0 0.0 -0.0 -0.0 0.0 0.0 -0.0 -0.23297271 -0.0 -0.0 0.0 0.0 -0.0 0.0 -0.0 0.0 0.0 -0.0 0.0 0.0 0.0 0.0 0.0 -0.0 0.0 -0.0 -0.0 -0.0 -0.0 -0.0 -0.0 -0.0 -0.0 0.0 -0.0 -0.0 0.0 -0.0 -0.0 -0.0 -0.0
-0.0 0.0 -0.0 -0.0 -0.0 -0.0 -0.0 -0.0 -0.0 0.0 -0.0 0.0 0.0 0.0 -0.0 0.0 -0.0 -0.0 0.0 -0.0 -0.0 0.0 -0.0 -0.81456286 -0.3373655 0.0 -0.0 -0.0 0.0 0.0 0.0 -0.0 0.0 -0.0 -0.0 -0.0 -0.0 0.0 -0.0 0.0 0.0 -0.0 -0.0 -0.0 -0.0 0.0 -0.0 -0.0 -0.0 -0.0 -0.0 0.0 0.0 -0.0 -0.0 -0.0 0.0 -0.0 0.0 -0.0 0.0 0.0 0.0 -0.0
-0.84168106 -0.0 -0.0 -0.0 0.0 -0.0 -0.0 -0.0 -0.0 -0.0 0.0 -0.0 -0.0 -0.39576557 -0.0 0.0 0.0 -0.0 -0.0 -0.0 -0.0 -0.0 -0.0 -0.0 -0.0 -0.0 -0.0 0.0 -0.0 0.0 -0.0 -0.0 -0.0 0.0 0.0 -0.689766 -0.0 -0.0 -0.0 0.0 -0.0 0.0 -0.0 -0.0 0.0 -0.0 -0.0 0.0 -0.0 0.0 0.0 -0.0 0.0 0.0 -0.0 0.0 -0.0 -0.0 -0.0 0.0 0.0 -0.0 -0.0 0.0
-0.0 -0.0 0.0 0.0 -0.0 0.0 0.24395776 0.0 0.12290911 -0.0 -0.0 -0.0 -0.0 0.58922285 0.0 0.0 0.0 0.0 -0.0 -0.20729715 -0.0 -0.0 0.0 0.0 -0.0 -0.0 0.30479825 0.0 -0.0 -0.0 -0.13331518 -0.0 -0.0 0.0 0.124553345 0.0 -0.2820338 -0.0 -0.0 0.0 -0.0 -0.0 -0.31896433 0.0 0.16209702 -0.0 -0.0 -0.0 -0.1050984 -0.30728018 -0.44320768 -0.0 0.0 -0.0 -0.15857762 -0.2746039 0.0 0.0 0.0 0.0 0.0 -0.0 0.0 0.30416092
-0.0 -0.0 0.0 -0.0 -0.0 -0.0 0.0 0.0 0.0 0.0 -0.0 -0.14577204 -0.5331514 0.4206027 0.0 0.0 -0.0 0.0 0.0 0.0 -0.0 0.0 0.0 -0.0 -0.0 0.0 0.0 -0.0 0.0 -0.0 -0.0 0.0 0.0 -0.0 0.0 -0.0 -0.0 -0.0 -0.87420744 -0.0 0.0 -0.0 -0.0 0.0 0.0 0.14159192 -0.0 0.0 -0.0 0.0 0.0 0.0 -0.0 0.0 0.0 0.0 0.0 0.0 0.0 0.0 0.0 0.0 0.0 0.0
0.0 0.0 0.0 -0.0 0.0 -0.0 -0.1589255 -0.0 -0.19123554 0.0 -0.0 0.0 0.0 -0.15352337 0.0 -0.0 0.0 -0.0 0.0 -0.0 0.0 0.0 0.21491508 -0.31517977 -0.18835141 0.0 0.298134 0.0 -0.0 0.0 0.28105134 -0.0 0.0 0.0 -0.0 0.0 -0.0 0.0 0.0 0.0 0.0 0.0 0.0 0.1693417 -0.18700396 -0.0 0.0 -0.0 0.11822342 -0.0 -0.0 0.0 0.0 -0.13975821 0.0 -0.0 -0.0 -0.0 0.0 0.0 0.0 0.0 0.0 0.16665432
-0.0 0.0 -0.0 -0.0 -0.0 -0.20095256 -0.0 -0.0 0.0 0.0 0.0 -0.0 0.0 0.0 -0.0 -0.0 0.0 0.0 -0.0 -0.0 -0.0 -0.0 0.0 0.0 -0.0 0.34433827 -0.0 -0.0 0.0 0.0 -0.0 -0.0 0.0 0.0 0.0 -0.5518079 -0.0 -0.0 -0.0 -0.0 -0.0 0.0 0.0 0.0 0.0 -0.0 0.0 0.0 -0.0 0.0 0.0 0.0 0.0 0.0 -0.0 -0.0 -0.0 -0.0 -0.0 0.0 0.0 -0.0 0.0 -0.0
0.14489743 -0.0 -0.1519662 -0.0 0.0 -0.0 0.0 0.0 0.0 0.0 -0.0 -0.0 0.0 -0.3015653 0.0 -0.0 0.0 -0.0 0.0 -0.0 0.2436353 0.0 0.0 -0.0 0.0 -0.3158917 0.0 0.0 0.0 0.23846054 0.349003 -0.19120328 -0.0 0.0 0.0 0.0 0.0 0.0 0.0 -0.32298183 0.0 -0.0 0.0 0.0 -0.0 -0.0 -0.0 0.0 0.0 -0.0 -0.0 0.0 0.15458877 -0.0 -0.066334836 -0.0 -0.0 -0.0 0.0 -0.0 -0.0 0.0 0.0 -0.0
-0.0 0.0 -0.03643112 0.0 -0.0 -0.0 -0.045409624 0.0 0.0 0.0 0.0 0.0 -0.0 0.23399162 0.0 0.0 0.06789489 0.0 -0.0 0.0 0.0 -0.0 -0.11203145 -0.0 0.0 -0.0 0.0 0.15207805 0.0 0.0 -0.17234081 0.0 -0.0 0.12841046 -0.10185302 -0.0 -0.0 -0.0 0.0 -0.24470274 0.0 0.0 0.0 0.0 0.0 -0.0 0.0 -0.0 0.0 0.0 -0.13197662 0.0 -0.23982966 -0.11088948 -0.0 0.0 0.0 -0.0 0.0 0.20829232 0.0 0.0 0.0 0.0
0.17490388 0.0 -0.17678493 0.0 0.0 0.1653355 0.19387911 0.0 0.0 0.0 -0.0 0.0 0.0 -0.34154892 0.0 -0.0 0.0 0.0 0.0 -0.0 -0.0 0.0 0.268464 0.0 0.0 -0.0 0.0 -0.0 -0.0 -0.0 0.0 -0.0 0.0 0.0 -0.3410872 0.0 -0.0 0.0 0.0 0.0 0.0 0.0 -0.0 0.0 0.0 0.0 0.0 -0.0 -0.0 -0.0 -0.0 0.0 0.0 0.16511407 0.0 -0.0 -0.0 -0.24132934 -0.0 -0.0 0.0 0.0 -0.0 0.0
-0.0 -0.0 0.0 0.0 -0.0 0.0 0.0 0.0 -0.0 -0.0 -0.0 -0.0 -0.0 0.18167244 -0.0 -0.14696239 -0.0 -0.0 -0.0 -0.0 0.0 -0.0 0.0 -0.0 -0.0 -0.0 -0.0 -0.0 0.0 0.0 -0.09901399 0.0 -0.0 -0.0 0.0 -0.0 -0.0 -0.0 -0.0 0.0 -0.0 -0.0 -0.0 -0.0 -0.0 -0.0 0.0 -0.0 -0.0 -0.0 -0.0 -0.0 0.0 0.0 -0.0 0.0 0.0 -0.0 -0.0 -0.0 0.0 -0.0 -0.0 0.0
-0.0 0.0 0.0 0.0 0.0 -0.0 -0.0 -0.0 -0.0 -0.0 -0.0 -0.113940686 0.0 0.0 0.0 -0.0 -0.0 -0.0 -0.0 -0.0 0.0 -0.0 -0.0 0.0 0.0 -0.0 -0.0 -0.0 -0.0 0.0 0.0 -0.0 -0.69630104 0.0 0.0 0.0 0.0 -0.0 -0.0 -0.0 -0.0 -0.0 0.0 -0.0 0.0 -0.0 -0.0 0.0 0.0 0.0 0.0 0.0 -0.0 0.0 -0.0 0.0 -0.0 0.0 0.0 -0.0 -0.0 -0.0 0.0 0.0
-0.0 -0.0 -0.0 -0.0 0.24139932 -0.0 0.0 -0.5948751 -0.0 -0.0 -0.0 0.0 -0.0 -0.22676143 0.0 0.0 0.0 -0.0 0.0 -0.0 -0.0 0.0 0.0 0.0 0.0 0.010187853 -0.0 -0.17836504 0.0 -0.0 0.3173979 -0.0 -0.0 0.0 0.0 -0.0 0.0 0.0 0.0 -0.1630913 -0.0 0.0 -0.0 -0.0 0.0 0.0 -0.0 -0.1956413 -0.0 -0.0 -0.0 -0.0 0.26433408 0.0 0.0 -0.0 -0.0 0.0 0.0 0.23214452 -0.0 0.0 -0.0 -0.0
-0.12334233 0.0 0.0 0.0 -0.0 0.0 0.17465807 0.12114808 -0.0 -0.0 0.14142984 0.0 0.0 0.24932191 0.0 -0.0 0.12611212 0.0 -0.0 -0.0 0.120634615 0.0 -0.0 0.0 0.0 -0.0 -0.3813522 0.0 0.14600852 -0.0 -0.15227865 0.0 0.0 0.0 0.0 -0.14222905 0.0 -0.0 0.0 0.0 0.0 -0.13188958 -0.0 -0.27109855 0.0 -0.0 -0.0 -0.0 -0.0 -0.0 0.078933544 0.0 0.0 0.0 -0.0 0.0 0.0 0.0 0.0 0.0 0.0 0.0 0.0 -0.24934095
0.0 0.0 -0.0 0.0 0.0 -0.0 -0.0 -0.0 0.0 0.0 -0.0 0.0 0.0 -0.32950115 0.0 0.0 0.0 -0.0 -0.0 -0.0 -0.0 0.10334996 -0.0 -0.0 -0.0 0.0 -0.0 -0.0 -0.0 0.0 0.0 0.0 0.0 -0.0 0.1586027 0.20081466 -0.3169823 0.0 0.0 0.0 0.0 -0.0 -0.0 -0.0 0.0 -0.0 -0.0 0.0 -0.13820924 -0.0 0.0 -0.0 0.0 0.0 0.1878899 0.0 -0.0 -0.0 0.0 -0.0 0.0 0.0 -0.0 0.0
0.0 -0.0 -0.0 0.0 0.0 -0.0 0.0 0.14294545 0.16265336 -0.0 0.0 -0.0 -0.0 0.26865885 0.0 0.14139666 0.0 0.0 -0.0 -0.2642348 -0.0 -0.0 -0.0 0.1356844 0.15816651 0.0 0.0 0.0 -0.0 -0.0 -0.29814422 0.0 -0.11775127 0.0 0.0 -0.0 -0.0 -0.0 -0.0 0.0 0.0 0.0 -0.0 0.0 0.13930853 0.0 -0.1538528 0.0 -0.0 -0.18842173 -0.0 -0.0 0.0 0.0 -0.0 -0.1802756 0.0 -0.0 -0.0 0.0 -0.0 -0.0 -0.0 0.0
-0.1345666 -0.0 -0.0 -0.0 0.0 -0.0 0.0 -0.0 -0.0 -0.0 -0.0 -0.0 -0.0 -0.17300572 -0.0 -0.096554145 -0.0 -0.0 -0.0 0.0 -0.0 -0.0 -0.0 0.0 -0.0 -0.10994596 -0.0 0.0 -0.0991612 -0.10423704 -0.10791732 -0.0 -0.0 -0.0 -0.0 -0.15742023 -0.0 -0.0 -0.0 0.0 -0.0 -0.0 -0.14336173 -0.0 -0.0 -0.051118504 0.0 -0.0 -0.16362576 -0.0 -0.061630342 -0.0 0.0 -0.0 -0.069890454 -0.0 -0.0 -0.070916526 -0.0 0.0 -0.09861401 -0.0 -0.0 -0.0
-0.0 0.0 -0.0 0.0 -0.0 -0.08211549 -0.0 0.0 0.0 0.0 0.0 0.0 0.0 0.0 0.0 0.0 0.0 0.0 0.0 -0.0 0.0 0.0 -0.0 -0.0 0.0 -0.0 -0.0 0.0 0.19208878 0.0 0.0 -0.0 0.0 0.0 -0.0 -0.0 -0.08725422 -0.0 0.0 -0.0 0.0 0.0 -0.0 -0.0 0.0 0.0 0.0 0.0 -0.0 0.0 -0.1676585 0.0 0.0 -0.0 -0.0 -0.0 0.0 0.0 0.1644929 0.0 0.15033306 0.17957747 0.10621159 -0.0
0.0 -0.23497345 0.0 -0.0 -0.0 -0.0 -0.0 0.0 -0.0 0.30836898 -0.0 -0.0 -0.0 -0.25007564 -0.0 0.0 0.0 -0.0 -0.0 -0.0 -0.0 0.097171225 -0.0 -0.0 0.0 -0.0 -0.0 0.0 -0.0 -0.0 0.22056483 0.0 0.24294218 -0.0 0.0 0.0 0.0 0.0 -0.91987294 0.0 0.0 -0.0 -0.0 -0.0 -0.0 0.0 -0.0 -0.0 -0.0 -0.0 0.0 0.0 0.0 0.0 0.0 0.0 -0.0 0.0 0.0 0.0 -0.0 0.0 0.0 -0.0
0.0 -0.0 0.29791433 0.0 -0.0 -0.21441595 -0.522423 -0.0 -0.0 -0.0 0.0 -0.0 -0.0 0.44270864 0.0 0.0 0.0 0.0 0.0 0.16822147 0.0 -0.0 -0.40069342 -0.23802397 -0.07147866 0.0 -0.15990396 -0.0 -0.0 0.0 -0.43173072 0.0 0.0 0.0 0.39721268 0.0 0.0 -0.0 -0.0 -0.0 0.0 -0.0 0.0 -0.0 -0.0 0.0 -0.0 -0.0 0.0 0.0 0.16627184 0.0 -0.0 -0.23814982 0.0 0.0 0.0 0.28562537 -0.0 -0.0 -0.0 -0.0 -0.0 -0.0
0.0 -0.0 0.0 -0.0 0.0 0.0 -0.0 0.0 0.0 0.0 0.0 0.0 0.0 -0.0 0.0 -0.0 0.0 -0.0 -0.0 -0.0 0.0 0.0 -0.0 0.0 0.0 0.0 0.0 0.0 -0.0 0.0 0.29379866 0.0 0.0 0.0 -0.0 0.21025772 -0.0 0.0 0.0 0.0 -0.0 0.0 0.0 0.0 0.0 -0.0 -0.0 0.0 0.0 -0.0 0.0 -0.0 -0.0 0.0 0.0 0.0 -0.0 0.0 0.0 0.0 0.0 0.0 0.0 0.0
-0.0 -0.0 -0.0 0.0 -0.0 -0.0 0.0 -0.0 -0.0 0.0 -0.0 0.0 -0.0 0.0 -0.0 -0.0 -0.0 0.0 0.0 0.0 0.0 -0.0 0.0 0.0 -0.0 0.0 -0.0 -0.0 -0.0 0.0 -0.30861127 -0.0 0.0 -0.0 0.0 -0.0 0.0 -0.0 0.0 0.0 0.0 0.0 0.0 0.0 -0.0 0.0 0.0 0.0 -0.0 0.0 0.0 -0.0 -0.0 0.0 -0.0 0.0 0.0 -0.0 0.0 -0.0 -0.0 -0.0 -0.0 0.0
-0.0 0.0 -0.0 0.0 0.0 0.0 0.0 -0.0 -0.0 -0.0 -0.0 -0.0 0.0 0.0 0.0 -0.0 -0.0 0.0 -0.0 -0.0 -0.0 0.0 0.0 0.0 -0.0 -0.0 -0.0 -0.0 -0.0 -0.0 -0.0 -0.0 0.0 -0.0 0.0 -0.17564301 0.0 -0.0 0.0 0.0 -0.0 -0.0 -0.0 -0.0 -0.0 0.0 0.0 0.0 -0.0 0.0 -0.0 0.0 0.0 0.0 -0.0 -0.0 0.0 -0.0 -0.0 -0.0 -0.0 -0.0 -0.0 -0.0
-0.25092915 -0.0 0.0 0.0 -0.0 0.0 0.0 0.0 0.0 -0.0 0.15629645 0.0 -0.0 0.3605026 -0.15567592 -0.0 0.0 0.0 -0.0 0.31715554 -0.13009782 0.0 0.0 -0.0 -0.0 -0.0 0.0 0.0 -0.0 -0.0 -0.14041105 -0.0 0.0 -0.0 0.0 -0.0 -0.0 -0.0 0.0 0.0 0.0 0.0 -0.0 0.14652045 0.0 0.0 0.13795178 -0.0 -0.13405626 -0.0 -0.0 0.0 0.0 0.0 -0.0 -0.11078323 0.066907406 0.0 0.0 -0.0 -0.21898465 -0.120705426 0.0 -0.0
0.0 0.0 -0.0 0.0 0.0 -0.0 -0.0 0.0 -0.0 0.0 0.0 0.0 0.0 0.0 0.0 0.0 0.117811196 0.0 0.0 -0.0 -0.0 0.0 -0.0 -0.088906825 -0.0 0.0 -0.0 0.0 0.1253778 0.0 0.0 0.0 0.0 0.0 -0.0 -0.0 -0.09539598 -0.0 0.0 -0.0 0.0 0.0 0.0 -0.0 -0.0 0.0 -0.0 0.0 -0.0 0.0 -0.0 0.0 -0.0 -0.075440496 0.0 0.0 0.0 0.0 0.13809842 0.0 0.0 0.0 0.1347989 -0.0
0.0 0.0 -0.0 -0.0 0.0 0.0 -0.0 -0.0 -0.0 -0.3930218 0.0 -0.0 -0.23398115 -0.28297105 -0.0 -0.0 0.0 -0.0 -0.0 -0.0 0.0 -0.0 0.0 0.0 0.0 -0.0 -0.0 0.0 -0.0 0.0 0.37527716 -0.0 0.0 0.0 -0.0 0.0 0.0 0.0 -0.7129209 0.26242524 -0.0 0.0 0.0 0.0 -0.0 0.0 -0.0 -0.39772645 0.0 0.0 -0.0 -0.0 0.0 -0.0 0.0 -0.0 -0.0 0.0 -0.0 0.0 0.0 0.0 0.0 -0.0
-0.0 0.0 -0.0 -0.0 -0.0 0.0 0.0 -0.1089476 0.0 -0.0 0.0 -0.0 -0.0 0.31653756 -0.0 -0.0 -0.0 0.0 -0.0 0.0 -0.0 -0.0 0.0 -0.0 0.0 -0.0 0.0 0.36939532 0.0 0.0 -0.42735484 0.0 -0.0 -0.0 0.0 -0.0 -0.0 -0.0 -0.0 -0.0 -0.0 -0.0 0.0 0.0 0.0 0.0 0.0 -0.0 0.0 0.0 0.0 0.0 0.0 0.0 -0.0 0.0 0.0 0.0 0.0 -0.37363297 0.0 -0.0 0.0 0.0
0.0 -0.0 -0.0 -0.0 0.4886768 -0.0 0.0 0.0 0.0 0.0 -0.0 -0.0 -0.0 -0.35395145 0.0 -0.0 0.0 -0.0 -0.0 -0.0 -0.0 -0.0 -0.0 0.0 0.0 -0.0 0.0 -0.0 0.0 0.0 0.29957357 -0.0 -0.0 0.0 0.0 0.0 -0.0 0.0 0.0 -0.0 -0.0 0.0 -0.0 0.0 -0.0 -0.0 0.0 -0.70071155 -0.0 0.0 -0.0 -0.0 -0.0 0.0 0.0 0.0 -0.0 0.0 -0.0 -0.0 -0.0 0.0 0.0 -0.0
-0.25932962 -0.0 0.0 -0.0 0.0 0.0 -0.0 0.0 0.0 -0.0 -0.0 0.0 0.0 -0.44297382 -0.0 -0.6138146 -0.0 -0.0 -0.0 0.0 -0.0 0.0 -0.0 0.0 0.2527464 -0.0955794 0.0 0.0 0.35280702 -0.1675498 -0.0 -0.0 -0.0 0.0 0.0 -1.3691651 0.0 0.0 -0.0 0.0 0.0 0.0 0.0 0.3393013 -0.0 -0.20514625 0.0 -0.0 0.0 0.0 -0.0 -0.0 0.0 -0.0 -0.0 -0.0 -0.0 -0.0 0.0 0.0 -0.0 -0.0 0.0 -0.0
-0.0 0.0 0.0 -0.27644873 0.0 0.0 0.0 -0.0 -0.0 0.0 0.26918906 0.0 0.0 -0.0 -1.1144774 0.0 -0.0 0.0 -0.0 -0.0 -0.0 0.0 0.0 0.0 0.0 0.0 0.0 0.0 -0.0 0.0 -0.0 -0.0 0.0 -0.0 0.0 -0.0 0.0 0.0 -0.0 -0.0 -0.0 -0.0 0.0 -0.0 -0.0 0.0 -0.0 0.0 0.0 0.0 0.0 -0.0 -0.0 0.0 -0.0 0.0 -0.0 0.0 0.0 0.0 -0.0 -0.0 -0.0 0.0
-0.0 0.0 0.0 0.0 0.0 -0.0 -0.0 -0.0 -0.0 -0.0 0.0 0.0 0.2506764 0.0 0.0 -0.0 0.0 0.0 -0.0 -0.0 -0.0 0.0 0.0 -0.0 0.0 0.0 -0.0 -0.0 0.0 0.0 0.0 0.0 -0.5882816 -0.0 -0.0 -0.0 0.0 -0.0 0.0 0.0 -0.0 -0.0 0.0 -0.0 -0.0 -0.0 -0.0 -0.0 -0.0 0.0 0.0 0.0 0.0 -0.0 -0.0 0.0 -0.0 -0.0 0.0 0.0 0.0 0.0 -0.0 0.0
0.14685059 0.0 -0.14329731 0.0 0.0 -0.0 0.0 -0.0 -0.0 0.0 -0.0 -0.0 -0.0 -0.2867327 0.21856737 0.21513668 -0.2766655 -0.0 -0.0 0.0 -0.040779535 -0.0 -0.29704446 0.0 0.0 0.14887695 -0.0 0.0 0.21372645 0.0 0.21120232 -0.19994256 0.0 -0.29523075 0.0 0.0 -0.0 0.0 -0.0 -0.0 0.0 0.32715663 0.0 0.0 -0.0 0.0 -0.0 0.0 0.0 -0.0 -0.0 0.0 -0.0 0.0 0.2497039 -0.0 -0.0 0.0 -0.0 0.0 -0.0 -0.0 -0.0 -0.32758102
0.0 0.0 -0.0 -0.0 -0.0 -0.0 -0.0 -0.0 -0.0 -0.0 0.0 -0.0 -0.0 -0.14261246 -0.0 -0.0 0.0 -0.0 -0.0 -0.0 -0.0 0.0 0.0 -0.0 -0.0 0.0 0.0 -0.20985964 -0.0 -0.0 0.24908948 -0.0 0.0 0.0 0.0 0.0 -0.0 0.0 -0.0 -0.26972654 0.0 0.0 -0.0 -0.0 0.0 -0.0 -0.0 0.0 -0.0 -0.0 -0.0 -0.0 0.21225195 0.0 0.0 -0.0 -0.0 -0.0 -0.11747407 0.1517807 0.0 0.0 0.0 0.0
0.0 0.0 0.0 -0.0 -0.93796563 0.0 -0.0 0.0 -0.0 0.0 -0.0 -0.33416557 0.0 0.0 -0.0 -0.0 0.0 -0.0 -0.0 0.0 -0.0 -0.0 0.0 -0.0 -0.0 0.0 0.0 -0.0 0.0 -0.0 -0.0 -0.0 0.0 -0.0 0.0 0.0 0.0 -0.0 0.0 -0.0 -0.0 -0.0 -0.0 0.0 0.0 -0.0 0.0 0.51500607 -0.0 0.0 0.0 -0.0 -0.0 -0.0 0.0 0.0 -0.0 0.0 0.0 -0.0 -0.0 -0.0 -0.0 0.0
0.16314095 0.0 0.0 -0.0 0.0 -0.0 -0.0 0.0 -0.0 -0.0 0.0 -0.0 0.0 -0.19485825 0.0 -0.0 0.0 0.0 -0.0 -0.0 0.0 -0.0 0.0 -0.0 -0.0 -0.0 -0.0 -0.0 -0.0 0.0 0.19296174 -0.0 0.0 0.0 -0.0 0.0 0.0 0.0 0.0 0.0 0.0 0.0 0.0 -0.0 0.0 -0.0 -0.0 0.0 0.0 -0.0 -0.0 0.0 0.0 -0.0 0.0 -0.0 -0.0 -0.0 -0.12828176 -0.0 0.0 0.0 0.08416979 -0.0
-0.0 -0.14838757 -0.0 0.0 -0.14149372 0.0 0.0 0.0 0.0 0.0 0.0 -0.32891333 -0.26024696 0.25900677 0.0 0.0 0.0 0.0 0.0 -0.0 0.0 -0.09023251 -0.0 -0.0 0.0 -0.0 0.0 -0.0 0.0 0.0 -0.3675888 -0.0 -0.0 0.0 0.0 -0.12771787 0.0 -0.0 -0.3550344 -0.17211583 -0.0 0.0 0.0 -0.0 -0.0 0.0 -0.0 0.15655795 -0.0 0.0 0.0 -0.0 0.23432705 -0.0 -0.0 -0.0 0.0 -0.0 0.0 0.0 0.0 -0.0 -0.0 0.0
0.2097141 0.0 -0.1850758 0.0 -0.0 -0.0 0.0 0.0 0.0 0.0 -0.0 -0.0 0.0 -0.25681832 0.0 0.0 0.0 -0.0 -0.0 0.0 -0.0 0.0 -0.0 0.0 0.0 0.0 -0.0 -0.0 -0.0 0.0 0.14233369 -0.0 0.0 -0.15147562 0.0 0.1375109 0.171126 0.0 0.0 0.0 0.0 -0.0 -0.11587222 -0.0 0.0 -0.0 -0.0 -0.0 -0.0 -0.0 0.0 -0.0 0.0 0.0 0.0 -0.0 -0.0 0.12925784 0.0 -0.0 0.0 0.0 0.0 -0.0
-0.0 -0.0 0.0 0.0 0.0 0.0 -0.0 -0.0 -0.0 0.0 -0.0 0.0 0.0 0.0 -0.47403944 -0.0 -0.0 -0.0 -0.0 -0.0 -0.0 0.0 0.0 -0.0 -0.0 0.0 -0.0 -0.0 -0.0 0.0 -0.0 -0.0 0.0 -0.0 0.0 -0.0 0.0 0.0 -0.0 -0.0 0.0 -0.0 0.0 -0.0 -0.0 -0.0 -0.0 -0.0 0.0 0.0 -0.0 -0.0 0.0 0.0 0.0 -0.0 -0.0 0.0 -0.0 -0.0 -0.23213452 -0.0 -0.0 -0.0
-0.0 -0.0 0.0 -0.0 0.22815084 0.0 0.0 0.0 0.0 0.0 0.0 -0.0 -0.0 0.16475138 0.0 -0.0 0.0 -0.0 0.0 -0.0 -0.0 -0.0 -0.0 -0.0 -0.0 -0.0 0.0 -0.0 -0.0 -0.0 -0.14375536 -0.0 -0.0 0.0 -0.0 -0.0 -0.0 -0.0 0.0 -0.1700289 -0.0 0.0 -0.0 0.0 0.0 0.0 0.0 0.18212019 -0.0 -0.0 0.0 -0.0 -0.23368384 0.0 -0.0 -0.0 -0.0 -0.0 0.0 -0.0 0.0 -0.0 -0.0 0.0
-0.0 0.0 -0.0 0.0 0.0 -0.0 -0.0 -0.0 -0.0 0.0 0.0 -0.0 -0.0 0.0 0.0 0.0 0.0 0.0 0.0 -0.0 0.0 0.0 0.0 0.0 -0.0 -0.0 -0.0 -0.0 0.0 0.0 -0.4377587 0.0 0.0 -0.0 -0.0 -0.0 0.0 -0.0 -0.0 -0.0 0.0 0.0 0.0 -0.0 -0.0 0.0 0.0 0.0 -0.0 0.0 -0.0 -0.0 -0.0 -0.38615006 -0.0 -0.0 0.0 -0.0 0.0 -0.0 0.43092015 0.0 0.0 -0.0
0.21173148 0.0 0.4309588 -0.0 -0.0 0.0 -0.0 0.14008342 -0.0 0.0 -0.0 0.0 0.0 -0.099290386 -0.18599348 -0.2366041 0.0 -0.0 0.0 0.1536181 0.21881461 0.0 0.1948793 -0.31395778 -0.20687781 -0.5306918 0.2369071 0.0 -0.10484685 -0.41228482 0.38655272 0.28952488 0.0 0.15197365 -0.0 0.23216195 -0.26189166 0.0 0.0 -0.0 0.0 -0.0 -0.22121216 0.0 -0.12647216 0.0 -0.0 -0.23582152 -0.0 0.17608242 -0.16614492 0.0 -0.0 -0.0 -0.2846536 0.0 -0.0 -0.7002961 0.0 0.0 0.3396916 0.21063115 0.0 0.2049502
-0.0 0.0 -0.18620265 0.0 0.0 0.0 -0.0 -0.08487483 -0.0 0.0 -0.0 0.0 0.0 0.2442728 0.0 0.14669396 -0.09591307 0.0 0.0 0.0 -0.12044813 0.0 0.0 -0.20810561 -0.24724878 0.20201495 0.0 0.0 0.0 0.0 -0.42552933 -0.18584971 0.0 -0.22620495 0.0 0.0 -0.0 -0.0 -0.0 -0.0 0.0 0.15150057 0.15753412 0.22562473 -0.0 0.0 0.0 0.0 0.16186988 -0.0 -0.0 0.0 -0.0 -0.0 0.0 -0.1551935 0.0 0.21701282 0.0 -0.0 -0.0 -0.09619788 -0.0 0.1830686
0.0 0.0 0.0 0.0 0.0 -0.0 -0.0 0.0 -0.0 0.0 -0.0 -0.0 0.0 -0.0 0.0 -0.0 0.0 -0.0 -0.0 -0.0 -0.0 -0.0 0.0 0.0 -0.0 -0.0 0.0 0.17996858 0.0 0.0 0.0 0.0 -0.0 0.0 -0.0 0.0 0.0 0.0 -0.0 0.0 -0.0 0.0 -0.0 0.0 0.0 -0.0 0.0 0.0 0.0 -0.0 -0.0 0.0 -0.0 -0.0 0.0 -0.0 -0.0 0.0 0.0 0.0 -0.0 0.0 0.0 0.0
-0.0 0.0 0.0 0.0 0.0 0.0 0.0 0.0 -0.0 0.0 -0.0 0.0 0.0 0.23829274 -0.0 -0.0 0.0 0.0 0.0 -0.0 0.0 0.0 0.0 -0.0 -0.0 0.0 0.0 -0.0 0.0 0.0 -0.0 0.0 0.0 0.0 0.0 -0.0 0.0 -0.0 -0.0 0.0 0.0 -0.0 0.0 0.0 -0.0 0.0 0.0 0.0 0.0 -0.0 0.0 0.0 0.0 0.0 0.0 0.0 0.0 0.0 -0.0 -0.0 0.0 0.0 -0.0 0.0
-0.08566113 0.0 0.0 0.0 -0.0 0.0 -0.0 -0.0 -0.39401466 -0.0 -0.0 0.0 0.0 0.36354214 0.082383305 0.17868906 -0.21659555 0.0 0.0 -0.0 -0.0 0.0 0.21981458 -0.33906206 -0.13408643 0.0870872 0.0 0.0 0.18289423 0.12809503 -0.2459813 -0.0 0.0 -0.24855521 0.0 -0.17133754 0.0 -0.0 -0.0 0.0 0.0 0.18002374 0.0 0.0 -0.44152275 0.0 0.0 0.0 -0.0 -0.0 0.0 0.0 0.0 -0.0 -0.0 -0.0 0.0 0.0 0.0 0.0 0.0 0.0 -0.0 0.0
-0.0 0.0 -0.0 0.0 -0.0 0.0 0.0 0.0 -0.0 -0.0 -0.0 -0.0 -0.0 0.0 -0.0 -0.0 -0.0 0.0 0.0 0.0 -0.0 0.0 0.0 0.0 0.0 -0.0 -0.0 -0.0 -0.0 -0.0 -0.2260242 -0.0 -0.0 0.0 -0.0 -0.0 0.3241496 -0.0 -0.0 0.0 0.0 0.0 0.0 -0.0 -0.0 0.0 -0.0 0.0 0.0 -0.0 0.2746503 0.0 -0.0 0.0 0.0 0.0 0.0 -0.0 -0.0 -0.0 -0.43809065 -0.41496047 0.0 0.0
0.0 0.0 0.15444265 -0.0 -0.0 0.0 -0.0 0.0 -0.0 0.0 -0.0 0.0 0.0 -0.0 -0.0 -0.0 -0.0 -0.0 0.0 -0.0 0.0 0.0 -0.0 -0.0 -0.0 0.0 -0.0 -0.0 -0.33757138 -0.0 -0.0 -0.0 -0.0 -0.18894511 0.0 -0.0 0.0 -0.0 0.0 -0.0 0.0 -0.0 -0.0 -0.0 -0.0 0.0 0.0 -0.0 0.0 -0.0 0.0 0.0 -0.0 -0.0 0.0 -0.0 -0.0 0.0 -0.40954578 -0.0 -0.0 -0.30758363 -0.5442689 -0.0
0.0 0.0 -0.0 0.0 -0.0 -0.0 -0.0 -0.0 0.0 -0.0 -0.0 -0.0 -0.0 -0.32190964 0.0 -0.0 -0.0 -0.0 0.0 0.0 0.0 -0.0 0.0 0.0 -0.0 0.0 -0.0 -0.26504523 -0.0 -0.12679254 0.37269947 -0.0 0.0 -0.0 0.0 0.0 0.0 0.0 0.0 0.0 -0.0 -0.0 -0.0 -0.0 -0.0 -0.0 -0.0 0.0 0.0 -0.0 -0.0 -0.0 -0.0 0.0 0.0 0.0 -0.0 0.0 0.0 0.22668137 -0.0 0.0 -0.0 -0.0
-0.0 -0.0 0.0 -0.0 -0.0 0.0 0.0 -0.0 0.0 -0.0 -0.13570592 -0.0 -0.0 0.0 -0.17050053 -0.18607292 -0.0 0.0 0.0 -0.0 0.0 0.0 0.0 0.17406873 0.0 -0.0 -0.0 -0.0 -0.0 -0.0 -0.25693303 0.0 0.0 -0.0 0.0 -0.0 0.0 -0.0 -0.0 -0.0 0.0 -0.1238348 0.0 -0.0 -0.0 0.0 0.0 -0.0 -0.0 0.0 0.0 0.0 -0.0 0.0 -0.0 0.0 0.0 -0.0 0.0 0.0 -0.0 -0.0 0.0 -0.0
-0.0 0.0 0.098383576 0.0 0.0 0.0 0.0 -0.0 0.0 -0.0 -0.0 0.0 0.0 0.18205197 -0.0 -0.0 -0.0 0.0 0.0 -0.0 0.0 0.0 0.0 0.0 0.0 0.0 0.0 -0.23641193 -0.0 0.0 -0.062634274 -0.0 0.0 -0.0 0.1810151 -0.0 0.0820017 -0.0 0.0 0.12660953 -0.0 -0.0 0.0 -0.0 0.0 0.0 0.0 0.0 0.0 0.0 0.0 0.0 0.16673188 0.0 0.0 -0.0 0.0 0.0 -0.1730779 -0.24532364 -0.1058425 -0.17262344 -0.16611835 0.0
-0.10283905 -0.0 -0.0 -0.0 0.0 0.0 0.0 0.0 0.0 0.0 -0.0 0.0 0.0 0.31310365 0.0 -0.0 -0.0 0.0 0.0 -0.0 0.0 0.0 0.0 0.0 0.0 -0.0 0.0 0.0 0.0 0.0 -0.34424517 0.0 -0.0 -0.0 -0.0 -0.15608367 -0.0 -0.0 0.0 -0.0 0.0 -0.0 0.0 0.0 0.0 0.0 -0.0 0.0 0.13883132 -0.0 0.0 0.0 -0.0 0.0 -0.0 -0.0 0.0 0.0 0.17729862 -0.0 -0.06824033 -0.1687843 -0.3086175 0.0
-0.0 -0.0 0.0 -0.0 0.0 0.0 -0.0 -0.0 -0.0 -0.0 0.0 0.0 0.0 0.3309745 0.0 -0.0 0.0 0.0 -0.0 -0.0 -0.0 0.0 -0.0 0.0 -0.0 0.0 0.0 -0.0 0.0 -0.0 -0.3100824 0.0 0.0 -0.0 0.0 -0.0 -0.0 -0.0 0.0 -0.48145983 -0.0 -0.0 0.0 -0.0 -0.0 0.0 0.0 -0.0 -0.0 0.0 0.0 -0.0 0.21740395 0.0 -0.0 0.0 0.0 0.0 0.0 -0.0 0.0 -0.0 -0.0 0.0
-0.0 -0.0 -0.0 0.0 -0.0 -0.35742658 -0.3079116 -0.0 0.25807506 0.0 -0.0 0.0 0.0 0.25924635 -0.0 0.0 -0.0 0.0 0.0 0.0 0.0 -0.0 -0.15805487 0.0 0.14696382 -0.0 0.0 -0.0 -0.19674048 0.0 -0.35133576 0.0 -0.0 0.0 0.0 0.0 -0.0 -0.0 -0.0 0.0 0.0 0.0 0.2673714 0.0 0.18540205 0.0 0.0 -0.0 0.12741345 0.1978874 -0.0 -0.0 0.0 -0.08830904 -0.0 0.0 0.0 0.0 -0.0 -0.0 -0.30268446 -0.089082666 -0.0 0.0
-0.33888015 0.0 -0.0 -0.20932104 -0.0 -0.0 -0.0 -0.0 0.0 -0.0 -0.0 0.0 0.0 0.0 0.0 0.23999949 -0.0 0.0 0.0 0.0 0.0 -0.0 -0.0 -0.0 -0.0 0.0 0.0 -0.0 -0.0 0.0 -0.0 0.0 0.0 -0.0 0.0 -0.46787435 -0.0 -0.0 -0.0 -0.0 -0.0 0.0 0.0 0.0 0.0 0.2805885 0.0 -0.0 -0.0 0.0 0.0 0.0 -0.0 0.0 -0.0 0.0 0.0 -0.0 -0.0 -0.0 0.0 0.0 -0.0 0.0
0.0 0.0 0.0 -0.0 0.0 -0.0 -0.0 0.0 0.20869376 -0.0 -0.0 0.0 0.0 -0.16542871 -0.063207164 -0.5060952 0.0 -0.0 0.0 0.0 0.0 -0.0 -0.0 0.0 0.21546872 -0.0 -0.14207809 0.0 -0.0 -0.0 0.43146 0.0 0.0 0.0 0.0 -0.0 0.0 0.0 0.0 0.0 -0.0 -0.26689297 -0.0 -0.111830585 0.0 -0.0 -0.0 0.0 -0.18271445 -0.0 -0.0 -0.0 0.0 -0.0 -0.0 -0.0 -0.0 0.0 -0.0 0.0 0.0 0.17339058 0.0 -0.14812592
-0.0 -0.14061621 0.0 -0.0 0.0 0.0 0.0 -0.0 -0.0 -0.0 0.0 0.43861672 -0.0 0.37250742 0.0 0.0 0.0 0.114466906 0.17897774 0.0 0.0 -0.0 0.0 0.0 0.0 -0.0 -0.0 -0.0 0.0 0.0 -0.0 -0.0 0.0 0.0 0.0 -0.0 0.0 -0.0 0.0 -0.0 -0.0 0.0 0.0 -0.0 -0.0 0.17987657 0.0 0.0 0.0 0.0 0.0 -0.0 0.0 0.0 -0.0 0.0 0.11541193 -0.0 -0.0 -0.0 0.0 -0.0 0.0 -0.0
0.0 -0.0 -0.0 0.0 0.0 0.0 -0.0 0.0 0.0 -0.0 -0.0 -0.0 -0.0 -0.2541378 0.0 0.0 0.0 -0.0 -0.0 -0.0 0.0 0.0 -0.0 0.0 0.0 0.0 0.0 -0.0 -0.0 0.17625964 0.0 -0.0 -0.0 0.0 0.0 0.0 0.0 0.0 0.0 0.0 -0.0 -0.0 0.0 -0.0 -0.0 -0.0 0.0 0.0 0.0 -0.0 0.0 -0.0 0.0 -0.0 0.0 0.0 -0.0 -0.0 -0.0 0.0 0.0 0.13711075 -0.0 0.0
-0.07554722 -0.0 -0.0 -0.0 -0.0 0.0 0.0 -0.0 -0.14179057 0.0 0.0 0.0 0.0 0.0 -0.14291938 -0.0 0.15951928 0.0 0.0 0.0 0.0 -0.0 0.0 0.31687096 0.0 0.0 -0.0 -0.0 0.10107728 0.0 -0.3229415 0.0 0.0 0.0 0.0 -0.0 0.0 -0.0 -0.0 -0.0 -0.0 0.0 0.20361778 0.0 -0.0 0.113612175 -0.0 -0.0 0.19815479 0.0 -0.0 0.0 0.0 0.0 -0.20208031 -0.0 0.0 -0.0 -0.0 0.0 0.0 -0.16422632 0.0 -0.0
0.0 -0.0 -0.81149715 0.0 0.0 -0.0 0.32635504 -0.0 0.16702507 -0.0 -0.0 -0.0 -0.0 0.4034103 0.0 0.0 -0.2693756 0.0 -0.0 0.0 -0.31321797 0.0 -0.44489685 0.40956366 0.2440742 0.3131217 -0.37695235 0.0 0.36889085 0.15523256 -0.33409265 -0.37209076 -0.0 -0.35988036 -0.0 -0.0 -0.16746123 -0.0 -0.0 0.0 0.0 0.23800704 0.0 -0.0 0.07513476 0.0 0.0 -0.0 -0.0 -0.0 -0.0 -0.0 -0.0 0.0 0.26768595 -0.47213095 0.0 0.618258 0.0 0.0 -0.0 -0.0 0.0 -0.4623747
-0.09634024 -0.0 -0.15520579 0.0 0.0 -0.0 -0.0 0.0 0.0 0.0 0.0 0.0 0.0 0.28547305 0.0 0.15912484 0.0 0.0 0.0 -0.0 0.0 0.0 -0.0 -0.0 -0.0 0.0 0.0 -0.0 0.0 0.0 -0.34431288 -0.0 0.0 0.0 0.0 -0.0 -0.0 -0.0 0.0 -0.0 0.0 -0.0 0.0 -0.0 0.0 0.0 0.0 0.0 -0.0 0.0 -0.0 0.0 0.0 -0.0 -0.10511802 -0.0 0.0 -0.23291877 -0.0 0.0 0.11072263 -0.0 0.0 0.0
0.0 0.0 0.0 0.0 -0.0 0.0 -0.0 -0.0 -0.0 0.0 -0.0 -0.0 -0.0 -0.0 -0.0 -0.0 -0.0 -0.0 0.0 -0.0 -0.0 0.0 -0.0 -0.0 0.0 0.0 -0.0 -0.0 -0.0 -0.0 0.0 0.0 -0.0 -0.0 0.0 0.0 -0.0 0.0 -0.0 -0.0 0.0 -0.0 -0.0 -0.0 -0.0 0.0 -0.0 -0.0 0.0 0.0 0.0 0.0 -0.0 -0.0 0.0 0.0 -0.0 0.0 0.0 -0.0 0.0 0.0 -0.0 -0.0
-0.0 0.0 -0.0 -0.0 0.0 -0.0 -0.0 0.0 -0.0 0.0 0.0 -0.0 -0.0 0.0 -0.0 0.0 0.0 -0.0 -0.0 -0.0 -0.0 -0.0 -0.0 -0.0 -0.0 -0.0 -0.0 0.0 -0.0 -0.0 0.0 -0.0 0.0 -0.0 -0.0 -0.0 -0.0 -0.0 -0.0 -0.0 -0.0 0.0 -0.0 -0.0 -0.0 -0.0 -0.0 0.0 -0.0 0.0 -0.0 -0.0 -0.0 -0.508639 -0.0 -0.0 -0.0 -0.0 0.0 0.0 0.0 0.0 0.0 -0.0
-0.0 0.0 0.0 0.0 -0.5427191 0.0 -0.0 -0.2989514 -0.0 -0.19575258 -0.0 0.0 -0.0 0.3560691 -0.0 0.0 0.0 0.0 -0.0 0.0 -0.0 -0.0 -0.0 -0.0 -0.0 -0.0 0.0 0.0 0.0 0.0 -0.31700823 0.0 -0.14279434 -0.0 0.0 -0.0 -0.0 -0.0 0.0 0.25675857 -0.0 0.0 0.0 0.0 0.0 0.0 0.0 0.40801537 -0.0 0.0 0.0 0.0 -0.0 0.0 -0.0 0.0 0.0 0.0 -0.0 -0.0 0.0 -0.0 -0.0 0.0
-0.0 -0.2980854 -0.0 0.0 -0.0 0.0 0.0 -0.0 0.0 -0.60436475 0.0 0.0 0.0 0.18735239 -0.0 0.0 0.0 0.0 0.0 -0.0 0.0 -0.0 0.0 -0.0 0.0 -0.0 0.0 0.0 0.0 0.0 -0.17228729 -0.0 -0.5202657 0.0 0.0 -0.0 0.0 -0.0 0.16630624 0.0 0.0 0.0 0.0 -0.0 0.0 -0.0 0.0 -0.0 0.0 -0.0 -0.0 -0.0 -0.0 0.0 -0.0 0.0 0.0 0.0 0.0 -0.0 0.0 -0.0 0.0 0.0
-0.0 0.0 0.12654045 0.0 0.0 0.0 0.0 -0.0 0.0 -0.0 -0.0 0.0 0.0 0.36022678 -0.24906112 -0.20565239 -0.25004697 0.0 0.0 0.0 -0.0 -0.0 0.0 0.0 -0.0 -0.0 0.0 -0.12133045 -0.16951737 -0.0 -0.23937917 -0.0 -0.0 -0.0963408 0.0 -0.0 0.0 -0.0 0.0 0.0 0.0 -0.0 0.0 -0.0 -0.0 0.0 0.09829349 0.0 0.0 -0.0 0.0 0.0 -0.0 0.20677729 -0.0 -0.0 0.0 0.0 -0.0 -0.11999281 -0.20358877 -0.27668273 -0.0 0.0
-0.0 -0.0 0.0 -0.0 -0.0 0.0 0.0 -1.0703013 -0.0 0.0 -0.0 0.0 0.0 0.32451332 -0.0 0.0 -0.0 0.0 0.0 0.0 0.0 -0.0 0.0 -0.0 -0.0 -0.0 -0.0 -0.0 0.0 0.0 -0.3131568 0.0 0.0 -0.0 -0.0 -0.0 -0.0 -0.0 -0.0 -0.0 0.0 -0.0 0.0 -0.0 -0.0 -0.0 0.0 -0.20662738 0.0 0.0 -0.0 -0.0 -0.0 0.0 -0.0 0.0 0.0 0.0 0.0 -0.0 0.0 -0.0 -0.0 0.0
0.0 0.0 0.0 0.0 0.0 -0.0 -0.0 -0.0 -0.0 0.0 -0.0 0.0 0.0 -0.0 -0.0 -0.0 -0.0 0.0 0.0 -0.0 0.0 0.0 -0.0 0.0 0.0 -0.0 -0.0 0.0 -0.0 0.0 0.0 -0.0 -0.0 -0.0 0.0 0.0 0.0 0.0 -0.0 0.0 0.0 -0.0 -0.0 -0.0 -0.0 -0.0 -0.0 -0.0 -0.0 0.0 -0.0 0.0 -0.0 -0.0 0.0 -0.0 -0.0 -0.0 -0.0 -0.0 0.0 0.0 -0.0 -0.0
-0.0 -0.0 0.0 -0.0 -0.0 0.0 0.0 -0.0 0.0 0.0 -0.0 0.0 0.0 0.32193342 0.0 0.0 0.0 0.0 -0.0 -0.0 0.0 -0.0 0.0 0.0 0.0 0.0 0.0 -0.0 0.0 0.0 -0.17617139 0.0 -0.0 0.0 0.0 -0.0 -0.0 -0.0 -0.0 0.0 -0.0 0.0 0.0 0.0 0.0 0.0 -0.0 -0.0 0.0 0.0 -0.0 0.0 0.0 0.0 -0.0 -0.0 0.0 0.0 0.0 -0.0 0.0 -0.0 0.0 -0.0
-0.0 0.0 -0.0 -0.0 0.0 -0.0 -0.0 0.0 -0.0 0.0 -0.0 0.0 -0.0 -0.0 -0.0 -0.0 -0.0 -0.0 -0.0 -0.0 -0.0 -0.0 -0.0 -0.0 -0.0 -0.0 -0.0 -0.0 -0.0 -0.0 0.0 -0.0 0.0 -0.0 -0.0 -0.0 -0.0 -0.0 -0.0 -0.0 -0.0 -0.0 -0.0 -0.0 -0.0 -0.0 -0.0 -0.0 -0.0 -0.0 -0.0 -0.0 -0.0 -0.0 -0.0 -0.0 -0.0 -0.0 -0.0 -0.0 -0.0 -0.0 -0.0 -0.0
-0.0 -0.0 -0.1564294 -0.0 -0.0 -0.0 -0.0 0.0 -0.0 0.0 0.0 0.0 -0.0 -0.0 0.0 0.0 0.0 -0.0 -0.0 -0.0 0.0 -0.0 -0.0 -0.0 0.0 -0.0 0.0 0.0 0.0 0.0 -0.3650646 0.0 -0.0 0.0 -0.31193224 0.0 -0.0 -0.0 0.0 -0.0 -0.0 -0.0 0.0 -0.0 -0.0 0.0 0.0 0.0 0.13348724 0.19975942 -0.0 0.0 -0.0 -0.0 -0.0 0.0 -0.0 -0.15934777 -0.0 0.0 0.0 -0.0 -0.0 0.0
0.0 0.0 0.0 -0.0 0.0 0.28729647 0.13306871 -0.0 -0.08579723 -0.0 0.0 -0.0 -0.0 -0.22861739 -0.0 -0.13057564 0.0 -0.0 0.0 0.0 0.0 -0.0 0.22362074 -0.0 -0.108364336 0.0 -0.17119384 -0.0 -0.0 0.0 0.22947128 -0.0 0.0 0.0 0.0 -0.0 0.0 0.0 0.0 0.0 -0.0 -0.0 -0.0 -0.19549762 -0.15783454 0.0 -0.0 0.0 -0.0 -0.0 0.0 0.0 0.0 0.0 0.0 -0.0 -0.0 -0.0 -0.0 -0.0 -0.0 0.0 0.0 0.0
0.0 0.0 0.11815519 0.0 0.0 0.0 0.16501689 -0.0 0.0 0.0 -0.0 0.0 0.0 -0.20998196 0.0 0.0 -0.0 -0.0 0.0 -0.0 -0.0 0.0 -0.0 -0.0 0.1921702 -0.0 0.1179457 0.0 0.0 -0.0 0.15970515 -0.13570613 -0.0 -0.0 0.0 0.0 0.0 0.0 0.0 0.0 0.0 -0.0 -0.1640734 -0.0 0.0 -0.0 -0.0 0.0 0.17469408 -0.0 0.0 0.0 0.0 -0.0 0.27049014 0.0 0.0 0.0 0.0 0.0 -0.0 -0.0 -0.0 -0.0
0.51862067 0.22293337 -0.0 0.17796506 0.0 -0.0 -0.0 -0.0 0.0 0.0 -0.0 -0.0 0.0 -0.0 -0.0 -0.0 0.0 -0.0 -0.0 0.0 -0.0 -0.0 0.0 0.0 0.0 -0.0 0.0 -0.0 -0.0 0.0 0.13868544 -0.0 -0.17983317 0.0 -0.0 0.0 -0.0 0.0 0.0 -0.0 -0.0 0.0 0.0 0.0 0.0 -0.0 0.0 0.0 -0.0 0.0 -0.0 -0.0 0.0 -0.0 0.0 -0.0 -0.0 -0.0 -0.0 0.0 -0.0 0.0 0.0 0.0
-0.0 0.0 0.0 -0.0 0.0 0.0 0.0 -0.0 -0.0 -0.0 0.0 -0.3390253 0.3992995 0.2811183 0.0 -0.0 0.0 0.0 -0.0 0.0 -0.0 0.0 0.0 0.0 0.0 0.0 0.0 -0.0 0.0 -0.0 -0.0 0.0 -0.84974545 0.0 -0.0 -0.0 -0.0 -0.0 -0.0 -0.0 -0.0 -0.0 0.0 -0.0 0.0 0.0 0.0 -0.0 -0.0 -0.0 0.0 0.17493227 -0.0 -0.0 -0.0 0.0 -0.0 -0.0 0.0 0.0 -0.0 -0.0 0.0 0.0
-0.0 0.0 0.21373 0.0 -0.0 0.0 0.0 -0.0 0.0 -0.0 0.0 0.0 0.0 0.26898125 0.0 0.0 0.0 0.0 0.0 0.0 -0.24504915 -0.0 -0.0 -0.0 0.0 0.23564267 0.0 0.0 0.0 -0.27268568 -0.41230386 0.22973795 0.0 -0.0 -0.20205756 -0.0 -0.0 -0.0 -0.0 -0.27088583 -0.0 -0.0 -0.0 0.0 0.0 -0.0 -0.0 0.0 0.0 -0.0 -0.0 -0.0 0.12697166 -0.0 -0.0 0.0 0.084886774 0.0 -0.0 0.0 0.0 -0.0 -0.0 0.0
0.28216642 0.0 0.0 0.0 0.0 0.0 0.0 0.0 -0.0 0.0 -0.0 0.0 0.0 -0.2775173 -0.0 -0.13669962 -0.0 0.0 0.0 0.0 0.0 0.0 0.0 0.0 -0.0 0.0 -0.0 0.0 -0.0 0.0 0.0 0.0 0.0 -0.15730953 0.0 0.0 0.21152452 0.0 0.0 0.0 0.0 -0.0 0.0 -0.0 -0.15848805 0.0 -0.0 0.0 -0.0 -0.0 0.2013591 0.0 -0.0 0.09221738 0.0 -0.0 -0.0 -0.0 -0.0 -0.0 -0.0 -0.0 0.0 -0.0
0.0 0.6163895 -0.0 0.0 -0.0 -0.0 -0.0 -0.0 -0.0 0.0 0.0 -0.0 0.31773037 -0.2586419 -0.0 -0.0 -0.0 0.0 -0.0 0.0 -0.0 -0.0 0.0 0.0 -0.0 0.0 -0.0 -0.0 -0.0 0.0 0.0 0.0 -0.35137087 -0.0 -0.0 0.0 -0.0 0.0 -0.5322856 -0.0 -0.0 -0.0 -0.0 -0.0 -0.0 -0.0 0.0 -0.0 0.0 0.0 -0.0 0.0 0.0 -0.0 0.0 -0.0 -0.0 -0.0 0.0 0.0 -0.0 -0.0 0.0 -0.0
-0.0 -0.0 0.0 -0.0 -0.0 0.0 0.0 0.0 0.0 0.0 0.0 0.0 0.0 0.28465188 -0.0 -0.0 0.0 0.0 -0.0 0.0 0.0 -0.0 0.0 0.0 0.0 0.0 0.0 0.0 0.0 0.0 -0.20568505 0.0 0.0 0.0 -0.0 -0.0 0.0 -0.0 0.0 -0.0 -0.0 0.0 0.0 0.0 -0.0 -0.0 -0.0 0.0 0.0 0.0 0.0 -0.0 -0.0 0.0 -0.0 -0.0 -0.0 -0.0 0.0 0.0 0.0 -0.0 0.0 -0.0
0.0 0.0 -0.0 0.0 0.0 -0.0 0.0 0.0 0.0 0.0 0.0 0.0 0.0 -0.0 0.0 -0.0 0.0 0.0 -0.0 -0.0 0.0 0.0 0.0 0.0 0.0 0.0 -0.0 -0.0 0.0 0.0 0.0 0.0 0.0 0.0 0.0 0.0 0.0 0.0 -0.0 -0.0 0.0 0.0 0.0 0.0 0.0 0.0 0.0 -0.0 0.0 0.0 0.0 0.0 0.0 0.0 0.0 0.0 -0.0 -0.0 -0.0 -0.0 0.0 0.0 0.0 0.0
-0.8834632 0.0 0.0 0.0 -0.0 -0.0 -0.0 -0.0 -0.0 -0.0 0.0 0.0 0.0 0.0 0.0 0.0 -0.0 0.0 0.0 -0.0 -0.0 -0.0 -0.0 -0.0 -0.0 0.0 -0.0 -0.0 -0.0 0.0 -0.0 -0.0 0.0 -0.0 0.0 -0.0 -0.0 -0.0 -0.0 -0.0 -0.0 0.0 0.0 -0.0 0.0 0.0 0.0 -0.0 -0.0 -0.0 -0.0 0.0 -0.0 -0.0 -0.0 -0.0 0.0 0.0 0.0 -0.0 -0.0 -0.0 0.0 -0.0
-0.0 -0.0 -0.0 0.0 -0.0 -0.0 -0.0 -0.0 -0.0 -0.0 -0.0 -0.0 -0.0 0.0 -0.0 -0.0 -0.0 -0.0 -0.0 -0.0 -0.0 -0.0 -0.0 -0.0 -0.0 -0.0 -0.0 -0.0 -0.0 -0.0 -0.26185098 0.0 -0.0 -0.0 -0.0 -0.0 0.0 -0.0 -0.0 -0.0 -0.0 -0.0 -0.0 -0.0 -0.0 -0.0 -0.0 -0.0 -0.0 -0.0 0.0 -0.0 -0.0 -0.1273624 -0.0 -0.0 0.0 -0.14362818 -0.0 -0.0 -0.0 -0.0 -0.0 -0.0
-0.0 -0.0 0.0 0.0 -0.0 -0.0 -0.0 0.0 -0.0 -0.0 -0.0 0.13142018 -0.0 -0.0 0.0 -0.0 -0.0 -0.0 0.0 -0.0 -0.0 0.10653121 -0.0 -0.0 0.0 0.0 -0.0 -0.0 0.0 -0.0 0.34715027 0.0 0.29654112 0.0 0.0 0.0 0.0 0.0 -0.0 -0.0 0.0866782 -0.0 0.0 0.0 -0.0 -0.0 -0.0 -0.0 0.0 0.0 0.0 -0.0 0.0 -0.0 0.0 0.0 0.0 -0.0 0.0 -0.0 -0.0 0.0 0.0 -0.0
-0.068876944 -0.1583461 -0.0 -0.0 0.0 0.0 0.0 -0.23656878 -0.0 0.0 -0.0 0.117991135 0.0 0.15296341 -0.0 -0.0 0.0 0.0 0.0 -0.0 0.0 0.0 0.0 -0.0 0.0 -0.0 0.0 -0.0 0.0 -0.0 -0.2758776 0.0 0.0 0.0 -0.0 -0.0 -0.0 -0.0 0.0 -0.0 0.0 -0.0 0.0 -0.0 -0.0 0.0 0.0 0.0 0.0 0.14409329 -0.0 0.0 -0.330091 -0.0 0.0 0.0 0.0 -0.0 0.0 -0.0 0.0 0.0 0.0 0.0
-0.0 -0.0 -0.0 -0.0 -0.0 0.0 -0.0 -0.0 -0.0 -0.0 -0.0 0.0 0.0 0.0 -0.0 -0.0 -0.0 0.0 -0.0 0.0 -0.0 -0.0 -0.0 -0.0 0.0 -0.0 -0.0 -0.0 -0.0 -0.0 -0.0 0.0 -0.0 -0.0 -0.0 -0.0 -0.0 -0.0 0.0 -0.0 -0.0 -0.0 -0.0 -0.0 0.0 -0.0 0.0 0.0 -0.0 -0.0 -0.0 0.0 -0.0 0.0 -0.0 -0.0 0.0 -0.0 -0.0 -0.0 -0.0 -0.0 -0.0 -0.0
0.0 0.0 -0.0 -0.0 -0.0 -0.0 -0.0 0.0 0.10200605 -0.0 -0.0 0.0 0.0 -0.25098073 -0.43267035 -0.31138977 -0.0 -0.0 0.0 0.17613944 0.0 0.0 0.0 0.0 0.0 -0.0 -0.0 -0.0 -0.2875826 -0.0 0.27599326 0.0 -0.0 0.26230717 -0.0 0.0 -0.0 0.0 0.0 0.0 -0.0 -0.34178373 0.2689997 -0.17336135 0.21908955 -0.0 0.0 -0.0 0.25594798 0.0 0.0 -0.0 0.0 -0.0 0.18475279 -0.0 -0.0 0.0 -0.0 -0.0 -0.0 -0.0 -0.0 0.0
-0.0 0.0 -0.0 0.0 0.0 0.0 -0.0 -0.0 0.0 0.0 0.0 0.0 0.0 -0.30131146 0.0 0.0 -0.0 -0.0 -0.0 -0.0 -0.32682222 -0.0 0.0 0.0 0.0 0.25240833 0.0 0.0 -0.0 -0.29730225 0.39969385 0.2784297 0.0 -0.0 0.0 0.0 -0.0 0.0 -0.0 0.21310697 -0.0 0.0 -0.0 0.0 -0.0 -0.0 -0.0 -0.0 -0.0 -0.0 -0.0 -0.0 -0.35654825 0.0 0.13627887 0.0 -0.0 -0.27862054 0.0 0.0 0.0 0.0 0.0 -0.0
-0.0 0.0 -0.0 -0.0 -0.28581852 -0.0 0.0 -0.16920109 0.0 -0.45983276 -0.0 -0.0 -0.20591322 0.24222735 0.0 0.0 0.0 0.0 -0.0 -0.0 0.0 -0.0 -0.0 -0.0 -0.0 -0.0 0.0 0.18201913 0.0 0.0 -0.28885671 -0.0 0.0 -0.0 0.0 -0.0 -0.0 -0.0 -0.3539461 0.18169618 -0.0 -0.0 -0.0 -0.0 0.0 -0.0 0.0 -0.24127913 -0.0 0.0 0.0 -0.0 0.17799157 0.0 -0.0 0.0 0.0 0.0 -0.0 0.1321235 0.0 -0.0 -0.0 0.0
-0.0 -0.0 -0.0 0.0 -0.0 0.0 0.31147158 -0.0 -0.0 -0.0 -0.0 -0.0 -0.0 0.20691547 -0.0 -0.0 -0.0 0.0 -0.0 -0.0 0.0 -0.0 0.0 -0.0 -0.31134883 -0.0 -0.0 0.0 0.0 0.0 -0.19139908 -0.0 -0.0 -0.0 -0.0 -0.0 -0.0 -0.0 -0.0 0.0 -0.0 -0.38870326 -0.0 -0.19986545 -0.0 -0.0 0.0 -0.0 -0.0 -0.0 -0.0 -0.0 0.0 -0.0 0.0 -0.0 0.0 0.0 0.0 -0.0 0.29142797 0.17564234 0.0 -0.0
-0.0 -0.0 -0.1705408 -0.0 -0.0 0.0 0.0 0.0 0.0 0.0 -0.0 0.0 0.0 0.26310813 0.0 0.0 -0.0 0.0 0.0 -0.0 0.0 0.0 0.0 -0.0 -0.0 0.0 0.0 -0.0 0.13274738 -0.0 -0.3231068 0.0 0.0 0.0 0.17836331 -0.0 -0.0 -0.0 0.0 0.0 -0.0 0.0 0.0 0.0 0.0 0.0 -0.0 -0.0 0.0 -0.0 0.0 0.0 -0.0 0.0 -0.0 0.0 0.0 -0.08104368 0.0 -0.0 -0.10374617 -0.0 -0.0 0.0
0.0 -0.22357361 0.0 -0.0 0.0 -0.0 0.0 0.0 -0.0 -0.0 0.0 -0.0 -0.0 -0.30032146 -0.0 0.0 -0.0 -0.0 -0.0 -0.0 0.0 0.0 -0.0 -0.0 -0.0 -0.0 0.0 0.0 -0.0 0.0 0.0 -0.41809174 0.34982377 -0.0 -0.0 -0.0 -0.0 0.0 -0.0 0.0 0.0 -0.0 -0.0 -0.0 0.0 0.0 0.0 0.0 -0.0 -0.0 -0.0 0.0 0.0 -0.0 -0.0 -0.0 0.0 0.0 0.0 0.0 -0.0 -0.0 -0.0 0.0
-0.0 0.0 0.0 0.0 -0.0 0.0 0.0 -0.0 0.0 -0.17348559 0.0 -0.0 0.0 0.43754208 -0.0 -0.0 0.0 0.0 -0.0 0.0 -0.0 -0.0 -0.0 0.0 0.0 0.0 0.0 0.0 0.0 -0.0 -0.0 0.0 -0.44028774 0.0 0.0 -0.0 0.0 -0.0 0.0 0.0 -0.0 0.0 0.0 0.0 0.0 0.2588866 0.0 -0.0 0.0 -0.0 -0.0 0.21204978 0.0 -0.0 -0.0 0.0 0.0 0.0 -0.0 0.0 -0.0 -0.0 0.0 -0.0
0.10313696 0.0 -0.0 0.0 0.0 -0.17613687 -0.0 0.0 0.0 0.0 -0.0 0.0 0.0 -0.26010758 0.0 0.11272341 -0.17073384 -0.0 0.0 -0.0 0.0 0.0 -0.32453087 0.27404115 0.21041217 -0.0 -0.0 -0.0 0.0 -0.0 0.17368464 0.0 0.0 -0.0 -0.0 0.0 -0.0 0.0 0.0 0.0 0.0 0.16260487 0.0 0.0 -0.0 0.0 0.0 -0.0 0.0 0.07585511 -0.0 0.0 0.0 0.0 -0.0 0.0 -0.0 -0.0 -0.09898334 -0.0 -0.0 -0.0 -0.0 -0.207717
-0.0 -0.0 -0.0 -0.0 -0.0 0.0 0.0 -0.0 0.0 -0.0 -0.0 -0.0 -0.0 0.0 -0.0 -0.0 -0.0 -0.0 -0.0 -0.0 -0.0 -0.0 0.0 0.0 0.0 -0.0 0.0 -0.0 0.0 -0.0 -0.24846047 -0.0 -0.0 0.0 0.0 -0.0 0.0 -0.0 -0.0 0.0 -0.0 -0.0 0.0 0.0 0.0 -0.0 0.0 0.0 0.0 0.0 -0.0 -0.0 0.0 -0.0 -0.0 -0.0 -0.0 -0.0 -0.0 0.0 -0.0 -0.0 -0.0 0.0
-0.0 -0.0 -0.0 0.0 0.27038196 0.0 0.0 -0.0 0.0 -0.0 0.0 0.18919878 0.0 0.2180097 0.0 0.0 0.0 0.0 0.0 0.0 0.0 0.0 -0.0 0.0 0.0 -0.0 -0.0 -0.0 0.0 0.0 -0.40030193 -0.0 0.0 0.0 0.0 -0.0 0.0 -0.0 -0.0 -0.0 0.0 -0.0 0.0 -0.0 -0.0 0.0 0.0 -0.39583704 0.0 0.0 -0.0 -0.0 0.0 -0.0 -0.0 0.0 0.0 -0.0 -0.0 0.0 0.0 -0.0 -0.0 0.0
-0.0 -0.0 0.0 -0.0 -0.0 0.0 -0.0 0.0 0.0 -0.0 0.0 0.0 0.0 0.22302592 -0.0 -0.0 0.0 0.0 0.0 0.0 0.0 -0.0 0.0 -0.0 -0.0 0.0 -0.0 0.0 -0.0 -0.0 -0.25567117 0.0 0.0 0.0 0.0 -0.0 0.0 -0.0 0.0 -0.0 -0.0 -0.0 0.0 0.0 0.0 0.0 -0.0 -0.0 0.0 -0.18768916 -0.0 0.0 -0.0 -0.0 -0.0 -0.0 0.0 0.0 0.0 0.0 0.0 0.0 -0.0 0.0
0.15463321 0.0 -0.0 -0.0 0.0 0.0 0.0 0.0 -0.21181467 -0.0 -0.0 -0.0 -0.0 -0.25755847 0.0 -0.0 0.0 0.0 -0.0 -0.7753418 -0.0 -0.0 0.0 -0.0 -0.0 0.0 0.0 0.0 0.11423022 -0.0 0.25586623 0.0 -0.0 0.16938905 -0.0 0.0 -0.0 0.0 -0.0 0.0 -0.0 -0.0 -0.0 -0.0 -0.24342787 -0.0 -0.0 0.0 -0.0 0.0 -0.0 0.0 0.0 0.0 0.0 -0.0 -0.0 -0.0 0.0 0.0 0.20620306 0.16027223 0.0 0.0
-0.0 -0.0 -0.0 -0.0 -0.0 -0.0 -0.0 0.0 0.0 0.0 -0.0 0.0 -0.0 -0.0 -0.0 -0.0 -0.0 -0.0 -0.0 0.0 -0.0 0.0 -0.0 -0.0 0.0 -0.0 -0.0 0.0 -0.0 -0.0 0.0 -0.0 0.0 0.0 -0.0 -0.0 -0.0 -0.0 0.0 -0.0 -0.0 -0.0 -0.0 -0.0 -0.0 -0.0 -0.0 -0.0 -0.0 0.0 -0.0 -0.0 -0.0 -0.0 -0.0 -0.0 -0.0 -0.0 -0.0 -0.0 -0.0 -0.0 -0.0 -0.0
-0.11073887 -0.0 0.0 -0.0 0.0 0.0 0.0 0.0 0.0 0.0 -0.0 0.0 0.0 0.21924037 -0.0 0.0 -0.0 -0.0 -0.0 -0.0 0.0 -0.0 -0.0 -0.0 -0.0 -0.0 -0.0 -0.0 0.0 0.0 -0.15949568 0.0 0.0 -0.0 -0.0 -0.0 0.0 -0.0 -0.0 -0.0 -0.0 -0.0 0.0 0.0 -0.0 0.0 0.0 0.0 0.0 0.0 -0.0 -0.0 0.0 -0.0 -0.0 0.0 0.0 0.0 -0.0 -0.0 0.0 -0.0 -0.0 -0.0
-0.0 -0.0 -0.0 -0.0 -0.0 0.0 0.0 -0.0 0.0 0.0 -0.0 -0.0 0.0 -0.20605385 0.0 -0.0 -0.0 -0.0 -0.0 -0.0 -0.89562815 0.0 0.0 0.0 -0.0 0.83901 0.0 -0.0 -0.0 -1.0629147 0.442391 0.750736 0.0 0.0 -0.0 0.0 -0.0 0.0 -0.0 0.0 0.0 0.0 -0.0 -0.0 0.0 -0.0 -0.0 0.0 0.0 -0.0 -0.0 0.0 -0.36156464 0.0 0.15775122 0.0 -0.0 -0.0 -0.0 -0.0 -0.0 0.0 0.0 0.0
0.0 0.0 0.0 -0.0 -0.0 0.0 0.0 0.0 -0.0 0.0 0.0 0.0 0.0 -0.0 -0.0 -0.18848033 -0.0 -0.0 0.0 -0.0 0.0 -0.0 0.0 0.0 -0.0 -0.0 -0.16313103 0.0 -0.0 -0.0 0.26482382 0.0 0.0 0.0 0.0 0.0 0.0 0.0 -0.0 0.0 -0.0 -0.0 -0.0 -0.17292343 -0.0 0.0 -0.0 0.0 -0.0 -0.0 0.0 -0.0 0.0 0.0 0.0 0.0 -0.0 -0.0 0.0 0.0 0.0 0.0 -0.0 -0.0
0.0 -0.0 -0.0 -0.0 -0.0 -0.0 -0.0 -0.15508503 -0.0 -0.27920818 -0.0 -0.11692196 -0.26645958 -0.0 -0.0 0.0 -0.0 -0.0 -0.0 -0.0 -0.0 -0.0 -0.0 0.0 0.0 0.0 -0.0 -0.0 0.0 -0.0 0.27924967 0.0 -0.09686228 -0.0 0.0 0.0 0.0 0.0 -0.07080703 0.0 -0.0 -0.0 0.0 0.0 0.0 -0.0 0.0 -0.0 0.0 0.0 -0.0 -0.0 -0.0 0.0 0.0 0.0 -0.0 0.0 0.0 -0.0 0.0 0.0 0.0 -0.0
0.0 -0.0 0.0 0.0 0.0 0.10146637 0.0 0.0 0.07969926 -0.0 0.0 -0.0 -0.0 0.052672144 0.05063287 0.09857 0.0 0.0 0.0 0.063737884 0.0 -0.0 0.0 0.0 0.05757103 0.0 0.0 0.0 0.0 0.0 0.0 0.0 -0.0 0.0 0.0 0.0 0.0 -0.0 -0.0 0.0 -0.0 0.0 0.0 0.0 0.0386946 0.0 0.0 -0.0 0.0 0.06393598 0.10215566 0.0 0.0 0.0 0.0 0.08191665 0.0 0.0 0.0 0.0 0.0 0.0 0.0 0.062041666
0.0 0.0 -0.0 -0.0 -0.0 -0.0 0.0 -0.101350605 -0.0 -0.0 -0.0 -0.0 -0.0 -0.25884828 -0.0 0.0 0.0 -0.0 -0.0 -0.0 0.0 -0.0 0.0 0.0 0.0 -0.0 -0.0 0.0 0.0 0.0 0.34401155 -0.0 -0.0 0.0 0.0 0.0 -0.0 0.0 -0.0 0.0 -0.0 0.0 -0.0 -0.0 0.0 -0.0 -0.0 -0.0 -0.0 0.0 -0.0 -0.0 -0.4926743 -0.0 0.0 -0.0 -0.0 0.0 -0.0 -0.112593904 -0.0 0.0 0.0 -0.0
-0.0 -0.0 -0.0 -0.0 0.0 -0.0 0.0 0.43279487 0.0 0.0 0.0 0.0 -0.0 0.0 -0.0 -0.0 -0.0 0.0 -0.0 -0.0 0.0 0.0 -0.0 -0.0 -0.0 -0.0 0.0 0.0 0.0 0.0 -0.0 -0.0 0.0 -0.0 0.0 -0.0 0.0 -0.0 0.0 0.0 -0.0 -0.0 -0.0 -0.0 0.0 0.0 -0.0 0.0 0.0 0.0 0.0 -0.0 0.0 0.0 -0.0 0.0 0.0 -0.0 0.0 0.0 0.0 -0.0 0.0 -0.0
-0.0 0.0 0.2640615 -0.0 -0.0 -0.21728592 -0.24804443 0.0 -0.2745711 0.0 -0.0 0.0 0.0 0.18206769 -0.0 -0.0 -0.0 -0.0 0.0 -0.0 -0.0 -0.0 -0.25521365 -0.22642964 -0.2754215 0.0 -0.33943588 -0.0 -0.0 -0.0 0.20050326 0.0 0.0 -0.0 0.40565807 -0.0 -0.0 -0.0 0.0 0.0 -0.0 -0.0 0.0 -0.0 -0.0 -0.0 -0.0 0.0 -0.0 -0.0 -0.0 -0.0 -0.0 -0.31315368 0.0 -0.0 -0.0 0.1570602 0.0 0.0 -0.0 -0.0 0.0 -0.33513075
0.23229432 -0.0 -0.0 -0.0 -0.0 0.0 -0.0 0.0 -0.0 0.0 -0.27028617 -0.0 0.0 -0.0 -0.21737951 -0.05051229 -0.32038984 -0.0 0.0 -0.09572881 -0.0 -0.0 0.0 0.0 0.0 0.0 -0.0 0.0 -0.0 -0.0 0.33451912 0.0 0.0 -0.17409164 -0.0 0.30161715 -0.0 0.0 0.0 0.0 0.0 -0.20627706 0.0 -0.0 -0.0 -0.0 0.0 0.0 0.0 0.0 -0.0 -0.0 0.0 0.0 0.0 0.0 -0.0 -0.0 0.0 -0.0 -0.0 -0.0 0.0 0.0
0.0 0.0 -0.0 0.0 -0.0 -0.0 0.0 0.0 -0.0 0.0 -0.0 -0.0 0.0 -0.28660095 -0.0 0.0 -0.0 -0.0 0.0 -0.0 -0.0 0.0 -0.0 -0.0 -0.0 0.0 -0.0 -0.0 0.0 -0.0 0.0 -0.0 -0.0 -0.0 0.0 0.0 -0.0 0.0 0.0 -0.0 0.0 -0.0 0.0 0.0 -0.0 0.0 -0.0 -0.0 -0.0 0.0 -0.0 0.0 -0.0 -0.0 0.0 -0.0 -0.0 0.0 0.0 -0.0 0.0 0.0 0.0 -0.0
-0.0 -0.0 -0.0 -0.0 -0.0 -0.0 -0.0 -0.0 -0.11106466 -0.0 -0.0 -0.0 -0.0 0.17893076 -0.0 -0.16590005 -0.0 -0.0 0.0 -0.0 -0.0 -0.0 -0.0 -0.0 -0.0 -0.0 -0.0 0.0 0.0 -0.0 -0.0 -0.0 -0.0 -0.0 -0.0 -0.12988855 -0.0 -0.0 -0.0 -0.0 -0.0 -0.0 0.0 -0.0 -0.17792718 0.0 -0.0 0.0 -0.0 0.0 -0.0 0.0 0.0 -0.0 -0.0 -0.0 0.0 -0.0 -0.0 -0.0 -0.0 -0.0 -0.0 -0.0
-0.0 -0.0 -0.0 -0.0 0.0 -0.0 -0.0 -0.0 -0.0 -0.0 0.0 -0.0 -0.0 -0.0 -0.0 -0.0 -0.0 -0.0 -0.0 0.0 -0.0 -0.0 -0.53598624 -0.0 -0.0 -0.0 -0.0 -0.0 -0.0 -0.0 -0.0 -0.0 -0.0 -0.0 -0.0 -0.0 -0.0 0.0 -0.0 -0.0 -0.0 -0.0 -0.0 -0.0 -0.0 -0.0 -0.0 0.0 -0.0 -0.0 -0.0 -0.0 -0.0 -0.0 -0.0 0.0 -0.0 -0.0 -0.0 0.0 -0.0 -0.0 0.0 -0.0
-0.0 0.0 -0.0 -0.0 -0.0 -0.0 -0.0 0.0 -0.0 0.0 -0.0 0.0 0.0 -0.0 -0.0 0.0 -0.0 -0.0 -0.0 -0.0 -0.0 0.0 -0.0 -0.0 -0.0 -0.0 -0.0 0.0 -0.0 -0.0 0.0 -0.0 0.0 -0.0 -0.0 0.0 -0.0 0.0 0.0 -0.0 0.0 -0.0 -0.0 -0.0 -0.0 -0.0 -0.0 0.0 -0.0 -0.0 -0.0 -0.0 0.0 -0.0 0.0 -0.0 -0.0 0.0 0.0 0.0 -0.0 -0.0 -0.0 -0.0
0.0 0.0 0.0 -0.0 0.0 -0.0 0.0 0.0 0.0 0.0 0.0 -0.0 0.0 -0.0 0.0 -0.0 0.0 -0.0 -0.0 0.0 -0.0 -0.0 0.0 -0.0 -0.0 0.0 0.0 0.0 -0.0 -0.0 0.0 0.0 -0.0 -0.0 -0.0 0.0 -0.0 0.0 0.0 0.0 -0.0 0.0 -0.0 0.0 0.0 -0.0 -0.0 0.0 -0.0 -0.0 -0.0 -0.0 0.0 0.0 0.0 0.0 -0.0 0.0 0.0 0.0 -0.0 0.0 0.0 0.0
-0.0 0.0 0.0 -0.0 -0.0 0.0 0.0 0.0 -0.0 0.0 -0.0 0.0 0.0 0.22356224 0.0 0.17618597 -0.0 0.0 0.0 0.0 -0.0 -0.0 -0.0 0.0 0.0 -0.0 0.0 -0.0 0.0 -0.0 -0.30635273 0.0 0.0 -0.0 0.0 -0.0 0.0 -0.0 0.0 -0.0 -0.0 0.0 -0.0 0.0 -0.0 0.0 -0.0 -0.0 -0.0 0.0 -0.0 0.0 -0.0 0.0 -0.0 -0.0 0.0 -0.0 0.0 -0.0 -0.0 -0.18962973 -0.0 0.0
-0.0 -0.0 0.13816024 -0.0 -0.0 0.0 0.0 -0.0 0.0 0.0 0.0 0.0 0.0 0.2903882 0.0 0.0 -0.0 0.0 0.0 -0.0 0.0 0.0 0.0 -0.0 0.0 -0.0 0.0 0.0 0.0 0.10223294 -0.43894875 -0.0 0.0 0.0 -0.30231896 -0.08461157 -0.0 -0.0 0.0 0.0 0.0 -0.0 0.0 0.0 0.0 0.0 -0.0 0.0 0.0 -0.0 -0.13490866 0.0 -0.0 -0.0 -0.0 0.0 0.0 0.14872238 -0.0 -0.0 0.0 -0.0 -0.0 -0.0
-0.0 -0.0 0.0 -0.0 -0.0 0.0 0.0 -0.0 0.0 -0.0 -0.0 0.0 -0.0 0.23300372 0.0 0.0 -0.0 0.0 -0.0 -0.0 -0.0 -0.0 -0.0 -0.0 -0.0 0.1586098 0.0 -0.28021538 0.0 -0.0 -0.30837598 0.0 -0.0 -0.0 0.0 -0.0 0.0 -0.0 -0.0 0.0 -0.0 0.0 -0.0 0.0 0.0 -0.0 -0.0 0.0 -0.0 0.0 0.0 -0.0 -0.16929683 0.0 0.0 0.0 0.0 0.0 0.0 0.13750987 0.0 0.0 -0.0 0.0
-0.0 0.0 0.0 -0.0 -0.0 0.0 0.0 -0.0 -0.0 -0.0 -0.0 -0.10103507 -0.0 0.34753048 -0.0 -0.0 0.0 0.0 -0.0 0.0 0.0 0.0 -0.0 -0.0 0.0 -0.0 -0.0 -0.40860087 0.0 -0.0 -0.40410894 -0.1809153 -0.0 0.0 -0.0 -0.0 -0.0 -0.0 -0.0 -0.0 -0.0 0.0 0.0 0.0 -0.0 0.0 0.0 -0.0 0.0 0.0 0.0 0.0 -0.0 -0.0 -0.0 0.0 0.0 -0.0 0.0 0.15398727 0.0 -0.0 0.0 0.0
-0.0 0.0 -0.0 -0.0 -0.0 -0.0 -0.0 0.0 0.0 0.054525603 0.0 -0.0 0.0 -0.10614488 -0.0 0.0 -0.0 -0.0 -0.0 -0.0 -0.0 0.0 -0.0 -0.0 -0.0 -0.0 -0.0 0.0 -0.06509578 -0.0 0.0 -0.0 -0.0 -0.0 -0.06463486 0.0 -0.08111708 0.0 -0.0 -0.0 0.0 -0.0 -0.0 -0.0 0.0 -0.0 -0.0 -0.0 -0.0 -0.0 -0.0 -0.0 -0.0 -0.0 -0.0 -0.0 -0.0 -0.0 -0.02659737 -0.0 -0.0 -0.0 -0.044507336 -0.0
0.0 0.0 -0.0 -0.0 -0.0 -0.0 -0.0 -0.0 -0.0 0.0 -0.0 -0.49427623 0.0 0.65024954 -0.0 0.0 -0.0 0.0 -0.0 -0.0 0.0 0.0 -0.0 -0.0 -0.0 0.0 -0.0 -0.0 -0.0 0.0 -0.0 0.0 -0.63131464 -0.0 0.0 0.0 -0.0 -0.0 -0.0 -0.15666392 0.0 -0.0 0.0 -0.0 0.0 -0.0 -0.0 0.0 -0.0 0.0 0.0 0.0 0.0 0.0 -0.0 0.0 -0.0 -0.0 0.0 -0.0 0.0 -0.0 0.0 0.0
0.0 0.0 -0.0 0.0 -0.0 -0.0 0.0 0.0 -0.0 0.0 -0.0 0.0 0.0 -0.39637068 -0.0 -0.0 -0.0 -0.0 -0.0 -0.0 -0.0 0.0 0.0 -0.0 -0.0 0.0 -0.0 -0.0 -0.0 0.0 0.0 -0.0 0.0 -0.0 0.0 0.0 -0.0 0.0 0.0 -0.0 0.0 -0.0 -0.0 -0.0 -0.0 -0.0 -0.0 0.0 -0.0 -0.0 0.0 -0.0 -0.0 -0.0 0.0 -0.0 -0.0 0.0 -0.0 -0.0 -0.0 -0.0 0.0 -0.0
-0.0 -0.5800519 0.0 0.0 0.0 0.0 0.0 -0.0 0.0 -0.0 0.0 0.31670806 -0.0 0.0 -0.0 0.0 0.0 0.0 0.16936046 -0.0 -0.45573673 -0.0 0.0 0.0 0.0 -0.0 0.0 0.0 0.0 -0.61008185 -0.30255273 0.0 0.0 -0.0 -0.0 -0.0 -0.0 -0.0 -0.0 0.34148985 -0.0 0.0 -0.0 0.0 0.0 -0.0 0.0 -0.0 0.0 -0.0 -0.0 -0.24075945 0.0 -0.0 0.0 0.0 0.0 0.0 -0.0 0.0 -0.0 -0.0 0.0 -0.0
-0.0 -0.0 -0.0 0.0 -0.0 -0.0 -0.0 -0.0 -0.0 -0.0 -0.0 -0.0 -0.0 -0.0 -0.0 -0.0 -0.0 -0.0 -0.0 -0.0 -0.0 -0.0 -0.0 -0.0 -0.0 -0.0 -0.0 0.0 -0.0 -0.0 -0.0 -0.0 -0.0 -0.0 -0.0 -0.0 -0.0 -0.0 0.0 -0.0 -0.0 -0.0 -0.0 -0.0 -0.0 -0.0 -0.0 0.0 -0.0 -0.0 -0.0 -0.0 -0.0 -0.0 -0.0 -0.0 -0.0 -0.0 -0.0 0.0 -0.0 -0.0 -0.0 -0.0
0.0 -0.0 -0.0 0.0 -0.0 0.0 -0.0 0.0 -0.0 0.0 0.0 0.0 0.0 0.41110584 0.1830575 0.15286732 0.0 0.0 0.0 -0.12358142 -0.0 0.0 -0.0 -0.0 -0.10101004 0.0 -0.0 -0.10460346 0.0 -0.0 -0.18331404 -0.0 0.0 0.15689221 -0.0 0.0 0.25789654 -0.0 0.0 0.0 0.0 0.0 -0.20404962 -0.0 -0.0 0.0 0.0 -0.0 -0.0 -0.48061144 0.19886476 0.0 0.0 0.0 -0.0 -0.0 0.0 -0.0 -0.33782765 -0.0 0.0 0.19097489 -0.21316877 -0.0
0.0 -0.0 -0.0 -0.0 -0.0 0.0 -0.0 0.0 -0.0 0.0 -0.0 0.0 -0.0 -0.0 0.0 -0.0 -0.0 -0.0 -0.0 0.0 0.0 -0.0 0.0 -0.0 0.0 0.0 0.0 -0.0 -0.0 0.0 0.0 -0.0 0.0 -0.0 -0.0 -0.0 0.0 0.0 0.0 -0.0 -0.0 -0.0 -0.0 -0.0 -0.0 -0.0 0.0 0.0 0.0 0.0 0.0 -0.0 -0.0 0.0 0.0 -0.0 -0.0 0.0 0.0 0.0 -0.0 -0.0 -0.0 0.0
-0.21142638 -0.0 -0.0 -0.0 0.0 -0.0 -0.0 -0.0 -0.0 0.0 -0.0 0.0 0.0 0.14189216 0.0 0.0 -0.0 -0.0 0.0 0.0 0.0 -0.0 -0.0 -0.0 -0.0 -0.0 -0.0 0.0 0.0 0.0 -0.13453935 -0.0 0.0 -0.0 -0.0 -0.0 -0.111000255 -0.0 0.0 0.0 -0.0 -0.0 0.0 -0.0 -0.0 -0.0 0.0 -0.0 0.0 0.0 -0.0 -0.0 -0.0 -0.0 -0.0 -0.0 0.0 -0.0 0.0 0.0 -0.0 -0.0 0.0 -0.0
0.21280992 0.0 -0.0 0.0 -0.0 0.0 0.0 0.0 -0.0 0.0 0.0 0.14247495 0.0 -0.27438813 0.0 -0.0 0.0 -0.0 0.0 0.0 0.0 0.0 0.0 -0.0 -0.0 -0.0 -0.0 0.0 0.0 0.0 0.0 -0.0 0.0 0.0 -0.0 0.0 0.0 0.0 0.0 -0.0 -0.0 0.0 -0.0 -0.0 0.0 -0.0 -0.0 -0.0 -0.0 -0.0 0.0 -0.0 0.0 -0.0 0.0 -0.0 0.0 -0.0 -0.0 0.0 0.0 0.0 -0.0 0.0
-0.0 -0.0 -0.0 0.0 -0.0 -0.0 0.0 -0.0 0.0 0.0 -0.33462018 0.0 0.0 0.30358985 -0.1631713 0.0 -0.28899217 0.0 0.0 -0.11019822 0.0 0.0 0.0 0.14631799 0.16067536 -0.0 0.0984093 0.0 0.0 0.0 -0.32051763 0.0 0.0 -0.050978024 -0.0 0.0 -0.0 -0.0 0.0 0.0 0.0 -0.0 0.0893679 0.0 0.0 0.0 0.10900555 -0.0 0.0 0.09400893 -0.0 -0.0 0.0 0.0 -0.0 0.0 0.0 -0.0 0.0 0.0 0.0 -0.0 0.0 0.0
0.0 -0.0 -0.0 93.17391 0.0 -0.0 -0.0 -0.0 -0.0 0.0 -0.0 0.0 0.0 0.0 -0.0 -0.0 0.0 0.0 0.0 -0.0 0.0 0.0 0.0 0.0 0.0 -0.0 -0.0 -0.0 -0.0 0.0 -0.0 0.0 -0.0 0.0 -0.0 0.0 -0.0 -0.0 -0.0 0.0 41.645985 -0.0 0.0 0.0 -0.0 -0.0 -0.0 0.0 -0.0 -0.0 0.0 0.0 0.0 -0.0 0.0 -0.0 0.0 -0.0 0.0 -0.0 0.0 -0.0 -0.0 0.0
-0.3713639 0.0 -0.0 0.0 0.0 -0.31149727 -0.34439915 -0.0 -0.0 0.0 0.0 0.0 0.0 0.33089095 0.0 -0.0 0.0 0.0 0.0 -0.0 -0.0 0.0 0.0 -0.0 -0.0 -0.0 -0.11932334 -0.0 0.0 -0.0 -0.0 0.0 0.0 -0.0 -0.0 -0.1622862 0.0 -0.0 0.0 0.0 0.0 -0.0 -0.0 -0.0 -0.0 0.0 -0.0 0.0 -0.0 -0.0 -0.29682392 -0.0 0.0 -0.28308678 -0.0 -0.0 0.0 -0.0 0.0 -0.0 0.0 0.37489933 0.0 -0.24119264
-0.0 0.0 0.0 -0.0 0.0 0.0 -0.0 0.0 -0.0 0.0 -0.0 0.0 0.0 0.30132383 -0.0 -0.0 -0.0 0.0 0.0 -0.0 -0.0 0.0 -0.0 -0.0 0.0 -0.0 -0.0 0.0 0.0 -0.0 -0.0 -0.0 0.0 -0.0 0.0 -0.0 -0.0 -0.0 0.0 0.0 0.0 -0.0 0.0 0.0 -0.0 0.0 -0.0 -0.0 0.0 0.0 0.0 0.0 0.0 0.0 -0.0 0.0 0.0 0.0 0.0 -0.0 -0.0 -0.0 0.0 0.0
0.0 0.0 -0.0 -0.0 -0.0 -0.0 -0.0 0.0 -0.0 0.0 -0.0 0.0 -0.0 -0.0 -0.0 -0.0 0.0 -0.0 0.0 -0.0 0.0 0.0 -0.2613301 -0.0 -0.0 0.0 -0.0 0.0 -0.0 -0.0 0.3184227 0.0 -0.0 0.0 -0.0 0.0 -0.23635674 0.0 -0.0 0.0 -0.0 -0.0 -0.29519615 -0.0 -0.0 -0.0 -0.0 0.0 -0.0 0.0 -0.0 0.0 -0.0 -0.0 0.0 -0.0 -0.0 0.0 0.0 0.0 0.0 0.0 0.0 -0.0
-0.0 -0.0 -0.0 -0.0 0.0 0.0 0.0 0.0 0.0 0.0 0.0 0.0 0.0 0.22809054 0.0 0.0 0.0 0.0 -0.0 0.0 0.0 -0.0 0.08189369 0.0 0.13928525 0.0 0.0 0.0 0.0 -0.0 -0.16626486 0.0 0.0 0.0 -0.0 -0.0 0.0 -0.0 0.0 0.0 -0.0 0.0 0.09540602 0.09350345 0.0 -0.0 -0.0 0.0 0.0 0.0 -0.0 -0.0 -0.0 0.0 -0.0 0.0 0.0 0.0 0.0 0.0 0.0 -0.0 0.0 0.0
0.0 0.0 -0.0 -0.0 -0.0 -0.0 0.0 0.0 -0.0 0.0 -0.0 0.0 0.0 -0.103992775 0.0 0.0 -0.0 -0.0 -0.0 -0.0 0.0 -0.0 -0.0 -0.0 -0.0 -0.0 0.0 -0.0 -0.0 -0.0 0.22952835 -0.0 -0.0 -0.0 0.0 0.0 -0.0 0.0 0.0 0.0 -0.0 0.0 -0.0 0.0 -0.0 -0.0 -0.0 0.0 -0.0 -0.0 0.0 -0.0 -0.0 0.0 0.0 0.0 -0.0 -0.0 0.0 0.0 -0.24721666 0.0 -0.0 -0.0
0.0 0.0 0.0 -0.0 -0.0 -0.0 -0.0 -0.28970662 0.0 -0.0 0.0 0.0 -0.0 -0.32316312 -0.0 0.0 0.0 -0.0 -0.0 0.0 -0.0 0.0 -0.0 -0.0 -0.0 0.0 -0.0 0.0 -0.0 -0.0 0.32381612 0.0 -0.0 0.0 0.0 0.0 -0.0 0.0 -0.10625298 -0.57917005 -0.0 0.0 0.0 0.0 0.0 -0.0 -0.0 -0.0 0.0 0.0 -0.0 -0.0 0.0 -0.0 0.0 0.0 -0.0 -0.0 -0.0 -0.0 -0.0 0.0 -0.0 0.0
0.08444496 0.097330965 0.0 0.0 0.0 0.0 -0.0 -0.08457203 -0.0 -0.18157424 -0.0 0.20827056 0.29429603 -0.22475086 -0.0 -0.0 -0.0 -0.0 -0.0 0.0 -0.0 -0.0 -0.0 -0.0 0.0 0.0 0.0 0.0 -0.0 -0.0 0.20996374 0.0 -0.49515828 -0.0 -0.0 0.0 -0.0 0.0 0.16620488 -0.0 -0.0 -0.0 0.0 0.0 0.0 -0.0 -0.0 -0.08366746 0.0 -0.0 -0.0 0.0 0.10509027 -0.0 0.0 -0.0 -0.0 -0.0 -0.0 0.0 -0.0 -0.0 -0.0 -0.0
-0.0 0.0 0.0 -0.0 -0.0 0.0 0.0 -0.0 0.0 -0.0 0.0 0.0 0.0 0.0 0.0 0.0 0.0 0.0 -0.0 0.0 0.0 0.0 0.0 0.0 -0.0 -0.0 -0.0 -0.0 -0.0 0.0 -0.0 0.0 -0.0 0.0 -0.0 -0.0 0.0 -0.0 0.0 0.0 0.0 -0.0 -0.0 -0.0 0.0 0.0 -0.0 -0.0 -0.0 0.0 -0.0 0.0 -0.0 0.0 -0.0 0.0 0.0 0.0 0.0 0.0 0.0 -0.0 -0.0 -0.0
0.0 0.0 0.0 -0.0 -0.0 -0.0 -0.16312328 0.0 0.0 0.0 0.0 -0.0 0.0 -0.17392711 0.0 -0.0 0.0 -0.0 0.0 0.1206584 0.0 -0.0 -0.0 -0.0 0.0 -0.0 -0.21918271 -0.0 0.0 -0.0 0.2901487 0.0 0.0 0.15087429 0.0 0.2829392 0.19971094 0.0 0.0 0.0 0.0 -0.0 -0.0 -0.0 0.0 -0.0 -0.0 -0.0 0.0 0.0 0.0 0.0 0.0 -0.14262867 -0.0 0.0 -0.0 0.0 -0.0 0.0 0.0 0.0 -0.0 -0.3452735
0.0 0.0 -0.0 0.0 -0.0 -0.0 0.0 -0.0 -0.0 0.0 -0.0 0.0 0.0 -0.0 -0.0 -0.0 -0.0 -0.0 -0.0 0.0 -0.0 0.0 -0.0 0.0 -0.0 -0.0 -0.0 -0.0 -0.0 -0.0 -0.0 -0.0 0.0 -0.0 -0.0 0.0 -0.0 0.0 0.0 0.0 0.0 -0.0 -0.0 -0.0 -0.0 -0.0 -0.0 -0.0 -0.0 -0.0 -0.0 0.0 -0.0 -0.0 -0.0 -0.0 -0.0 -0.0 -0.0 -0.0 -0.0 -0.0 -0.0 -0.0
0.101543665 0.0 0.0 0.0 -0.0 -0.0 0.0 -0.0 0.0 0.0 0.0 0.0 0.0 -0.0 0.0 0.0 0.0 -0.0 -0.0 0.0 0.0 0.0 0.0 -0.0 -0.0 0.0 0.0 -0.0 -0.0 0.0 0.31362432 0.0 0.0 0.0 -0.0 0.1539683 -0.0 0.0 0.0 -0.0 0.0 0.0 0.0 0.0 0.0 -0.0 0.0 -0.0 -0.0 -0.0 0.0 -0.0 -0.0 0.0 0.0 0.0 -0.0 -0.0 -0.0 -0.0 0.0 0.0 0.0 0.0
-0.0 -0.0 -0.0 0.0 -0.0 -0.0 -0.0 0.0 -0.0 0.0 0.0 -0.0 -0.0 0.0 0.0 0.0 0.0 0.0 0.0 -0.0 -0.0 0.0 -0.0 -0.0 -0.0 0.0 -0.0 -0.0 0.0 -0.0 -0.0 -0.0 0.0 -0.0 -0.0 -0.0 0.0 -0.0 -0.0 -0.0 0.0 0.0 -0.0 -0.0 -0.0 0.0 0.0 -0.0 -0.0 -0.0 -0.0 0.0 0.0 -0.0 -0.0 -0.0 0.0 -0.0 -0.0 0.0 0.0 -0.0 -0.0 -0.0
