56 56 64 256 1 0 1 1
-0.0 0.0 -0.0 -0.0 -0.0 0.0 -0.0 0.38345814 -0.0 0.3309615 -0.0 -0.0 -0.0 0.0 0.0 0.0 0.3163898 -0.0 0.0 0.0 0.0 0.0 -0.0 -0.16925949 -0.0 0.0 -0.0 0.0 -0.0 -0.0 0.0 0.0 -0.09070626 0.0 0.0 0.0 0.0 0.5129364 -0.0 -0.0 0.0 -0.0 -0.0 -0.0 -0.24442424 0.0 0.0 -0.0 -0.0 0.0 -0.0 0.0 -0.0 -0.0 0.0 -0.0 0.0 -0.0 -0.18394071 0.2345136 0.0 -0.0 -0.0 -0.0
-0.0 -0.0 0.0 -0.0 -0.0 -0.0 0.39602533 0.0 -0.0 -0.0 0.0 -0.0 -0.0 -0.0 0.0 -0.0 -0.0 -0.0 -0.0 -0.0 -0.0 0.0 -0.0 -0.0 -0.0 0.0 -0.0 -0.0 0.0 -0.0 -0.0 -0.0 -0.33827323 0.27890757 0.0 -0.0 -0.0 0.0 -0.0 -0.0 0.0 -0.0 -0.0 -0.0 -0.0 0.0 0.0 -0.0 0.0 0.0 -0.0 -0.0 -0.0 -0.0 -0.0 -0.0 0.0 -0.0 -0.0 0.0 -0.0 -0.0 -0.0 -0.0
-0.0 -0.0 0.0 -0.0 -0.0 -0.0 0.0 0.0 0.0 -0.0 -0.0 -0.0 -0.0 0.0 -0.0 -0.0 0.0 -0.0 -0.0 -0.0 0.0 0.0 0.0 0.0 -0.0 0.0 -0.0 -0.0 -0.0 -0.0 -0.0 -0.0 -0.0 0.0 -0.0 -0.0 0.0 0.0 -0.0 0.0 0.0 -0.0 -0.0 -0.0 -0.0 -0.0 -0.0 0.0 0.0 0.0 -0.0 0.0 -0.0 -0.0 0.0 0.0 0.0 -0.0 -0.0 0.0 0.0 0.0 -0.0 0.0
-0.0 0.45457476 -0.34540212 0.0 -0.0 0.0 0.0 -0.6261458 0.0 0.0 0.0 0.0 0.0 0.0 -0.0 0.25569087 0.0 -0.0 -0.0 0.0 -0.0 0.0 -0.0 0.0 -0.0 0.32411706 0.0 0.0 0.0 0.0 -0.0 0.61107033 0.0 0.0 -0.0 -0.0 0.0 0.4438979 0.2382221 0.12696972 -0.0 -0.0 0.0 0.65034115 -0.2090881 -0.0 0.0 -0.0 0.47846308 0.0 0.0 0.0 0.21587133 -0.0 -0.0 0.0 -0.0 0.0 0.0 0.0 0.0 -0.0 0.0 -0.0
-0.0 -0.0 0.0 -0.0 0.0 0.0 0.0 0.0 0.0 -0.0 0.0 -0.0 -0.0 0.0 0.0 -0.0 -0.0 -0.0 -0.0 -0.0 0.0 0.0 0.0 0.0 -0.0 0.0 0.0 -0.0 0.0 -0.0 0.0 0.0 0.0 0.0 -0.0 0.0 -0.0 0.0 -0.0 0.0 -0.0 0.0 -0.0 -0.0 0.0 -0.0 0.0 0.0 0.0 0.0 0.0 0.0 0.0 -0.0 0.0 -0.0 0.0 0.0 0.0 0.0 -0.0 0.0 0.0 0.0
0.0 -0.0 -0.0 -0.0 0.0 0.0 0.0 -0.0 -0.0 -0.0 0.0 -0.0 0.0 0.0 0.0 0.0 -0.0 -0.0 -0.0 0.26858833 -0.0 -0.0 0.0 0.0 -0.0 -0.4458984 -0.0 0.0 0.0 0.0 -0.0 0.0 -0.0 0.0 0.0 0.0 -0.0 -0.0 0.0 -0.0 0.0 -0.0 0.0 -0.0 0.0 0.0 0.0 0.0 0.0 -0.0 -0.0 0.0 -0.0 -0.0 -0.0 0.0 0.0 -0.0 0.0 -0.0 -0.0 -0.0 -0.0 -0.0
0.0 -0.0 -0.0 -0.0 -0.0 -0.0 -0.0 0.0 -0.0 -0.0 0.0 -0.0 -0.0 -0.0 0.0 -0.0 -0.0 -0.0 0.0 0.0 0.0 0.5275975 -0.0 -0.0 0.0 -0.3467947 -0.0 0.0 0.0 0.0 0.0 -0.0 0.0 0.0 -0.0 0.0 -0.0 -0.0 0.0 -0.0 0.84863657 -0.0 0.0 -0.0 0.0 -0.0 0.0 -0.0 0.0 -0.8982734 0.0 0.0 -0.0 0.0 0.0 0.0 -0.0 0.0 0.0 -0.0 -0.0 -0.0 -0.0 0.0
0.0 -0.0 0.0 0.0 -0.0 -0.0 0.0 0.0 0.0 0.0 0.0 -0.0 -0.0 -0.0 -0.0 0.0 0.0 0.0 0.0 -0.0 -0.0 0.0 0.0 0.0 0.0 0.44912395 0.0 -0.0 0.0 -0.0 -0.0 0.0 0.22896633 0.0 0.0 -0.0 -0.0 0.0 -0.2007803 -0.0 0.0 -0.0 0.0 -0.43959886 -0.0 -0.0 -0.0 -0.0 0.0 0.43964162 -0.0 -0.0 -0.0 -0.0 -0.0 0.0 -0.0 0.0 0.41014487 0.24695423 0.0 0.0 0.0 -0.0
0.0 0.0 0.0 0.0 0.0 0.0 0.0 0.0 0.0 0.0 -0.0 -0.0 -0.0 0.0 0.0 -0.27776986 0.23638846 -0.0 0.0 0.0 0.0 0.20054045 -0.0 0.0 -0.0 0.10312671 0.0 0.0 0.0 -0.0 0.0 -0.0 -0.2501282 -0.0 0.0 -0.0 -0.0 0.19761169 -0.2491628 -0.0 0.0 -0.0 -0.0 -0.2830372 -0.0 0.0 -0.0 0.0 -0.0 0.0 0.0 -0.0 -0.0 -0.0 0.0 -0.0 0.0 -0.0 -0.0 0.0 0.0 -0.0 -0.0 -0.0
-0.0 -0.0 0.0 -0.0 -0.0 -0.0 -0.0 0.0 0.0 0.0 -0.0 -0.0 0.0 -0.0 -0.0 -0.0 0.0 -0.0 -0.0 0.0 0.0 -0.0 -0.0 0.0 0.64800704 -0.0 -0.0 -0.0 -0.0 0.40369916 -0.0 0.0 -0.0 -0.0 -0.0 -0.0 -0.0 -0.0 0.0 -0.0 -0.0 -0.0 0.0 -0.0 0.0 -0.0 0.0 0.0 -0.0 -0.0 0.0 -0.0 0.0 -0.0 -0.0 0.0 -0.0 -0.0 -0.0 -0.0 -0.0 0.0 -0.0 0.0
0.0 -0.0 0.0 -0.0 -0.0 0.0 -0.0 0.0 -0.0 -0.0 0.0 0.0 0.0 0.0 0.0 -0.08889053 -0.0 -0.0 0.0 -0.0 -0.0 -0.0 -0.0 -0.1435905 0.0 -0.1664819 0.0 0.0 -0.0 0.0 -0.0 -0.0 0.19981913 0.0 0.0 0.0 -0.0 -0.16514525 0.27483636 -0.0 -0.0 -0.0 -0.0 -0.0 -0.0 -0.0 0.0 -0.08789031 -0.0 -0.0 -0.0 -0.0 0.0 0.0 0.0 0.0 0.0 0.14033337 0.0 -0.0 -0.13024105 -0.0 0.0 0.0
0.0 -0.0 -0.0 -0.0 -0.0 -0.0 0.0 0.0 -0.0 -0.0 -0.0 -0.0 0.0 0.0 0.0 -0.0 0.0 0.0 0.0 0.0 0.0 -0.0 0.0 -0.0 -0.0 -0.0 0.0 0.0 -0.0 0.0 0.0 -0.0 0.0 -0.0 0.0 -0.0 -0.0 -0.0 0.0 0.0 -0.0 0.0 0.0 0.0 0.0 0.0 0.0 -0.0 0.0 -0.0 -0.0 0.0 -0.0 -0.0 -0.0 0.0 0.0 -0.0 -0.0 -0.0 0.0 -0.0 0.0 -0.0
-0.0 -0.0 -0.0 0.71608603 -0.0 -0.0 0.0 -0.0 -0.5575948 -0.0 -0.0 0.0 -0.0 -0.0 -0.0 -0.0 -0.0 -0.0 0.0 0.0 -0.5953538 -0.0 0.0 -0.0 -0.0 -0.0 -0.0 0.0 -0.0 -0.0 0.0 -0.55639124 0.0 0.50113916 -0.5376269 0.5961672 0.0 0.0 0.0 0.0 0.0 -0.0 -0.0 0.0 -0.0 0.0 0.0 0.0 0.0 0.0 0.0 0.0 -0.0 -0.0 -0.0 -0.0 -0.0 0.0 0.0 -0.0 -0.7004377 0.0 0.0 0.0
-0.0 -0.0 0.0 0.0 0.0 -0.0 -0.0 0.24154608 0.0 -0.0 0.0 0.0 0.0 -0.0 0.0 -0.0 -0.0 -0.0 -0.0 0.0 -0.0 -0.0 0.0 0.0 -0.0 -0.0 -0.0 0.0 0.0 -0.11025695 0.0 0.0 0.0 0.0 -0.0 -0.0 -0.0 -0.17280632 -0.0 -0.0 0.0 -0.0 -0.0 0.0 -0.0 -0.0 -0.0 -0.0 0.0 -0.0 0.0 -0.0 0.0 0.0 -0.0 -0.0 0.0 -0.0 0.0 -0.0 0.0 -0.0 0.0 -0.0
-0.0 -0.0 -0.0 -0.0 0.0 0.0 -0.0 -0.0 -0.0 -0.0 -0.0 0.0 0.0 -0.0 0.0 0.0 0.0 0.0 0.0 -0.0 -0.0 -0.0 -0.0 -0.0 -0.0 -0.0 -0.0 0.0 0.0 0.0 0.0 -0.0 -0.0 -0.0 0.0 0.0 0.0 -0.0 0.0 -0.0 0.0 0.0 -0.0 -0.0 0.0 -0.0 0.0 0.0 -0.0 -0.0 0.0 -0.0 0.0 -0.0 -0.0 -0.0 -0.0 0.0 -0.0 -0.0 0.0 0.0 0.0 0.0
-0.0 -0.0 0.35155725 0.0 -0.0 0.0 0.24595249 0.0 -0.0 -0.0 -0.0 0.0 -0.0 -0.0 0.0 -0.0 -0.0 -0.0 0.0 -0.0 0.0 0.0 -0.0 -0.0 -0.0 0.7851056 -0.0 -0.0 0.0 -0.0 -0.0 0.0 -0.0 0.20329586 -0.0 -0.0 -0.0 0.0 -0.0 0.0 -0.0 -0.0 -0.0 -0.0 -0.0 -0.0 -0.0 -0.0 0.0 -0.0 -0.0 -0.0 0.0 -0.0 -0.0 -0.0 0.16398486 -0.0 -0.0 -0.0 -0.0 -0.0 -0.0 -0.0
-0.0 -0.0 -0.29644054 -0.0 0.0 0.0 0.0 0.0 -0.0 -0.0 -0.0 -0.0 0.0 0.0 0.0 -0.0 0.6409369 0.0 -0.0 0.0 -0.0 -0.0 -0.0 -0.0 -0.0 0.0 -0.0 -0.0 0.0 -0.0 -0.0 -0.0 -0.0 0.0 -0.0 -0.0 -0.0 0.0 -0.0 0.0 0.0 -0.0 0.0 -0.0 0.0 0.0 0.0 -0.0 0.0 -0.0 -0.0 -0.0 0.0 0.0 -0.0 -0.0 0.0 0.0 -1.0477197 0.0 0.0 -0.7847786 -0.0 0.0
0.0 0.0 0.0 0.0 0.0 -0.0 0.0 0.0 -0.35326806 0.0 -0.2638396 -0.0 -0.0 -0.0 0.0 -0.0 -0.0 0.29888183 0.0 0.0 -0.0 -0.0 -0.31366703 0.0 -0.0 0.23575172 0.0 0.0 0.0 0.0 0.0 -0.13962892 -0.26352987 0.0 -0.0 0.0 -0.21501179 0.0 -0.2071687 0.0 -0.0 -0.0 -0.0 -0.0 -0.0 0.22525057 0.0 -0.0 -0.0 0.0 0.0 -0.0 0.0 -0.0 -0.0 0.0 -0.0 -0.0 -0.0 0.26986864 0.0 -0.0 -0.0 -0.0
0.0 -0.0 -0.0 -0.0 0.0 -0.0 0.0 -0.0 0.0 0.0 -0.0 -0.0 -0.0 -0.0 0.0 0.0 0.0 -0.0 0.0 0.0 0.0 -0.0 -0.0 0.0 -0.0 0.0 -0.0 -0.0 0.0 0.0 -0.0 -0.0 0.0 -0.8981792 -0.0 -0.0 -0.0 -0.0 0.0 -0.0 0.0 -0.0 0.0 -0.0 0.0 0.0 0.0 -0.0 -0.0 -0.0 -0.0 -0.0 -0.0 -0.0 -0.0 -0.0 0.0 0.0 0.0 -0.0 0.0 0.0 -0.0 -0.0
0.0 -0.0 0.28579497 -0.0 -0.0 0.0 -0.0 -0.0 0.0 0.0 -0.0 0.0 0.0 -0.0 0.0 -0.0 -0.0 0.0 -0.0 -0.0 0.0 0.0 -0.0 -0.13380471 -0.0 0.0 0.0 -0.0 -0.0 0.0 -0.0 -0.0 0.0 -0.0 0.0 0.0 0.0 0.0 -0.281904 -0.0 -0.0 -0.0 0.0 -0.0 -0.0 0.0 0.0 0.0 -0.0 0.15263437 -0.0 0.0 -0.0 -0.0 -0.0 -0.0 0.0 0.0 -0.0 0.14428154 0.0 -0.0 -0.0 0.0
-0.0 -0.0 -0.0 0.0 -0.0 -0.0 -0.0 -0.0 0.0 0.0 0.0 -0.0 -0.0 -0.0 0.0 -0.21714793 -0.23496114 0.0 -0.0 0.0 -0.0 0.14508592 0.0 -0.0 -0.0 0.27037972 -0.0 0.0 -0.0 -0.0 0.0 0.110531494 -0.0 0.0 -0.0 0.0 0.0 0.16593033 -0.26291445 0.0 0.0 -0.0 0.0 -0.0 0.0 -0.0 0.0 0.0 0.0 0.13382144 -0.0 0.0 -0.0 0.0 0.0 0.0 -0.0 0.0 -0.0 0.14298289 -0.0 -0.0 0.0 0.0
0.0 -0.0 0.327641 -0.0 0.0 0.0 -0.0 0.0 0.0 -0.0 0.0 -0.0 0.0 -0.0 0.0 -0.45749995 -0.0 0.0 0.0 0.0 0.0 -0.0 -0.0 -0.18585165 0.0 -0.13129677 0.0 0.0 -0.0 0.17624432 0.0 -0.36355278 0.31862023 0.0 0.0 0.0 0.0 -0.43958017 0.20029612 -0.0 -0.0 -0.0 0.0 0.0 0.0 -0.0 0.0 0.0 -0.0 -0.0 0.0 -0.0 0.0 0.0 -0.0 -0.0 -0.0 0.0 0.0 -0.0 -0.0 -0.040155016 0.0 0.0
0.0 -0.0 0.0 -0.0 0.0 -0.0 -0.0 -0.20150967 -0.0 -0.0 0.0 0.12348924 0.0 -0.0 0.0 -0.0 -0.0 0.0 0.0 -0.0 0.0 -0.15503258 0.0 0.0 0.0 -0.25939426 0.0 0.0 0.0 0.0 0.0 0.0 0.09096304 -0.0 0.0 0.0 0.0 -0.23311909 0.26882967 -0.0 -0.0 -0.0 -0.0 -0.0 0.23647214 -0.0 0.0 -0.0 -0.0 -0.0 0.0 0.0 0.0 -0.0 -0.0 0.0 0.0 -0.0 0.0 -0.16445337 -0.0 0.0 0.21256794 0.0
-0.0 0.0 -0.0 -0.0 -0.0 -0.0 -0.16671456 -0.0 0.0 -0.0 -0.0 0.0 -0.0 0.0 -0.0 0.15943132 0.0 0.0 -0.0 0.0 -0.0 0.0 0.0 0.0 -0.0 0.23806854 -0.0 -0.0 -0.0 -0.0 0.0 -0.0 -0.28978902 -0.0 -0.0 -0.24765006 0.0 0.31235558 0.0 -0.32691297 0.0 -0.0 0.0 -0.0 -0.0 -0.0 -0.0 0.0 -0.0 0.0 0.0 -0.0 0.0 0.0 -0.0 -0.0 -0.31108057 0.0 -0.0 0.10060507 -0.0 -0.0 -0.0 -0.0
-0.0 -0.0 -0.0 -0.13632469 0.0 -0.0 0.0 0.0 0.0 -0.0 0.0 0.0 0.0 -0.0 0.0 -0.0 0.0 0.0 0.0 -0.0 -0.0 -0.0 -0.24475926 -0.0 0.0 -0.0 -0.0 -0.0 0.0 -0.0 0.0 -0.0 0.0 0.0 -0.0 -0.0 -0.0 -0.35938683 0.32536787 0.0 -0.0 -0.0 -0.0 -0.12431599 -0.0 -0.30245176 -0.0 0.0 0.0 -0.13729586 0.0 0.0 -0.0 -0.0 -0.0 -0.0 -0.0 0.0 0.0 -0.0 -0.23891352 0.0 -0.0 -0.0
-0.0 -0.0 0.0 -0.0 0.0 -0.0 0.0 0.0 -0.0 -0.0 -0.0 -0.0 -0.0 -0.0 0.0 -0.0 -0.0 -0.0 -0.0 0.0 0.0 -0.0 0.0 0.0 0.0 -0.0 0.0 0.0 0.0 0.0 -0.0 -0.0 0.0 0.0 0.0 -0.0 -0.0 -0.0 0.0 -0.0 0.0 -0.0 0.0 0.0 0.0 0.0 0.0 -0.0 -0.0 -0.0 0.0 -0.0 0.0 -0.0 -0.0 0.0 0.0 -0.0 0.0 -0.0 -0.0 -0.0 -0.0 -0.0
0.0 -0.0 0.0 0.0 0.0 -0.0 0.0 0.0 0.0 0.0 0.0 -0.0 -0.0 -0.0 -0.0 0.0 -0.0 0.0 -0.0 -0.0 -0.0 0.0 -0.0 0.0 -0.0 0.22445431 0.0 -0.0 -0.0 -0.0 0.0 -0.0 -0.0 0.0 0.0 0.0 0.0 0.13678983 -0.18654828 0.0 -0.0 -0.0 -0.0 -0.0 0.0 0.0 0.0 -0.0 -0.0 0.116154715 0.0 0.0 -0.0 0.0 0.0 -0.0 0.0 -0.0 -0.0 0.0 0.0 0.0 0.0 -0.0
0.0 0.0 0.0 -0.0 -0.0 -0.0 0.0 0.0 0.0 -0.0 -0.0 -0.0 -0.0 -0.0 -0.0 -0.0 -0.0 -0.0 -0.0 -0.0 0.0 -0.0 -0.0 -0.0 -0.0 0.0 0.0 0.0 0.0 -0.0 -0.0 -0.0 0.0 0.0 -0.0 -0.0 -0.0 -0.0 -0.0 0.0 -0.0 -0.0 0.0 0.0 0.0 -0.0 -0.0 -0.0 0.0 0.0 -0.0 -0.0 -0.0 -0.0 0.0 -0.0 0.0 -0.0 0.0 -0.0 -0.0 -0.0 -0.0 -0.0
-0.0 0.0 0.0 0.0 -0.0 -0.0 0.0 -0.0 -0.0 0.0 0.0 -0.0 0.0 -0.0 0.0 -0.0 0.0 -0.0 -0.0 -0.0 -0.0 0.0 -0.0 -0.0 0.0 0.0 0.0 -0.0 -0.0 -0.0 0.0 0.0 -0.0 -0.0 -0.0 -0.0 -0.0 0.0 -0.0 -0.0 0.0 -0.0 -0.0 0.0 -0.0 0.0 0.0 -0.0 -0.0 0.0 0.0 0.0 -0.0 -0.0 -0.0 -0.0 -0.0 -0.0 -0.0 0.0 0.0 0.0 -0.0 0.0
-0.0 -0.0 -0.0 -0.0 0.0 0.0 -0.0 0.0 -0.3994364 -0.0 -0.0 0.0 0.0 -0.0 -0.0 -0.0 -0.0 0.0 -0.0 -0.0 -0.0 -1.0204493 0.0 -0.0 0.0 0.0 -0.0 0.0 0.0 0.0 0.0 -0.71082073 0.0 -0.0 -0.0 -0.0 -0.0 -0.39714983 0.58444434 0.0 -0.55681944 -0.0 -0.0 0.0 0.0 -0.0 0.0 0.0 -0.0 0.34799457 -0.0 -0.0 0.0 0.13293937 -0.0 -0.0 0.0 0.0 -0.39712793 -0.0 -0.0 -0.0 -0.0 -0.0
0.0 0.0 0.0 0.0 -0.0 -0.0 0.4678904 -0.41414902 0.0 0.0 -0.0 0.38791493 -0.0 -0.0 0.0 0.0 -0.0 -0.0 -0.3442145 0.0 0.0 -0.0 -0.0 0.0 -0.0 -0.0 0.0 -0.0 0.0 0.0 -0.23267531 -0.0 0.0 -0.0 0.0 0.0 0.0 0.0 0.4710041 -0.0 -0.0 -0.0 0.0 -0.372416 0.0 0.0 -0.0 -0.0 0.0 -0.0 -0.0 0.2872517 -0.0 -0.0 0.0 -0.0 0.0 -0.0 0.0 -0.0 -0.0 -0.0 -0.0 -0.0
0.0 0.0 -0.0 0.0 -0.0 -0.0 -0.0 -0.0 -0.0 0.0 0.0 0.0 -0.0 0.0 -0.0 0.0 0.0 -0.0 -0.0 -0.0 0.0 0.0 -0.0 -0.0 -0.0 0.0 -0.0 -0.0 -0.0 0.0 -0.0 0.0 -0.0 -0.0 0.0 0.0 0.0 0.041134574 -0.0 0.0 -0.0 0.0 -0.0 0.0 -0.0 0.0 -0.0 0.0 -0.0 0.0 -0.0 0.0 0.0 0.0 0.0 -0.0 -0.0 -0.0 -0.0 0.0 0.0 -0.0 -0.0 -0.0
-0.0 -0.0 -0.0 0.0 0.0 0.0 0.0 0.0 0.0 -0.39923382 -0.0 0.0 0.0 0.0 0.40079916 0.0 0.53583676 0.0 0.0 0.0 0.0 0.0 0.0 0.0 -0.0 0.38560265 0.0 0.0 0.21077493 -0.0 -0.0 -0.0 -0.34642962 0.0 -0.0 -0.0 0.0 -0.0 -0.14481041 0.0 0.0 -0.0 0.0 0.36174688 0.4428175 0.0 0.0 -0.0 0.0 0.0 -0.0 -0.0 0.0 -0.0 -0.0 0.0 0.0 0.0 -0.0 -0.0 0.0 0.0 -0.0 -0.0
0.0 0.0 -0.0 0.0 -0.17926888 -0.0 0.38899323 -0.0 0.0 0.0 -0.0 0.0 -0.0 -0.18996003 0.0 0.09025086 0.0 0.0 0.0 0.0 0.0 -0.0 -0.2320524 0.0 -0.26817685 0.0 0.0 -0.0 0.6105415 -0.0 -0.26465926 -0.0 0.0 0.0 -0.0 -0.0 0.0 0.0 0.4310142 -0.0 0.0 -0.0 0.0 -0.26457563 -0.0 0.0 -0.0 -0.0 0.0 -0.0 -0.21871413 0.0 0.34217465 0.0 -0.0 -0.0 -0.0 0.0 0.29113162 -0.0 -0.0 -0.0 -0.0 -0.0
0.0 -0.0 -0.0 -0.0 0.0 0.0 -0.42009538 0.0 0.0 0.0 -0.0 0.0 -0.0 0.0 -0.0 -0.0 0.0 -0.0 0.22951075 0.0 -0.0 0.32080352 0.0 0.22219269 0.47163752 0.0 -0.0 -0.5817893 -0.24322021 0.0 0.0 0.0 -0.0 -0.21047305 -0.0 0.0 0.0 0.0 -0.3359739 -0.0 -0.0 -0.0 -0.0 -0.0 -0.0 -0.0 0.1969471 0.0 -0.16615202 0.0 0.055788953 0.0 -0.0 -0.0 -0.0 0.0 -0.33525333 -0.0 -0.0 0.29720145 0.0 -0.0 0.0 0.0
0.0 -0.3062233 0.0 -0.0 0.0 -0.33852473 0.0 0.0 0.0 0.0 0.0 -0.0 -0.0 0.23468444 0.0 -0.0 -0.12534586 -0.37358108 0.0 -0.19213611 0.0 0.0 -0.16216433 -0.0 0.0 -0.0 -0.0 0.0 0.0 0.0 -0.0 0.0 -0.0 0.0 0.0 -0.13514915 -0.0 -0.0 -0.0 -0.12010011 -0.0 0.0 -0.13169996 -0.26050982 0.0 0.0 0.0 0.0 -0.0 -0.0 -0.0 -0.0 -0.23887743 0.0 0.5049102 0.0 0.0 -0.0 0.0 -0.0 0.03844942 0.0 -0.0 -0.0
0.0 0.0 -0.0 0.0 0.0 0.0 0.0 -0.0 -0.14792813 0.0 -0.0 -0.0 0.0 -0.0 0.0 0.0 -0.0 -0.13429461 0.0 0.0 0.0 -0.0 0.0 -0.0 0.0 -0.0 0.0 -0.0 0.0 0.0 -0.28821072 -0.0 0.3723508 -0.0 -0.0 0.0 0.0 -0.2652622 0.24161866 -0.0 0.0 -0.0 0.0 -0.0 -0.0 0.0 0.0 -0.18692465 -0.3811784 -0.0 -0.0 -0.0 -0.0 0.0 -0.0 -0.0 -0.0 -0.0 0.0 -0.0 -0.0 -0.0 0.0 0.0
0.0 -0.0 0.09085886 -0.0 -0.0 0.0 -0.0 -0.0 -0.0 -0.0 0.0 0.0 -0.0 0.0 0.0 -0.0 -0.0 0.0 -0.0 0.08810807 -0.0 0.0 -0.0 -0.19302313 -0.0 0.17394039 0.0 0.0 0.0 -0.0 -0.0 0.0 -0.0 0.0 0.0 0.0 0.0 0.03502494 -0.42932677 0.0 0.0 -0.22098327 -0.0 -0.0 -0.0 -0.0 -0.0 -0.0 -0.0 0.0 0.0 0.24400832 -0.0 -0.0 0.0 -0.0 0.0 0.0 -0.0 0.40680027 -0.0 -0.39218152 0.0 0.0
0.0 -0.0 0.0 -0.0 0.0 0.0 -0.0 0.0 -0.0 -0.0 -0.0 -0.0 0.0 0.0 -0.0 -0.0 0.0 -0.0 0.0 0.0 -0.0 -0.0 0.0 0.0 0.0 -0.0 -0.0 0.0 -0.0 0.0 -0.0 -0.0 0.0 -0.0 0.0 0.0 0.0 -0.0 0.0 -0.0 -0.0 -0.0 -0.0 -0.0 0.0 -0.0 0.0 0.0 -0.0 -0.0 0.0 -0.0 -0.0 0.0 0.0 0.0 -0.0 0.0 0.0 -0.0 -0.0 0.0 0.0 -0.0
-0.0 -0.0 0.0 0.0 -0.0 0.0 0.0 -0.0 0.0 -0.0 0.0 0.0 -0.0 0.0 -0.0 0.0 -0.0 0.0 0.0 -0.0 0.0 -0.0 -0.0 0.0 -0.0 -0.0 0.0 -0.0 0.0 -0.0 -0.0 0.0 0.0 0.0 0.0 0.0 -0.0 -0.0 0.0 -0.0 -0.0 0.0 -0.0 -0.0 0.0 -0.15646945 -0.0 0.0 0.0 -0.0 -0.0 0.0 -0.0 0.0 0.0 -0.0 0.0 -0.0 0.0 -0.0 -0.0 -0.0 -0.0 -0.0
0.0 -0.0 0.0 -0.0 0.0 -0.0 0.0 0.0 -0.0 0.0 -0.0 -0.0 0.0 -0.0 0.0 -0.0 0.0 -0.0 -0.0 0.0 0.0 0.22835569 0.0 0.0 -0.0 0.0 -0.0 -0.0 0.0 -0.0 -0.0 -0.0 -0.0 0.0 -0.0 -0.0 0.0 0.0 0.0 -0.0 0.0 -0.0 -0.0 -0.0 -0.0 -0.0 -0.0 -0.0 0.0 0.0 -0.0 0.0 -0.0 -0.0 -0.0 -0.0 -0.0 -0.0 -0.0 0.0 -0.0 -0.0 -0.0 -0.0
-0.0 -0.0 0.0 0.0 0.0 -0.0 -0.0 0.0 0.0 -0.0 0.0 0.0 0.0 -0.0 -0.0 0.0 -0.0 -0.0 -0.0 -0.0 -0.0 -0.0 -0.0 0.0 0.0 -0.23449843 -0.0 0.0 -0.0 -0.0 -0.0 0.0 0.0 0.0 0.0 0.0 -0.0 -0.0 0.0 -0.0 -0.0 -0.0 -0.0 -0.0 -0.0 -0.0 0.0 0.0 -0.0 -0.0 0.0 -0.0 0.0 0.0 0.0 -0.0 0.0 0.0 0.55701905 -0.0 0.0 0.0 -0.0 0.0
0.0 0.0 0.0 -0.0 0.0 -0.0 0.0 0.0 0.0 0.0 -0.0 -0.0 0.0 -0.0 0.0 0.0 0.0 -0.0 0.0 -0.0 0.0 -0.0 0.0 -0.0 -0.0 -0.0 -0.0 -0.0 -0.0 0.0 -0.0 -0.0 0.0 0.0 0.0 0.0 -0.0 -0.0 0.0 -0.0 -0.0 -0.0 0.0 -0.0 0.0 -0.0 0.0 0.0 0.0 -0.0 -0.0 -0.0 -0.0 -0.0 -0.0 0.0 -0.0 0.0 0.0 -0.0 -0.0 0.0 0.0 -0.0
-0.0 -0.0 -0.0 -0.0 0.0 -0.0 0.0 0.0 -0.0 0.0 0.0 -0.0 0.32831493 -0.29942852 0.0 0.0 0.0 0.0 -0.763443 0.0 -0.17090896 0.0 0.0 0.0 -0.25463688 0.38256 -0.0 0.60689056 0.0 0.30195063 -0.0 -0.25403267 -0.0 -0.36881042 0.0 -0.18183878 -0.0 0.12637769 -0.2890275 -0.0 -0.0 0.0 0.36436012 -0.0 -0.0 0.0 -0.0 0.0 -0.0 0.0 -0.19059631 0.0 -0.0 0.0 -0.0 0.0 0.0 -0.0 -0.0 0.0 0.0 -0.0 0.0 -0.0
0.0 0.0 0.0 -0.0 0.0 0.0 -0.0 -0.0 0.0 0.0 0.0 0.0 0.0 0.0 0.0 0.0 0.0 0.0 0.0 -0.42612737 -0.0 -0.110853136 -0.0 -0.40190977 0.0 -0.0 0.0 0.0 0.0 0.0 -0.0 0.2366391 0.22744314 -0.0 0.0 0.0 -0.0 -0.4341862 0.55251515 -0.0 -0.0 -0.0 0.0 0.0 -0.0 -0.0 0.0 0.0 0.0 -0.123496875 0.0 0.0 -0.0 -0.0 0.0 0.12883572 -0.0 0.4654717 0.0 -0.28645363 -0.0 -0.0 0.0 -0.0
0.0 0.0 -0.0 0.0 0.0 0.0 -0.0 -0.0 0.0 -0.0 0.0 -0.0 -0.0 0.0 -0.0 0.0 -0.0 -0.0 -0.0 -0.0 0.0 0.0 0.0 0.0 -0.0 -0.0 -0.0 -0.0 -0.0 0.0 -0.0 0.0 0.0 -0.0 0.0 0.0 0.0 -0.0 0.0 -0.0 -0.0 -0.0 0.0 0.0 0.0 -0.0 0.0 0.0 -0.0 -0.0 -0.0 -0.0 0.0 0.0 0.0 0.0 -0.0 -0.0 0.0 -0.0 -0.0 0.0 0.0 0.0
0.0 -0.0 0.0 -0.0 0.0 -0.0 -0.0 0.0 -0.0 0.0 -0.0 -0.0 0.0 0.0 0.0 0.0 0.0 0.0 0.0 0.0 -0.0 0.0 0.0 0.0 0.0 0.0 0.0 0.0 0.0 -0.0 0.0 0.0 -0.0 0.0 -0.0 0.0 -0.0 0.0 -0.19486623 0.0 0.0 0.0 0.0 0.0 0.0 -0.0 0.0 0.0 0.0 0.22647187 0.0 0.0 -0.0 -0.0 -0.0 -0.0 -0.0 0.0 -0.0 0.0 -0.0 -0.0 0.0 0.0
-0.0 -0.0 0.0 -0.0 -0.0 -0.0 -0.0 -0.0 -0.13849513 -0.0 -0.0 0.0 0.0 -0.0 -0.0 0.0 0.0 -0.0 -0.0 -0.0 -0.0 -0.0 -0.0 -0.0 -0.0 -0.1284939 -0.15886772 -0.0 -0.0 0.0 -0.0 -0.0 0.0 0.0 0.0 -0.14486514 -0.0 0.0 0.13443215 0.0 -0.0 -0.4566287 -0.0 -0.0 -0.117521375 -0.0 0.0 0.0 -0.0 -0.0 -0.0 -0.0 -0.0 -0.0 -0.0 -0.0 0.0 -0.0 0.0 0.0 -0.15909876 0.0 -0.0 -0.0
-0.0 -0.0 0.0 0.0 -0.0 0.0 -0.0 0.0 0.0 -0.0 0.0 -0.0 0.0 0.0 -0.0 -0.0 0.0 0.0 -0.0 0.0 0.0 0.0 0.0 0.0 0.0 0.0 -0.0 -0.0 -0.0 0.0 0.0 0.0 -0.0 -0.73874 -0.0 -0.0 -0.0 0.0 0.0 -0.0 0.0 -0.0 -0.0 0.0 0.0 0.0 0.0 0.0 -0.0 0.0 0.0 0.0 -0.0 0.0 0.0 0.0 -0.0 -0.0 -0.0 0.0 0.0 0.0 0.0 -0.0
-0.0 -0.0 -0.0 0.0 -0.0 -0.0 0.0 0.15503925 -0.0 -0.0 0.0 -0.0 -0.0 0.0 -0.0 0.0 0.0 -0.0 0.0 0.0 0.0 0.0 0.0 0.14672914 0.0 0.0 -0.0 0.0 -0.0 -0.0 -0.0 -0.0 -0.22609688 -0.0 -0.0 -0.0 -0.0 0.1551432 -0.3573714 0.0 0.0 -0.19995397 -0.0 0.0 -0.0 -0.0 0.0 -0.0 0.0 0.0 0.0 -0.0 -0.0 0.0 0.0 -0.0 0.0 -0.25696853 -0.0 0.0 0.0 0.0 -0.0 -0.0
0.0 0.0 -0.0 0.0 0.0 0.0 -0.0 -0.0 -0.0 -0.0 0.0 0.0 0.0 0.0 0.0 -0.0 0.0 0.0 -0.0 -0.0 -0.0 0.0 0.0 0.0 0.0 0.0 0.0 -0.0 0.0 0.0 0.0 0.0 -0.0 -0.0 -0.0 0.0 0.0 0.0 -0.0 -0.0 -0.0 -0.0 0.0 0.0 0.0 -0.0 -0.0 -0.0 -0.0 0.0 0.0 0.0 0.0 0.0 0.0 0.0 0.0 0.0 -0.0 0.0 0.0 0.0 0.0 -0.0
0.0 -0.0 -0.0 -0.0 0.0 0.0 0.0 0.0 0.0 -0.0 0.0 -0.0 0.0 0.0 0.0 0.0 0.0 0.0 -0.0 0.0 -0.0 -0.0 0.0 0.0 0.0 -0.0 -0.0 0.0 0.0 0.0 0.0 0.0 0.0 -0.0 -0.0 0.0 0.0 -0.45714208 0.0 -0.0 -0.0 -0.0 0.0 0.0 0.0 -0.0 0.0 0.0 0.0 -0.0 0.0 0.0 0.0 -0.0 0.0 0.0 -0.0 -0.0 0.0 -0.0 0.0 -0.0 0.0 -0.0
0.0 -0.0 0.0 0.0 0.0 0.0 0.0 0.0 0.0 -0.0 -0.0 -0.0 0.0 -0.0 0.0 -0.0 0.69513667 0.0 0.0 -0.0 0.0 -0.0 0.0 0.0 0.0 -0.0 0.0 0.0 0.0 0.0 0.0 -0.0 -0.0 -0.0 -0.0 -0.0 -0.0 -0.53131586 0.0 -0.0 -0.0 -0.40467164 -0.0 -0.0 0.0 0.0 0.0 0.0 -0.0 -0.51759154 0.0 0.0 -0.0 -0.0 -0.0 0.0 0.0 0.0 0.0 -0.0 0.0 -0.0 0.0 -0.0
0.0 0.0 0.0 -0.0 -0.0 0.4102338 0.0 -0.31351224 0.0 -0.0 -0.0 0.0 0.0 0.35766536 -0.0 0.3895586 -0.0 -0.0 0.0 0.449688 0.0 0.0 0.0 0.0 -0.0 0.0 0.0 0.0 0.0 -0.0 0.0 -0.0 -0.15934016 -0.0 0.0 0.16945513 -0.0 0.22491924 -0.3334874 0.0 0.0 0.0 0.20493904 -0.0 -0.0 -0.0 0.0 0.0 0.0 0.0 0.0 0.0 -0.0 -0.0 0.0 -0.0 -0.0 0.5111576 -0.25396073 0.0 0.0 0.27729252 0.0 0.0
-0.0 -0.0 -0.0 0.0 0.0 -0.0 -0.0 0.0 -0.0 -0.0 -0.0 0.0 0.0 0.0 -0.0 -0.0 -0.0 -0.0 -0.0 -0.0 -0.0 -0.15103145 0.0 -0.0 -0.0 -0.5845958 0.0 -0.0 -0.0 0.0 -0.0 -0.0 0.0 -0.0 -0.0 -0.0 0.0 -0.16987345 0.46521205 0.0 -0.0 -0.0 0.0 0.0 -0.0 -0.0 -0.0 -0.0 -0.29866242 -0.31922197 0.0 0.0 0.0 0.0 0.0 0.0 -0.0 0.0 0.0 -0.0 -0.0 0.0 0.0 -0.0
0.0 -0.0 0.0 -0.0 0.0 0.0 -0.0 0.0 -0.0 -0.0 0.0 -0.3460751 0.0 0.0 -0.0 0.0 0.0 -0.0 -0.0 0.0 -0.0 -0.13927516 0.0 0.0 0.0 -0.35740754 0.0 0.0 0.0 0.0 0.0 -0.0 0.17927437 0.0 0.0 0.0 -0.3671662 -0.0 0.0 0.0 -0.0 0.0 -0.0 0.0 0.0 0.0 0.0 0.0 -0.0 -0.0 0.0 0.31498322 -0.0 0.0 -0.0 -0.0 -0.0 0.0 0.59313345 -0.0 -0.0 -0.0 -0.0 -0.0
-0.0 -0.0 0.0 0.0 0.0 -0.0 -0.0 -0.0 -0.0 -0.0 0.0 0.0 0.0 0.0 0.0 0.2743101 -0.13797513 -0.0 -0.0 -0.0 0.0 -0.0 -0.0 0.0 -0.0 -0.22790605 -0.0 0.0 0.0 -0.0 -0.0 -0.0 0.0 -0.0 -0.0 -0.0 -0.0 -0.17697294 0.22115286 -0.0 0.0 -0.0 -0.0 0.0 0.0 -0.0 0.0 -0.0 0.0 -0.0 0.0 -0.0 0.0 0.0 0.0 -0.0 0.0 0.0 0.0 -0.20108648 -0.0 0.0 -0.0 -0.0
0.0 -0.0 0.123394765 0.0 -0.0 -0.0 0.0 -0.0 0.0 -0.0 0.0 0.0 -0.0 -0.0 0.0 -0.0 0.0 -0.0 -0.0 0.0 -0.0 0.0 -0.0 0.1256902 -0.0 0.20706823 0.0 0.0 0.0 -0.09251288 0.0 0.0 -0.19023164 0.0 0.0 0.0 0.0 0.17347711 -0.42257178 0.0 0.0 -0.0 0.0 0.0 -0.0 -0.0 0.0 0.0 0.0 0.16456154 0.0 -0.0 0.0 0.0 0.0 -0.0 0.0 0.0 -0.0 0.0 0.0 -0.0 -0.0 0.0
-0.0 0.0 -0.6704716 -0.0 0.0 -0.0 0.0 0.5274397 0.0 0.19588794 -0.0 0.0 0.0 0.0 0.0 0.0 0.0 0.0 0.0 -0.0 0.0 -0.0 0.0 0.0 0.0 -0.0 -0.0 0.0 0.0 0.0 0.0 -0.0 0.1852807 -0.0 0.0 0.0 0.0 -0.26346055 0.14471376 -0.0 -0.0 0.0 -0.0 0.0 -0.0 -0.0 0.0 0.0 0.0 -0.2606257 0.0 0.0 0.0 -0.0 0.0 0.0 0.0 -0.0 0.101525955 -0.1942595 0.0 -0.0 0.0 -0.0
0.0 0.0 -0.0 -0.0 -0.0 -0.0 0.0 -0.0 0.0 -0.0 0.15178244 -0.4156006 -0.0 -0.0 -0.0 0.0 -0.0 -0.0 -0.0 -0.0 0.0 0.80844873 -0.0 0.0 0.0 -0.55617887 0.0 0.0 0.0 -0.0 -0.0 -0.0 0.0 -0.0 0.0 0.0 0.2896351 -0.0 0.29486263 0.0 -0.0 -0.0 -0.0 -0.0 0.0 -0.136759 0.0 -0.0 0.0 -0.62602216 -0.0 0.0 -0.0 -0.0 0.0 0.0 0.0 0.0 0.0 -0.0 -0.0 0.0 -0.0 0.0
0.0 0.0 0.0 -0.0 0.0 -0.0 -0.0 -0.0 -0.0 -0.0 1.5665876 -0.0 0.0 -0.0 -0.0 0.0 -0.0 0.0 0.0 -0.0 -0.0 0.0 -0.0 0.0 0.0 -0.0 -0.0 -0.0 -0.0 0.0 0.0 0.0 -0.0 -0.0 0.0 -0.0 0.0 0.0 -0.0 -0.0 0.0 -0.0 0.0 -0.0 0.0 -0.0 0.0 -0.0 -0.0 0.0 0.0 0.0 0.0 0.0 -0.0 -0.0 -0.0 0.0 0.0 0.0 -0.0 0.0 0.0 0.0
0.0 0.0 -0.0 -0.0 -0.0 -0.0 0.0 -0.0 -0.0 -0.0 -0.0 -0.0 -0.0 -0.0 0.0 -0.0 -0.0 0.0 0.0 0.0 -0.0 0.25414807 0.0 0.0 -0.3102495 0.0 -0.0 -0.0 0.0 0.8061229 0.0 -0.0 -0.0 -0.7781863 -0.0 -0.0 0.0 0.0 -0.59906995 -0.3790989 0.0 -0.0 0.0 -0.0 0.0 -0.0 0.22575365 0.3882123 -0.46507868 0.0 -0.0 0.0 0.0 0.0 0.0 -0.0 0.21007381 -0.0 -0.0 0.0 0.0 -0.0 0.0 0.0
-0.2970848 -0.0 -0.0 0.0 -0.0 -0.0 -0.0 -0.0 -0.0 0.0 -0.0 0.0 -0.0 -0.0 -0.0 0.0 -0.0 0.0 -0.0 -0.0 -0.0 -0.0 -0.0 0.0 0.0 -0.07583533 -0.0 -0.0 -0.4084284 0.0 -0.0 0.0 -0.0 0.0 -0.0 -0.0 -0.0 -0.0 0.18139867 -0.0 -0.0 -0.0 -0.0 -0.0 0.0 0.0 -0.0 -0.0 -0.0 -0.26547706 -0.27933982 -0.0 -0.0 0.0 0.0 -0.0 -0.0 0.0 0.0 -0.49951974 -0.0 0.0 -0.53379375 -0.0
-0.0 -0.0 0.29642037 0.0 -0.0 0.0 0.0 0.0 0.0 -0.0 0.0 -0.0 0.0 -0.0 0.0 -0.0 0.0 0.0 -0.0 -0.0 0.0 0.0 0.0 -0.0 -0.0 -0.0 -0.0 -0.0 -0.0 -0.0 0.0 0.0 -0.0 0.0 0.0 -0.0 0.0 0.22183505 -0.0 -0.0 -0.0 -0.0 0.0 -0.0 -0.0 -0.3935491 -0.0 0.0 0.0 0.0 0.0 -0.0 0.0 0.0 -0.0 -0.0 0.0 -0.0 -0.0 0.0 -0.0 0.0 0.0 -0.0
0.0 0.0 -0.0 0.0 -0.0 -0.0 -0.0 0.0 0.0 0.0 0.0 -0.0 -0.0 0.0 -0.0 0.0 0.0 0.0 0.0 -0.15753736 -0.0 -0.16799429 -0.0 -0.0 0.0 -0.36356056 -0.28533003 -0.0 0.0 0.0 -0.0 0.0 0.0 -0.11060692 -0.0 0.0 -0.0 -0.0 0.2959375 -0.0 -0.0 -0.13596182 -0.0 0.0 -0.0 -0.0 0.0 0.0 -0.0 -0.0 0.0 -0.0 0.0 -0.0 0.0 0.0 0.0 -0.0 0.17267619 -0.3980521 0.0 0.3401888 -0.0 -0.0
-0.0 -0.16881545 -0.0 -0.0 -0.0 -0.0 0.0 0.0 -0.0 -0.12798518 0.0 0.0 -0.0 0.0 -0.0 -0.0 0.10285814 -0.0 -0.0 -0.0 -0.0 -0.0 0.0 -0.0 -0.0 -0.0 0.10118204 -0.0 0.0 -0.0 -0.0 -0.22494747 0.0 -0.0 -0.0 -0.0 -0.0 -0.0 -0.12593032 -0.0 0.0 -0.0 -0.0 -0.0 -0.0 -0.0 -0.0 -0.0 -0.0 0.0 0.0 -0.0 0.0 0.0 -0.0 0.0 0.0 -0.0 -0.0 0.0 -0.16373579 -0.0 -0.0 -0.0
-0.0 -0.0 -0.0 0.0 0.0 -0.0 -0.39870018 0.2598511 0.45503774 -0.0 -0.0 -0.0 0.0 -0.0 0.0 0.0 0.0 0.40312305 -0.0 0.0 -0.0 0.0 0.0 0.0 0.0 0.0 -0.0 -0.0 -0.0 0.0 0.0 0.0 -0.0 -0.25784382 -0.0 0.0 0.0 -0.0 -0.49956888 -0.16372615 -0.0 -0.0 -0.0 -0.0 -0.0 -0.0 0.213725 0.0 -0.2675664 0.0 0.0 -0.0 0.0 0.29207394 -0.0 0.0 -0.16213305 -0.0 -0.082769305 0.0 0.63093936 -0.0 0.5624515 0.0
0.0 -0.0 0.0 -0.0 -0.0 0.0 -0.0 -0.0 -0.10385765 0.0 0.0 -0.0 -0.0 -0.0 0.0 -0.0 -0.4895844 -0.0 0.0 0.0 -0.0 0.109179236 -0.0 -0.0 0.0 0.0 -0.0 -0.0 -0.0 0.0 0.0 0.0 0.0 -0.0 -0.0 0.0 -0.0 0.0 -0.13569292 0.0 -0.0 -0.0 -0.0 0.0 0.0 0.0 0.0 -0.0 -0.0 0.19447936 -0.0 -0.0 0.0 -0.0 0.0 0.0 0.0 0.0 -0.0 0.2806376 0.0 -0.2541483 0.0 0.0
0.0 -0.0 -0.0 -0.0 0.0 0.0 -0.0 0.0 0.0 0.0 0.0 0.0 0.0 0.0 0.04257446 0.0 -0.0 0.0 -0.0 0.0 -0.0 -0.0 0.0 -0.0 0.0 -0.6588777 0.0 0.0 0.0 0.0 0.0 0.0 0.0 -0.0 -0.0 -0.0 0.0 -0.0 0.0 -0.0 -0.0 -0.0 -0.0 0.0 0.6493657 -0.0 0.0 0.0 0.0 -0.0 0.0 0.0 -0.0 0.0 -0.0 -0.0 -0.0 0.0 -0.0 -0.0 -0.0 -0.0 0.0 0.0
-0.0 -0.0 -0.0 -0.0 -0.0 0.0 -0.0 0.0 -0.5400074 -0.0 -0.12385353 -0.0 0.0 -0.0 0.0 -0.0 0.0 -0.0 -0.0 0.0 -0.0 0.2829591 -0.18037756 0.0 -0.0 0.0 0.0 0.0 -0.0 0.15019536 0.23124643 0.0 -0.19574843 -0.0 -0.22032708 0.23986481 -0.0 -0.0 -0.2231238 -0.0 0.0 -0.0 -0.0 0.0 -0.0 0.0 0.0 -0.0 -0.23068222 0.0 0.0 -0.0 -0.14576417 -0.0 -0.0 0.0 -0.0 0.0 -0.10337932 0.2279303 0.28222686 -0.0 -0.0 0.0
0.0 0.0 0.0 -0.0 0.0 0.0 0.0 -0.0 0.0 0.0 -0.0 0.0 0.0 -0.0 -0.0 -0.0 0.0 0.56249195 0.0 -0.0 0.0 0.0 -0.5875119 -0.0 -0.0 -0.110057406 -0.0 0.0 0.0 0.0 0.1470434 0.0 0.0 -0.0 0.0 -0.0 0.34929883 -0.17341813 0.39040115 -0.0 -0.22761297 -0.0 0.0 -0.38337442 -0.0 0.0 0.0 -0.0 0.0 0.0 0.0 0.0 0.0 -0.3131858 -0.0 -0.0 0.0 -0.0 -0.0 -0.27774248 0.0 0.0 -0.0 -0.0
-0.20024142 0.0 0.0 0.0 -0.18639573 0.0 0.54750896 0.0 -0.0 -0.0 -0.0 0.0 -0.19718327 -0.0 0.0 0.0 0.0 -0.0 -0.0 0.0 -0.0 0.0 -0.0 0.0 -0.5059478 0.0 0.0 -0.0 0.0 -0.21204494 0.0 0.0 0.0 0.0 -0.0 -0.0 -0.0 -0.0 -0.45787543 -0.0 0.0 -0.0 0.0 0.0 0.0 0.0 -0.0 0.0 0.0 0.0 -0.20386542 0.0 -0.0 0.0 -0.0 -0.0 -0.0 0.0 -0.0 0.0 -0.0 -0.0 -0.1775793 -0.0
-0.0 -0.0 -0.0 0.0 -0.0 -0.0 0.0 0.0 -0.56349605 0.0 -0.2662176 -0.0 -0.0 0.0 0.0 -0.0 0.0 -0.43882537 0.0 -0.0 -0.0 0.094774 0.3966989 -0.0 0.0 0.3132295 -0.0 -0.0 -0.0 -0.0 -0.093057595 -0.17958777 -0.26147375 -0.0 -0.0 0.0 -0.0 -0.0 -0.22953135 0.0 0.0 -0.0 -0.10531606 -0.24997231 0.0 0.36743087 -0.0 -0.0 -0.0 0.0 0.0 -0.0 -0.0 0.0 -0.0 -0.0 -0.0 0.0 -0.0 0.0 0.0 0.0 0.0 0.0
-0.0 -0.0 -0.0 -0.0 0.0 -0.0 0.0 0.0 -0.0 -0.0 0.0 -0.0 0.0 -0.0 -0.0 -0.0 0.0 0.0 -0.0 -0.0 -0.0 -0.0 0.0 0.0 0.0 -0.0 -0.0 0.0 -0.0 0.0 -0.0 -0.2655149 0.0 -0.0 -0.0 0.0 -0.0 -0.0 0.35630703 -0.0 0.0 -0.0 -0.0 -0.0 -0.0 -0.0 -0.0 -0.0 -0.0 -0.40079653 -0.0 0.0 -0.0 -0.0 -0.0 -0.0 -0.0 0.0 0.40471512 -0.0 -0.0 0.0 0.0 0.0
0.0 -0.0 0.0 0.0 -0.0 -0.0 -0.0 -0.0 0.0 -0.0 0.0 0.0 -0.0 0.0 -0.0 -0.0 -0.0 0.0 -0.0 0.0 0.0 -0.08634995 -0.0 -0.0 0.0 -0.0 -0.0 0.0 -0.0 0.0 0.0 0.0 0.0 -0.0 0.0 -0.0 -0.0 -0.0 0.12632369 -0.0 -0.0 -0.0 -0.0 0.0 0.0 -0.0 0.0 0.0 -0.0 -0.0 0.0 -0.0 0.0 0.0 0.0 0.0 -0.0 -0.0 0.0 -0.17839797 0.0 0.0 -0.0 0.0
0.0 -0.0 -0.0 -0.0 0.0 -0.0 0.0 0.0 -0.0 -0.0 -0.0 -0.0 -0.0 -0.0 -0.0 -0.0 -0.0 0.0 -0.0 -0.0 0.0 0.22952053 -0.0 -0.0 -0.0 0.33424342 -0.0 0.0 0.0 -0.0 0.0 -0.0 -0.2543029 0.0 0.0 -0.0 0.0 0.0 -0.45058894 0.0 0.0 -0.0 -0.0 -0.0 -0.0 -0.0 -0.0 -0.0 -0.0 0.0 -0.0 -0.0 0.0 -0.0 0.0 -0.0 -0.0 0.0 -0.0 0.39910004 -0.0 0.0 0.0 -0.0
0.0 -0.0 -0.0 0.0 -0.0 -0.0 -0.0 0.0 0.0 0.5776522 -0.0 0.0 0.0 -0.0 0.0 -0.0 -0.0 -0.0 0.0 0.0 0.0 -0.0 -0.0 -0.0 0.0 -0.0 -0.0 0.0 -0.0 -0.0 0.0 -0.0 -0.0 0.0 0.0 -0.0 0.0 -0.0 -0.0 0.0 -0.0 0.0 -0.0 -0.0 -0.0 0.0 0.0 -0.0 -0.0 -0.0 -0.0 0.0 -0.0 -0.0 -0.0 0.0 -0.0 -0.0 -0.0 -0.0 -0.0 -0.0 -0.0 0.0
-0.0 -0.0 0.0 -0.0 0.0 -0.0 0.0 -0.18154474 -0.0 -0.0 0.0 0.0 -0.0 -0.0 -0.0 -0.0 -0.40861154 -0.0 -0.0 -0.4164715 -0.0 0.0 -0.0 0.23401181 -0.0 0.30733925 -0.0 -0.0 -0.0 -0.0 -0.0 -0.0 -0.22140619 -0.0 -0.0 -0.0 -0.0 0.0 -0.4066059 0.0 0.0 -0.0 -0.0 0.0 0.36832243 0.0 -0.0 0.0 -0.0 0.23658372 -0.0 0.0 -0.0 -0.0 0.0 0.0 -0.0 0.0 -0.0 -0.0 -0.0 0.2264723 -0.0 0.0
-0.0 -0.0 -0.0 -0.0 -0.0 -0.0 0.0 0.48559812 0.0 0.0 -0.0 -0.22522189 0.0 0.0 0.2398154 0.0 0.41987434 -0.0 0.0 0.0 -0.0 -0.0 0.0 0.0 0.0 -0.0 -0.0 -0.0 0.0 -0.0 -0.0 0.0 0.0 -0.0 0.0 0.0 -0.0 -0.19902645 0.27299464 -0.0 -0.0 -0.0 0.0 -0.26421213 0.0 0.0 -0.0 -0.0 0.0 -0.1705976 -0.0 -0.0 -0.0 -0.13246535 -0.0 -0.0 -0.0 -0.0 0.0 -0.0 -0.0 -0.0 -0.0 -0.0
0.35422245 -0.0 0.0 -0.0 0.0 -0.3497479 0.0 0.0 -0.0 -0.0 -0.0 -0.0 -0.0 0.0 0.0 -0.0 0.0 -0.0 0.0 0.0 0.0 0.0 -0.0 -0.0 -0.0 0.27153867 -0.0 -0.4419316 0.0 0.0 -0.0 -0.0 -0.0 -0.49457335 -0.0 -0.0 -0.0 0.0 -0.33349228 -0.0 0.0 -0.0 -0.0 -0.0 0.0 0.0 0.0 -0.0 -0.0 0.0 -0.22076403 0.0 -0.0 -0.0 -0.0 -0.0 0.0 0.0 -0.0 0.0 -0.0 0.0 -0.0 0.0
-0.0 -0.0 -0.0 0.0 -0.0 -0.0 -0.0 0.4757997 0.0 -0.0 -0.0 -0.0 0.0 0.0 0.0 -0.0 0.0 0.0 0.0 0.37597194 -0.0 0.0 0.0 -0.2233967 -0.0 -0.0 0.0 -0.0 -0.0 -0.0 0.0 -0.0 -0.0 -0.0 0.0 -0.0 0.0 0.0 -0.0 0.0 0.0 -0.0 -0.0 -0.0 0.0 0.0 0.2777884 0.0 0.0 0.0 0.0 0.0 0.0 0.0 -0.0 -0.0 0.0 -0.0 -0.3587415 0.52968985 0.0 -0.52896386 0.0 0.0
0.0 -0.0 0.0 0.0 0.0 -0.0 0.0 0.0 0.0 0.0 -0.0 -0.07090285 -0.0 -0.0 0.0 0.0 0.0 -0.2681354 0.0 -0.0 0.0 0.3271211 -0.0 -0.0 -0.0 -0.0 -0.0 -0.0 -0.0 -0.0 -0.0 0.0 -0.0 0.0 0.0 0.0 -0.1642422 0.0 -0.27088103 -0.0 -0.0 -0.0 -0.0 -0.34974045 -0.0 0.0 -0.0 0.0 0.0 0.2521078 0.0 -0.0 -0.0 -0.0 -0.0 -0.0 -0.0 0.0 -0.14150856 -0.13399991 0.0 0.0 -0.0 -0.0
-0.0 -0.0 0.0 0.0 -0.0 0.0 0.0 0.0 -0.0 -0.0 -0.0 -0.0 -0.0 -0.0 0.0 -0.0 0.0 -0.0 0.0 -0.0 -0.0 0.0 -0.0 -0.0 -0.0 0.0 0.0 0.0 -0.0 -0.0 0.0 0.0 -0.0 0.0 0.0 0.0 0.0 0.0 -0.0 -0.0 -0.0 -0.0 -0.0 0.0 -0.0 -0.0 -0.0 -0.0 -0.0 0.0 -0.0 -0.0 0.0 0.0 -0.0 -0.0 0.0 -0.0 0.0 -0.0 0.0 -0.0 -0.0 -0.0
0.0 -0.0 0.24063657 0.0 0.0 0.0 -0.0 -0.0 0.0 0.0 -0.0 0.0 0.0 -0.0 0.0 0.25080958 -0.047143243 -0.0 -0.0 0.0 0.0 -0.0 -0.0 -0.0 0.0 -0.16635197 -0.0 0.0 -0.0 0.0 -0.0 -0.0 0.25595152 0.0 -0.0 0.0 0.0 -0.0 0.36244363 -0.0 -0.0 -0.0 0.0 0.0 0.0 -0.0 0.0 -0.0 0.0 -0.10272352 -0.0 0.0 -0.0 -0.0 -0.0 0.0 -0.0 0.0 0.20361166 -0.0 0.0 0.0 0.0 0.0
0.0 -0.1697832 0.0 0.0 -0.0 -0.0 0.0 0.248759 0.0 0.0 -0.0 -0.0 -0.0 -0.0 -0.0 -0.13880998 -0.1279057 -0.0 -0.0 0.0 0.0 -0.0 -0.0 -0.19593145 -0.0 -0.0 -0.2076958 -0.0 -0.0 0.0 -0.0 0.0 -0.048840582 -0.0 0.0 -0.0 -0.0 -0.23509887 -0.12788723 -0.0 -0.0 0.0 0.0 -0.32740128 -0.0 0.0 0.0 0.0 0.0 -0.0 -0.0 -0.0 0.0 -0.0 -0.0 0.0 0.0 -0.0 -0.0 -0.0 0.0 -0.1905542 -0.1592604 0.0
0.0 -0.0 0.0 -0.0 0.0 0.0 0.0 0.0 0.0 -0.0 0.0 0.0 -0.0 0.0 0.0 -0.0 -0.0 -0.0 -0.0 0.7361959 -0.0 0.0 0.0 0.46538717 -0.0 0.0 -0.0 0.0 0.0 -0.0 0.0 0.0 -0.48288378 0.0 0.0 0.0 -0.0 0.0 -0.48625115 0.0 0.0 -0.32184523 0.0 0.28772622 0.0 0.0 0.0 0.0 0.0 0.28974184 0.09946267 0.0 -0.0 0.0 -0.0 0.0 0.0 -0.3654641 -0.0 0.26617932 0.0 -0.0 -0.0 0.0
-0.0 -0.0 0.0 -0.0 0.0 0.0 -0.2029676 0.0 -0.0 -0.0 -0.0 -0.0 0.0 0.0 0.0 0.0 0.0 -0.0 -0.0 -0.0 -0.0 -0.0 0.0 0.0 0.0 -0.62270045 -0.0 0.0 0.0 0.0 0.0 0.0 0.0 -0.0 -0.0 0.0 -0.0 -0.0 0.0 -0.0 -0.0 -0.0 -0.0 -0.0 -0.0 0.0 0.0 -0.0 -0.0 -0.0 -0.0 -0.0 -0.0 -0.0 0.0 -0.0 -0.0 0.0 0.3492235 -0.0 0.0 0.0 0.0 0.0
0.0 0.0 0.0 -0.0 0.0 0.0 -0.0 0.0 0.34224853 0.0 0.0 -0.0 0.0 -0.0 -0.0 -0.0 0.0 -0.0 -0.0 -0.0 -0.0 0.0 -0.0 0.0 -0.0 0.0 -0.0 -0.0 0.0 -0.0 -0.0 -0.40713716 -0.0 -0.0 0.0 0.0 -0.0 0.0 -0.0 0.0 -0.6456459 0.0 -0.0 -0.0 -0.0 -0.0 -0.0 0.0 0.0 0.59144133 -0.0 0.0 0.0 0.0 0.0 -0.0 0.0 0.0 -0.0 0.0 -0.0 0.0 -0.0 -0.23590751
-0.0 0.0 -0.0 0.0 -0.0 -0.0 0.0 -0.0 -0.0 -0.0 -0.0 0.0 -0.0 0.0 0.0 0.0 0.0 -0.0 -0.0 0.0 0.0 -0.0 -0.0 -0.0 -0.0 -0.0 -0.0 -0.0 0.0 -0.5626611 0.0 -0.0 0.26228824 0.7257983 -0.0 -0.0 0.0 -0.0 0.2920398 0.0 0.0 -0.0 0.0 -0.0 -0.0 0.19890636 -0.0 -0.0 0.0 0.0 0.0 0.0 0.0 0.0 0.0 0.0 -0.0 0.0 0.0 -0.0 -0.0 -0.0 -0.0 -0.3306379
-0.0 0.0 -0.0 0.0 0.0 0.0 -0.0 -0.4784088 0.0 -0.0 0.0 0.0 0.0 0.0 -0.0 0.0 0.0 -0.0 -0.0 0.0 -0.0 -0.0 -0.0 0.0 0.0 0.0 0.0 0.0 0.0 0.0 -0.0 -0.34915605 -0.0 0.0 0.0 0.0 0.0 0.1858998 0.048613857 0.0 -0.0 -0.0 -0.0 -0.4846555 0.0 -0.0 -0.0 -0.0 0.0 0.0 -0.0 0.0 -0.0 -0.0 0.0 -0.0 -0.0 -0.0 -0.0 0.0 -0.0 -0.0 -0.0 0.0
-0.0 0.0 -0.0 -0.0 0.0 0.0 0.0 -0.0 0.0 0.0 -0.0 0.0 0.0 -0.0 0.0 0.0 0.0 0.0 0.0 0.0 0.0 0.0 0.0 0.0 -0.0 0.0 0.0 0.0 0.0 -0.0 -0.0 -0.0 -0.0 -0.0 -0.0 0.0 -0.0 0.0 -0.0 0.0 0.0 -0.0 0.0 -0.0 0.0 0.0 0.0 0.0 0.0 0.0 0.0 0.0 -0.0 -0.0 -0.0 -0.0 0.0 0.0 -0.0 0.0 0.0 -0.0 0.0 -0.0
-0.0 -0.0 0.0 0.0 -0.0 0.0 -0.0 0.13926499 -0.19107535 -0.0 0.0 -0.0 -0.0 -0.26754466 0.0 -0.0 0.0 0.0 -0.0 -0.0 -0.43375972 0.0 0.0 -0.0 -0.0 -0.0 0.0 -0.0 0.0 -0.0 0.0 -0.0 -0.0 0.0 0.0 0.27193138 -0.0 -0.0 -0.44298792 -0.0 -0.0 0.0 -0.3060488 -0.0 -0.0 -0.0 -0.0 0.14212559 0.0 0.0 0.0 -0.0 0.0 -0.0 -0.19391482 -0.0 0.0 -0.0 -0.15882868 -0.0 -0.0 -0.0 -0.0 0.0
-0.0 0.0 -0.0 0.0 -0.0 0.0 0.0 -0.0 -0.0 0.0 -0.0 0.0 -0.0 0.0 0.0 0.0 0.0 0.0 -0.0 0.0 0.0 0.0 -0.0 0.0 -0.0 0.0 -0.0 0.0 0.0 -0.0 0.0 -0.0 -0.0 0.0 -0.0 0.0 -0.0 0.0 -0.0 0.0 0.0 0.0 0.0 -0.0 0.0 0.0 0.0 -0.0 0.0 0.0 0.0 -0.0 0.0 -0.0 0.0 -0.0 0.0 0.0 -0.0 0.0 0.0 -0.0 -0.0 0.0
-0.0 0.0 -0.8383034 -0.0 0.0 0.24986607 0.0 -0.0 0.0 0.0 -0.0 -0.0 0.0 0.0 -0.0 -0.8552578 -0.0 0.0 -0.0 0.0 0.0 -0.0 0.0 0.0 0.0 -0.0 0.0 -0.0 0.0 0.0 0.0 -0.0 0.0 0.0 -0.0 0.0 0.0 -0.536069 0.38656658 0.0 -0.0 0.0 0.0 -0.0 0.0 0.0 -0.0 0.0 0.0 -0.0 0.0 -0.0 -0.0 -0.0 0.0 0.0 -0.0 0.0 0.27096698 -0.0 -0.0 -0.0 -0.0 0.0
0.0 0.0 0.0 -0.0 0.0 0.0 -0.0 -0.0 -0.0 0.0 0.0 -0.0 0.0 0.0 0.0 -0.0 -0.0 -0.0 0.0 -0.0 0.0 0.0 -0.0 0.0 0.0 0.0 0.0 -0.0 -0.0 -0.0 0.0 0.0 -0.1539781 -0.0 0.0 0.0 -0.0 0.0 -0.0 -0.0 0.0 0.0 0.0 0.0 0.0 0.0 0.0 0.0 -0.0 0.0 0.0 -0.0 -0.0 0.0 0.0 0.0 -0.0 0.0 -0.0 0.0 -0.0 0.0 -0.0 0.0
0.0 -0.0 0.0 0.0 0.7589303 0.0 -0.0 -0.0 0.0 -0.0 0.0 0.0 0.0 0.0 0.0 0.0 0.0 0.0 0.0 0.0 0.0 -0.17957732 0.0 0.2733945 0.0 -0.0 0.0 0.0 0.26209012 0.0 0.0 -0.0 -0.0 -0.0 -0.0 -0.0 0.0 -0.3010904 0.0 -0.0 -0.0 -0.0 0.0 0.28155857 0.4521959 0.0 0.0 0.0 0.0 -0.25607598 0.0 0.0 0.0 0.0 0.0 0.0 0.0 0.0 0.0 -0.3057821 0.0 0.27914646 0.14461842 -0.0
-0.0 0.0 -0.0 0.0 -0.0 -0.0 0.34994313 -0.0 -0.0 -0.0 -0.0 -0.0 -0.0 -0.0 0.0 0.0 -0.0 -0.0 -0.0 0.0 -0.0 0.0 -0.20407078 -0.0 -0.0 0.36204183 0.0 0.0 -0.0 -0.0 -0.317924 -0.0 0.0 0.45634243 -0.0 -0.0 -0.0 0.37956265 0.0 0.0 -0.0 -0.0 -0.276168 -0.0 -0.0 -0.0 -0.0 -0.24942371 0.0 0.0 -0.0 -0.0 -0.0 0.0 -0.0 -0.0 0.40274796 -0.0 0.0 -0.0 -0.3575446 -0.0 -0.0 -0.0
-0.0 -0.0 -0.0 0.0 -0.0 0.0 0.0 0.27252194 0.0 -0.0 -0.0 -0.0 0.27541837 0.0 0.0 0.0 0.20156096 -0.0 0.0 -0.0 0.0 0.0 -0.0 -0.0 -0.0 0.20877746 -0.0 0.0 0.0 -0.0 0.0 0.0 -0.19661133 0.0 0.0 0.0 -0.0 0.0 -0.33938298 -0.0 0.0 -0.2858836 0.0 0.29231384 -0.0 0.0 0.0 0.0 0.0 0.34184816 0.0 -0.0 -0.0 -0.0 -0.0 0.0 0.19563696 0.18849303 -0.0 0.0 0.0 0.0 0.0 0.0
0.0 -0.0 -0.0 -0.0 0.0 -0.0 -0.0 -0.0 0.0 -0.0 0.0 0.0 0.0 -0.0 -0.0 -0.0 -0.0 -0.0 0.0 -0.0 -0.0 0.0 -0.0 -0.0 0.0 0.0 -0.0 -0.0 0.0 0.0 -0.0 -0.0 -0.0 -0.0 0.0 0.13838887 -0.0 0.0 -0.0 -0.0 -0.0 -0.0 -0.0 0.0 -0.0 -0.0 0.0 0.66786575 0.0 0.6246586 -0.0 0.0 -0.0 -0.0 0.0 -0.0 -0.0 -0.0 -0.0 0.2693462 -0.0 0.0 -0.0 0.0
0.0 0.0 -0.0 0.0 -0.0 0.0 -0.0 -0.0 -0.0 -0.0 -0.0 -0.0 -0.0 0.0 0.0 -0.0 0.0 -0.0 0.0 -0.0 0.0 -0.0 -0.0 -0.0 0.0 -0.0 -0.0 -0.0 -0.0 0.0 -0.0 -0.26735944 -0.0 -0.0 -0.0 0.0 -0.0 0.0 -0.0 -0.0 0.0 0.0 0.0 -0.0 0.0 0.0 0.0 0.0 -0.0 -0.0 -0.0 -0.0 0.0 0.0 -0.0 0.0 -0.0 -0.0 -0.0 -0.0 0.0 -0.0 -0.0 0.0
0.0 -0.0 0.0 -0.0 -0.0 -0.0 -0.0 0.0 0.0 0.0 0.0 0.0 0.0 -0.0 0.34048364 -0.0 -0.0 0.0 0.0 0.19988906 -0.0 0.0 0.0 -0.5215186 -0.0 0.0 -0.28503975 0.0 0.0 0.0 0.0 0.29494295 0.0 0.0 0.0 0.0 0.0 0.0 -0.39148977 0.0 0.0 -0.0 0.17308575 -0.0 0.17673881 0.0 0.0 0.0 0.0 0.15120208 0.0 0.0 0.0 0.0 -0.0 0.0 0.0 0.0 -0.0 0.37959242 -0.0 -0.35305023 0.0 0.0
0.0 0.0 -0.0 -0.4222263 0.0 0.47835025 0.0 -0.0 -0.4511347 -0.0 -0.0 0.30135491 -0.0 0.0 -0.0 0.0 0.0 0.0 -0.0 -0.0 -0.0 -0.0 0.0 0.0 -0.0 0.0 0.0 0.0 -0.0 -0.0 -0.0 -0.0 0.0 -0.0 -0.0 -0.21605001 0.2024568 -0.0 0.383302 -0.0 0.0 -0.0 -0.0 0.0 0.0 -0.0 -0.0 -0.0 -0.16536582 -0.0 0.4531482 0.151133 0.0 0.30550534 0.29680455 0.0 0.45787194 -0.0 0.0 -0.0 -0.40997258 -0.0 0.38524812 -0.0
-0.0 0.0 -0.0 0.0 0.0 0.0 0.0 -0.0 0.0 -0.0 0.0 0.0 0.0 0.0 -0.0 0.0 0.0 0.0 0.0 0.0 -0.0 0.0 0.0 0.0 0.0 0.0 0.0 0.0 0.0 0.0 0.0 1.3704542 0.0 0.0 -0.0 0.0 0.0 0.0 0.0 0.0 -0.0 -0.0 0.0 -0.0 -0.0 -0.0 0.0 0.0 -0.030929193 -0.0 0.0 0.0 0.0 0.0 0.0 0.0 0.0 -0.0 0.0 0.0 0.0 0.0 0.0 -0.0
0.0 0.0 0.0 0.0 0.0 0.0 -0.0 -0.0 0.0 0.25564736 0.0 0.0 0.029474782 0.0 0.0 -0.0 -0.26713958 0.0 0.0 0.0 0.0 -0.0 -0.0 -0.0 0.0 -0.21107636 -0.0358882 0.0 -0.0 0.0 0.0 0.22696905 0.080424 0.0 0.0 0.0 -0.0 -0.29927146 0.21119018 -0.0 -0.0 -0.0 0.0 0.0 0.41164872 0.0 0.115529135 0.0 0.0 -0.19828413 0.0 0.0 -0.0 -0.0 0.0 0.0 -0.0 0.0 0.0 -0.19939578 0.0 0.0 0.0 0.0
-0.0 -0.0 -0.0 -0.0 -0.0 0.0 0.29979497 0.0 -0.0 -0.0 -0.0 0.0 0.0 0.0 0.0 0.0 -0.0 -0.0 0.0 0.0 0.0 -0.0 -0.18256308 -0.0 -0.0 0.0 -0.0 0.0 -0.0 0.0 -0.0 -0.0 0.0 0.0 -0.0 -0.0 -0.0 -0.69423264 0.0 -0.0 0.0 -0.0 0.28262419 -0.0 0.0 0.0 0.0 -0.20609665 -0.5235275 0.0 -0.0 0.0 -0.0 -0.0 0.0 -0.0 -0.0 0.0 0.0 -0.0 0.0 -0.0 -0.0 -0.0
0.0 -0.0 0.0 -0.0 0.0 0.0 -0.0 0.0 -0.0 0.0 -0.0 -0.0 0.0 -0.0 0.0 -0.0 -0.0 -0.0 -0.0 0.0 0.0 -0.0 -0.0 0.0 0.0 -0.0 0.0 -0.0 -0.0 0.0 0.0 0.0 0.0 0.0 -0.0 -0.0 -0.0 -0.0 0.0 -0.0 0.0 -0.0 0.0 -0.0 0.0 -0.0 0.0 -0.0 -0.0 -0.0 -0.0 -0.0 -0.0 -0.0 -0.0 -0.0 -0.0 0.0 0.0 -0.0 0.0 -0.0 0.0 -0.0
-0.0 -0.0 0.0 -0.0 -0.0 0.0 -0.0 0.0 0.0 0.0 0.0 0.0 0.0 0.0 0.0 -0.35868666 -0.0 0.0 0.0 0.0 0.0 -0.0 -0.0 -0.0 -0.0 -0.0 0.0 -0.0 -0.0 0.0 -0.0 -0.0 0.2409326 0.0 -0.0 0.0 -0.0 -0.0 0.0 -0.0 0.0 -0.0 0.0 0.0 0.0 -0.0 -0.0 0.0 -0.0 -0.0 0.0 -0.0 0.0 0.0 -0.0 0.0 0.0 0.0 -0.0 -0.0 -0.0 -0.0 -0.0 0.0
0.0 0.0 0.0 -0.0 0.0 0.0 0.0 -0.0 -0.0 -0.0 -0.0 -0.0 -0.0 0.0 -0.0 -0.0 0.0 0.0 -0.0 0.0 0.0 1.0419414 -0.0 -0.0 -0.0 -0.0 -0.0 0.0 0.0 -0.0 0.0 -0.0 -0.0 -0.0 -0.0 -0.0 0.0 0.0 -0.0 0.0 0.0 -0.0 0.0 -0.0 -0.0 0.0 0.0 -0.0 0.0 0.0 0.0 0.0 -0.0 -0.0 -0.0 -0.0 -0.0 0.0 -0.0 -0.0 0.0 0.0 -0.22505979 0.0
0.0 -0.0 -0.0 -0.0 -0.0 0.0 0.0 0.0 -0.0 -0.0 0.0 0.0 0.0 0.0 0.0 0.0 0.0 0.0 0.0 0.0 0.0 -0.0 -0.0 -0.0 -0.0 -0.53611815 -0.0 0.0 0.0 -0.0 -0.0 -0.0 0.0 0.0 0.0 0.0 0.0 -0.0 0.0 -0.0 -0.0 -0.0 0.0 0.0 -0.0 -0.0 0.0 0.0 0.0 -0.0 -0.0 -0.0 0.0 0.0 -0.0 -0.0 0.0 0.0 -0.0 -0.0 -0.0 -0.0 0.0 0.0
0.0 -0.0 0.0 -0.0 -0.0 0.0 0.0 -0.0 -0.0 0.0 -0.0 -0.0 0.0 -0.0 0.0 0.0 -0.0 -0.0 -0.0 0.0 -0.0 -0.0 -0.0 -0.0 -0.0 -0.0 -0.0 -0.0 0.0 0.0 -0.0 -0.0 0.0 0.0 0.0 -0.0 -0.0 -0.0 0.0 -0.0 0.0 0.0 0.0 -0.0 0.0 0.0 0.0 -0.0 0.0 -0.0 -0.0 -0.0 0.0 -0.0 -0.0 0.0 0.0 0.0 0.0 -0.0 -0.0 -0.0 -0.0 -0.0
0.0 -0.0 0.0 -0.0 -0.0 -0.0 0.0 0.0 0.0 -0.0 -0.0 -0.0 0.0 -0.0 -0.0 -0.0 -0.0 0.0 -0.0 -0.0 0.0 0.16224489 0.0 0.0 -0.0 0.0 0.0 -0.0 -0.0 0.0 0.0 0.0 0.0 0.0 -0.0 -0.0 -0.0 -0.0 -0.2411104 0.0 0.0 -0.0 0.0 0.0 -0.0 -0.0 -0.0 -0.0 -0.0 0.0 0.0 -0.0 0.0 0.0 0.0 -0.0 0.0 -0.0 0.0 0.0 -0.0 -0.0 -0.0 -0.0
-0.0 0.0 0.0 -0.0 -0.0 0.0 -0.0 0.0 0.0 -0.0 0.0 -0.0 -0.0 -0.0 -0.0 -0.0 -0.0 -0.0 -0.0 0.0 0.0 0.0 0.0 0.0 -0.0 0.0 0.0 0.0 -0.0 -0.0 -0.0 -0.0 0.0 0.0 0.0 0.0 -0.0 -0.0 -0.0 0.0 0.0 -0.0 0.0 -0.0 -0.0 -0.3512348 -0.0 0.0 0.46878028 0.22762631 -0.0 -0.0 -0.0 -0.0 -0.0 -0.0 -0.0 -0.0 -0.0 0.38365686 -0.0 -0.0 -0.0 -0.0
-0.0 -0.0 -0.0 -0.0 0.0 -0.0 0.0 0.0 -0.17009765 0.0 -0.0 0.0 0.0 0.0 0.0 -0.0 0.0 0.27228013 -0.0 0.0 0.0 -0.036294594 -0.24441364 0.0 -0.0 -0.16678949 -0.0 0.0 0.0 0.0 0.27731463 0.0 0.0 0.0 0.0 -0.0 -0.0 -0.23599748 0.41504103 -0.0 -0.0 -0.0 -0.0 -0.18181206 -0.0 0.0 0.0 -0.0 -0.0 -0.0 0.28500342 0.0 -0.0 -0.0 -0.0 0.0 -0.0 -0.0 0.0 -0.14710072 -0.0 0.0 -0.1618535 0.0
0.0 0.0 -0.0 -0.14755894 0.0 0.0 -0.0 0.0 0.16590157 0.0 0.40803048 -0.0 0.28037244 -0.18092343 -0.0 -0.0 0.0 0.17106 -0.0 -0.0 0.0 0.18377393 -0.24588065 -0.0 -0.0 0.1366475 -0.0 0.0 -0.0 -0.0 0.33078772 -0.0 -0.106796265 -0.0 0.2614543 -0.0 -0.0 0.0 -0.0 -0.0 -0.0 0.0 0.0 0.0 -0.0 -0.2275572 -0.0 0.0 -0.0 0.22696061 0.0 0.0 -0.0 -0.0 -0.0 0.0 -0.0 0.0 -0.13188502 0.23801127 -0.0 0.0 -0.0 -0.22594148
0.0 0.0 -0.15601918 -0.0 0.0 -0.0 0.0 -0.0 -0.0 -0.0 -0.0 0.0 -0.0 -0.0 0.0 -0.0 0.0 -0.0 0.54136664 -0.0 -0.0 -0.0 -0.0 -0.0 0.0 -0.0 -0.0 -0.5418658 0.0 -0.0 0.0 -0.0 0.16674337 -0.0 -0.0 -0.0 -0.0 -0.0 0.34879372 0.0 0.0 0.0 -0.18032457 -0.0 0.0 -0.0 0.0 0.0 0.0 -0.0 0.0 -0.0 -0.0 0.0 -0.0 -0.0 -0.0 0.22602917 0.0 -0.0 -0.0 -0.0 -0.0 0.0
-0.0 0.0 0.0 0.0 -0.0 -0.0 -0.0 0.0 0.0 -0.0 0.0 -0.0 -0.0 0.0 -0.0 0.0 -0.0 0.0 -0.0 -0.0 0.0 -0.15287401 -0.0 0.0 0.0 -0.33212322 -0.27199057 -0.0 -0.0 -0.0 0.0 0.0 0.0 -0.0 0.0 0.0 0.0 -0.0 0.43764466 -0.0 -0.0 -0.0 -0.0 0.0 -0.0 0.0 -0.0 0.0 0.0 -0.0 -0.0 -0.0 0.0 0.0 0.0 -0.0 0.0 -0.0 0.0 -0.38540578 0.0 0.0 -0.0 0.0
0.0 -0.0 0.0 0.0 -0.0 -0.0 -0.0 0.0 0.0 -0.0 -0.0 0.0 0.0 -0.0 -0.0 -0.0 0.0 -0.0 -0.0 0.0 -0.0 -0.0 0.0 -0.0 0.0 0.0 -0.0 -0.0 -0.0 0.0 0.0 -0.0 -0.0 -0.0 0.0 0.0 0.0 0.0 0.0 -0.0 0.0 -0.5509112 -0.0 -0.0 0.0 0.0 0.0 0.0 -0.0 -0.0 -0.0 -0.0 0.0 0.0 0.0 0.0 -0.0 -0.0 -0.0 0.0 0.0 0.0 0.0 0.0
0.0 -0.0 0.0 0.0 0.0 -0.0 0.0 0.0 0.0 -0.0 0.0 -0.0 -0.0 -0.0 0.0 0.0 -0.0 0.0 0.0 -0.0 -0.0 0.03645605 0.0 -0.0 -0.0 0.16387603 0.0 0.0 0.0 -0.0 0.0 0.0 0.0 0.0 -0.0 0.0 -0.0 0.06066395 -0.22527166 -0.0 0.0 0.0 0.0 0.0 -0.0 0.0 -0.0 0.0 0.0 0.17903973 0.0 -0.0 -0.0 0.0 0.0 0.0 0.0 0.0 -0.0 0.0 0.0 0.0 0.0 -0.0
-0.0 -0.0 0.0 0.0 -0.0 0.0 0.0 0.0 -0.0 0.0 0.0 0.0 0.0 -0.0 0.0 0.0 -0.0 -0.0 -0.0 0.0 -0.0 0.0 -0.0 0.0 0.0 0.0 0.0 -0.0 0.0 0.0 -0.0 0.0 -0.0 0.0 -0.0 0.0 0.0 0.0 -0.083641775 -0.0 -0.0 0.0 0.0 0.052392825 0.0 -0.0 0.0 0.0 -0.0 0.0 -0.10963632 -0.0 -0.0 -0.0 -0.0 -0.0 0.0 0.0 -0.113099396 0.0 -0.0 -0.0 0.0 -0.0
-0.0 -0.0 0.0 -0.0 -0.0 0.0 -0.0 0.0 -0.0 -0.0 0.0 -0.0 0.0 -0.0 -0.0 -0.0 0.0 0.0 -0.0 -0.0 0.0 0.0 0.0 0.0 0.0 -0.0 0.0 -0.0 0.0 -0.0 0.0 -0.0 0.0 -0.0 -0.0 -0.0 0.0 -0.0 -0.0 -0.0 0.0 0.0 -0.0 -0.0 -0.0 0.0 -0.0 0.0 -0.0 0.0 -0.0 0.0 0.0 0.0 -0.0 0.0 -0.0 -0.0 -0.0 -0.0 0.0 -0.0 0.0 -0.0
0.0 -0.2782408 0.2174078 0.0 0.0 0.27498722 -0.0 0.44383866 -0.0 -0.0 0.0 -0.0 0.0 0.0 0.0 -0.0 0.0 -0.0 -0.0 0.0 0.25256664 -0.0 0.0 -0.0 0.0 -0.31589708 0.16595499 -0.0 -0.0 -0.0 -0.0 0.0 0.0 -0.0 0.0 0.27684122 -0.0 -0.5014755 -0.0 0.0 0.0 -0.0 0.0 -0.0 -0.0 0.0 0.0 -0.0 -0.0 -0.0 0.0 -0.0 0.0 -0.0 -0.0 0.0 -0.0 -0.0 0.0 -0.0 -0.0 0.0 -0.0 -0.0
0.0 -0.0 -0.0 0.0 -0.0 -0.0 -0.0 -0.0 0.0 -0.0 0.0 0.0 0.0 -0.0 0.0 -0.0 0.3807073 0.0 0.0 0.23023705 -0.0 -0.0 0.0 -0.36012226 0.0 -0.47000045 0.0 0.0 0.0 0.0 0.0 0.0 0.0 0.23112668 0.0 -0.0 0.0 -0.0 0.40042862 -0.0 -0.0 -0.0 0.0 -0.0 -0.40287757 0.0 0.41410244 0.0 0.0 -0.2256886 0.0 0.0 -0.0 0.0 -0.0 -0.0 -0.0 -0.0 -0.0 0.0 0.0 -0.42054057 0.0 0.0
0.0 -0.0 0.0 0.0 0.0 0.0 -0.0 -0.0 0.0 -0.0 -0.0 0.0 0.0 -0.0 0.0 0.0 -0.0 0.0 0.0 -0.0 0.0 -0.09235943 -0.0 0.0 0.0 -0.0 0.0 -0.0 0.0 0.0 -0.0 0.0 0.0 0.0 0.0 -0.0 0.0 -0.0 0.2908636 -0.0 -0.0 -0.0 -0.0 -0.0 0.0 -0.0 -0.0 0.0 0.0 -0.0 0.0 -0.0 0.0 0.0 0.0 -0.0 0.0 0.0 0.114651754 -0.0 0.0 0.0 0.0 -0.0
-0.0 -0.0 0.0 0.0 -0.0 -0.0 0.0 0.0 -0.0 -0.0 0.0 0.0 -0.0 -0.0 -0.0 -0.0 -0.13863279 -0.0 -0.0 0.0 0.0 0.0 -0.0 0.0 -0.0 0.0 -0.0 0.0 -0.0 -0.0 -0.0 0.0 -0.0 0.0 0.0 0.0 0.0 0.22715653 -0.32334453 0.0 0.0 -0.0 -0.0 -0.0 -0.0 0.0 -0.0 -0.0 0.0 0.0 -0.0 0.0 0.0 0.0 0.0 -0.0 0.0 -0.14560974 -0.1573519 0.07587148 0.0 -0.0 -0.0 0.0
0.0 -0.4691913 -0.0 -0.0 0.0 -0.16360728 -0.0 0.0 0.0 -0.0 0.26756346 0.0 0.4226402 0.0 0.0 -0.0 0.0 -0.0 -0.0 -0.0 -0.39542687 -0.0 -0.0 -0.0 0.0 -0.25305355 0.0 0.0 0.0 0.0 0.0 -0.0 0.0 -0.39989057 0.0 0.0 -0.0 -0.0 0.0 -0.0 -0.0 -0.0 -0.0 0.0 -0.0 -0.38648835 0.0 0.0 0.0 -0.0 -0.0 0.0 0.0 0.0 0.0 -0.0 -0.0 0.0 0.0 0.0 -0.0 0.0 0.0 0.0
-0.0 0.0 -0.0 -0.28149495 -0.0 0.0 0.0 0.0 0.27749988 -0.0 -0.0 -0.19542249 -0.0 -0.0 -0.0 -0.0 -0.0 -0.0 -0.0 0.0 -0.0 0.38859132 0.0 -0.0 -0.0 0.20124972 0.0 -0.0 0.0 -0.0 -0.0 -0.3005421 -0.0 -0.0 -0.0 -0.0 -0.2842578 0.0 -0.31280804 -0.0 0.17889765 -0.0 0.0 0.0 0.0 -0.44075197 -0.0 0.16104153 0.0 0.0 0.0 0.09318358 -0.0 0.0 0.0 -0.0 -0.0 0.0 -0.0 0.36872014 -0.22282732 -0.0 -0.0 -0.0
-0.0 0.0 0.0 0.0 0.0 0.0 -0.0 0.0 -0.0 0.0 -0.17170392 0.0 0.0 -0.0 0.0 -0.2176532 -0.18601327 -0.0 0.0 -0.0 -0.0 -0.0 0.0 -0.0 -0.0 -0.20456958 0.0 0.0 0.0 -0.0 0.0 -0.201146 0.2293941 -0.0 -0.0 0.0 0.13596454 -0.4198963 0.0 -0.0 -0.0 0.0 -0.0 0.0 0.0 -0.14675 -0.1931114 -0.0 -0.25641036 -0.037404906 0.0 0.0 0.0 0.0 0.0 0.0 0.0 0.0 0.0 -0.0 -0.28587136 -0.0 0.0 -0.0
0.0 0.0 -0.20273353 -0.0 -0.0 0.0 -0.0 -0.0 0.0 -0.0 0.0 -0.0 -0.0 0.0 -0.32283804 -0.3005595 0.0 -0.0 0.0 0.0 0.0 0.0 -0.0 -0.0 -0.0 0.242214 0.0 0.0 -0.0 0.0 0.0 0.0 -0.0 0.0 0.0 0.0 0.0 0.0 -0.0 0.0 0.0 -0.0 0.0 -0.0 -0.0 0.0 -0.0 0.0 0.0 0.23450659 0.0 -0.0 -0.0 -0.0 -0.0 0.0 0.0 0.0 -0.0 0.33357283 -0.0 -0.29788408 -0.0 0.0
0.0 -0.0 0.2968222 0.0 -0.0 -0.0 -0.0 0.3145814 0.0 -0.0 0.0 -0.0 -0.0 -0.0 0.0 -0.0 -0.0 -0.0 0.0 -0.0 0.26856494 -0.0 -0.0 -0.0 -0.0 -0.5482271 0.0 0.0 -0.16959107 -0.0 -0.0 0.32015485 -0.0 0.0 0.0 0.0 -0.0 -0.0 0.0 -0.0 -0.0 -0.0 0.0 -0.0 -0.0 0.0 -0.0 0.0 0.0 -0.0 -0.0 -0.36342707 -0.0 -0.0 0.0 -0.0 -0.0 -0.0 -0.0 -0.0 0.0 -0.0 -0.3794574 0.0
0.0 0.0 -0.0 -0.0 0.0 -0.0 -0.0 0.0 0.0 0.0 0.0 0.0 0.0 0.0 0.0 0.0 0.0 0.0 0.0 0.0 -0.0 -0.0 0.0 0.0 0.0 -0.0 0.0 0.0 0.0 0.0 0.0 0.0 0.0 -0.0 -0.0 -0.0 0.0 -0.0 0.0 -0.0 -0.0 -0.0 0.0 0.0 -0.0 -0.0 0.0 0.0 0.0 0.0 0.0 0.0 0.0 0.0 0.0 0.0 -0.0 0.0 0.0 -0.0 -0.0 0.0 0.0 -0.0
0.0 0.0 0.0 0.0 0.0 0.0 -0.0 -0.0 -0.0 0.0 -0.0 0.0 0.0 -0.0 -0.0 0.0 0.0 -0.0 0.0 -0.0 0.0 0.0 0.0 0.0 -0.0 0.41750547 0.0 -0.0 0.0 -0.0 -0.0 -0.0 -0.0 0.0 0.0 -0.0 -0.0 0.0 -0.24976988 0.0 0.50805026 0.0 0.0 -0.17737314 -0.0 -0.0 -0.0 0.0 0.0 -0.0 -0.0 -0.0 0.0 -0.0 -0.0 -0.0 0.0 0.0 0.0 0.32079497 0.0 0.0 0.0 0.0
0.0 -0.0 0.0 0.0 0.0 0.0 -0.14864345 -0.0 0.0 -0.0 0.0 0.0 0.0 -0.0 0.0 0.2794188 -0.0 0.0 0.0 -0.27377352 0.0 -0.0 -0.0 -0.28284812 -0.0 -0.27298573 -0.0 -0.0 0.0 0.0 -0.0 -0.0 0.13010573 -0.0 0.0 0.0 0.0 -0.19949102 0.12879944 -0.0 -0.0 -0.0 0.0 -0.0 0.0 -0.0 0.0 0.0 -0.0 -0.16952886 -0.0 0.0 -0.0 -0.0 0.0 0.0 0.0 0.0 0.0 -0.18277697 -0.0 0.0 -0.0 0.0
-0.40523902 -0.0 0.0 -0.0 0.0 -0.0 -0.0 -0.0 0.0 0.0 -0.0 -0.0 0.27594745 -0.0 -0.0 0.0 0.25765398 -0.0 -0.0 0.0 -0.0 0.21244895 -0.0 0.0 0.94626385 0.0 -0.0 -0.0 -0.23219658 0.24389558 0.0 0.0 -0.0 -0.13798389 0.0 -0.0 -0.0 0.0 -0.0 -0.0 -0.0 -0.0 0.0 0.0 -0.0 -0.0 0.0 -0.0 -0.23056293 0.48304924 -0.0 -0.0 -0.0 -0.0 -0.0 -0.0 -0.0 0.0 -0.0 0.4884507 -0.0 0.0 0.0 -0.0
0.0 0.0 -0.35582963 0.0 -0.0 0.0 0.0 0.0 0.0 0.0 0.0 0.0 -0.0 0.0 -0.0 -0.7539081 0.27275664 0.0 0.0 0.0 0.0 -0.0 -0.0 -0.13964166 0.0 -0.0 0.0 0.0 -0.0 0.0 -0.0 -0.0 0.0 0.0 0.0 0.0 0.0 -0.2000721 0.38283315 0.0 -0.1255738 -0.0 0.0 -0.0 -0.0 -0.0 0.0 0.0 0.0 -0.16158217 0.0 -0.0 0.0 0.0 0.0 0.0 0.0 -0.20137365 0.32857433 0.0 0.0 -0.37799194 -0.0 -0.0
-0.0 0.0 -0.0 0.0 0.0 -0.0 0.0 -0.0 -0.0 0.0 -0.0 -0.0 0.0 0.0 0.0 0.0 0.0 -0.0 0.0 0.0 -0.0 -0.0 0.0 0.0 -0.0 0.0 0.0 0.0 0.0 -0.0 -0.0 0.0 0.0 0.0 -0.0 0.0 0.0 0.0 0.0 0.0 0.0 -0.0 0.0 0.0 0.0 0.0 0.0 -0.0 0.0 -0.0 -0.0 -0.0 0.0 0.0 0.0 -0.0 0.0 0.0 0.0 0.0 0.0 -0.0 0.0 0.0
0.0 0.0 0.0 -0.0 0.0 0.0 -0.0 0.0 0.0 0.0 0.0 -0.0 0.0 -0.0 0.0 0.0 0.0 0.0 0.0 0.0 -0.0 -0.0 0.0 0.0 0.0 -0.0 0.0 0.0 0.0 0.0 -0.0 0.0 0.0 -0.0 -0.0 -0.0 -0.0 -0.0 0.0 -0.0 -0.0 -0.0 0.0 -0.0 0.0 -0.0 0.0 0.0 0.0 -0.0 0.0 -0.0 0.0 -0.0 -0.0 -0.0 0.0 0.0 0.0 -0.0 0.0 0.0 0.0 -0.0
0.0 -0.0 0.0 0.0 0.0 0.0 0.0 0.0 0.0 -0.0 -0.0 0.0 -0.0 -0.0 0.0 0.0 0.0 0.0 -0.0 -0.0 0.0 0.0 0.0 0.0 -0.0 0.25065807 0.0 -0.0 0.0 -0.0 0.0 0.0 -0.0 0.0 0.0 -0.0 0.0 0.0 -0.3105993 -0.0 0.0 0.0 -0.0 0.0 -0.0 0.0 -0.0 -0.0 0.0 0.21460469 0.0 -0.0 0.0 0.0 -0.0 0.0 0.0 0.0 -0.0 0.0 0.0 0.0 0.0 -0.0
0.0 -0.0 -0.0 -0.0 0.0 0.0 -0.0 0.0 0.0 0.0 -0.0 -0.0 0.0 0.0 0.0 0.0 -0.0 0.0 0.0 -0.0 -0.0 -0.249402 -0.0 0.0 0.0 -0.20465815 -0.1769551 0.0 -0.0 0.0 0.0 -0.0 0.0 -0.0 -0.0 0.0 -0.0 -0.18145904 0.41329637 -0.0 -0.0 0.0 -0.0 0.0 0.38107374 -0.0 0.0 0.0 0.0 -0.054125704 -0.0 0.0 -0.0 -0.0 0.0 0.0 -0.0 0.0 0.0 -0.29585493 0.0 0.212111 -0.0 -0.0
-0.0 0.0 -0.0 -0.39147738 -0.0 0.0 -0.0 -0.0 -0.0 -0.0 -0.0 0.0 0.0 -0.0 -0.0 -0.0 -0.0960987 0.0 0.0 -0.0 0.4125337 0.0 0.0 -0.0 -0.0 0.0 0.0 -0.0 0.0 -0.0 0.0 -0.37526807 -0.0 -0.0 -0.0 -0.4108633 0.0 0.0 -0.3080188 0.14027281 0.0 0.0 0.25066268 -0.0 0.0 0.0 0.0 -0.32607412 -0.0 0.0 0.0 0.0 0.0 0.0 -0.0 -0.0 -0.0 -0.0 -0.21705744 0.0 -0.07950365 0.0 0.0 -0.34356657
-0.0 0.0 0.0 -0.0 -0.0 0.0 -0.0 0.0 -0.0 0.0 0.0 -0.0 -0.0 -0.0 0.0 0.0 0.0 -0.0 -0.0 0.0 0.0 -0.2837639 0.0 -0.0 0.28578788 0.0 0.0 0.0 0.0 -0.0 -0.0 -0.0 0.0 0.43432498 0.19570068 -0.0 -0.0 -0.0 0.2822979 0.5820251 -0.0 0.0 -0.0 0.0 -0.0 -0.0 -0.0 -0.0 0.0 0.0 0.0 -0.0 -0.0 -0.0 -0.0 0.0 -0.0 0.0 0.0 -0.0 -0.0 0.0 -0.0 -0.0
-0.0 -0.5136787 0.0 -0.0 0.0 -0.0 -0.0 0.0 0.0 0.0 -0.0 0.0 0.0 0.0 0.0 -0.0 -0.0 -0.0 0.0 -0.0 -0.0 -0.0 -0.0 -0.0 0.0 -0.0 -0.0 0.0 -0.0 -0.0 0.0 0.0 0.0 -0.0 0.0 0.0 -0.0 -0.0 0.0 -0.0 -0.0 -0.0 0.0 -0.0 0.0 -0.0 0.0 -0.0 0.0 -0.0 0.0 -0.0 -0.0 -0.0 0.0 0.0 0.0 0.0 0.0 -0.0 -0.0 -0.0 0.0 -0.0
0.0 -0.0 0.2748475 -0.0 -0.0 -0.0 -0.0 0.0 0.0 -0.0 -0.0 0.0 0.0 0.0 0.26470387 0.14555857 0.0 0.0 0.0 0.0 0.0 -0.14166023 0.0 -0.0 -0.0 -0.33705917 0.18640935 0.0 0.0 0.0 0.0 0.0 0.24259847 -0.0 0.0 0.0 0.0 0.0 0.35061762 -0.0 0.0 -0.0 0.0 0.0 -0.0 0.0 0.0 -0.0 0.0 -0.0 0.0 0.0 0.0 0.0 0.0 -0.0 0.0 0.0 0.0 -0.0 0.0 0.0 0.0 0.0
-0.0 0.0 0.0 0.0 -0.0 0.0 -0.0 -0.0 -0.0 0.0 -0.0 0.0 -0.0 -0.0 -0.0 -0.0 -0.0 -0.0 -0.0 -0.0 -0.0 0.0 -0.0 -0.0 -0.0 0.0 0.0 -0.0 -0.0 -0.0 0.0 0.0 -0.0 -0.0 -0.0 0.0 0.0 0.0 -0.0 -0.0 -0.0 -0.0 -0.0 -0.0 -0.0 -0.0 -0.0 -0.0 -0.0 0.0 -0.0 0.0 -0.0 -0.0 0.0 0.0 -0.0 -0.0 -0.0 0.0 -0.0 -0.0 0.0 -0.0
-0.0 -0.0 0.0 0.0 0.0 0.0 0.0 0.0 -0.20819408 -0.0 0.0 -0.0 0.0 0.0 -0.0 -0.0 -0.0 -0.0 -0.0 0.0 0.0 0.2297563 0.0 0.0 -0.0 0.3661304 0.0 -0.0 0.0 -0.0 0.0 0.0 -0.0 0.0 -0.0 -0.0 0.0 0.0 -0.28717303 0.0 -0.0 -0.0 0.0 0.0 0.0 0.0 0.0 -0.0 -0.0 0.30028975 -0.0 0.0 0.0 0.0 -0.0 0.0 0.0 0.0 -0.0 0.0 0.0 0.0 0.0 -0.1804505
-0.0 -0.0 -0.0 0.0 0.0 -0.0 0.0 -0.0 0.0 0.0 -0.0 -0.10804887 -0.0 -0.0 -0.0 0.0 0.0 -0.28591663 0.0 0.0 -0.0 0.68448335 0.0 0.0 0.0 -0.28346273 -0.0 0.0 0.0 0.0 -0.0 0.0 0.32069105 0.0 0.0 -0.0 0.32191974 -0.24949557 0.51193637 -0.0 -0.55073684 -0.0 -0.0 -0.6693876 -0.0 0.0 -0.0 -0.0 0.0 0.0 0.0 0.16387138 -0.0 -0.0 0.0 -0.0 0.0 0.0 -0.0 -0.65286946 0.0 -0.0 -0.0 -0.0
-0.0 -0.0 -0.0 -0.0 0.0 0.0 -0.0 0.0 -0.0 -0.0 -0.0 -0.0 -0.0 0.0 0.0 -0.0 0.0 -0.0 0.0 0.0 0.0 0.0 -0.0 -0.0 -0.0 0.3672251 -0.0 0.0 0.0 -0.0 -0.0 -0.58885646 -0.0 0.0 -0.0 0.0 -0.0 0.0 -0.42719012 0.0 -0.0 -0.0 0.0 -0.0 0.0 -0.0 -0.0 -0.0 -0.0 0.38663185 0.0 -0.0 0.0 -0.0 -0.0 -0.0 -0.0 0.0 -0.0 0.0 0.0 -0.0 -0.0 -0.0
0.0 -0.0 0.0 0.0 0.0 0.0 0.0 0.25646552 0.0 -0.0 0.0 -0.0 -0.0 0.0 0.27594045 -0.0 0.0 0.0 0.0 0.0 0.0 -0.0 -0.0 0.0 0.0 -0.27469894 0.0 -0.0 0.0 0.0 -0.0 0.0 0.43874037 0.0 0.0 0.0 -0.0 -0.19819605 0.0 -0.31055737 -0.0 -0.0 0.0 -0.0 -0.0 -0.0 0.0 0.0 -0.0 -0.0 -0.0 -0.0 0.0 0.0 0.0 -0.0 -0.0 0.0 0.0 -0.0 -0.0 0.0 -0.0 -0.0
-0.0 0.0 -0.0 0.0 0.57356375 -0.0 -0.0 -0.0 0.0 0.0 -0.0 0.0 0.0 0.0 -0.0 0.0 0.0 -0.0 -0.0 0.0 -0.0 0.0 0.0 0.0 0.0 0.0 0.0 -0.0 -0.0 -0.0 0.0 -0.0 0.0 -0.0 -0.0 0.0 0.0 0.0 0.0 0.0 -0.0 -0.0 0.0 1.0552107 -0.0 -0.0 0.0 0.0 0.0 0.0 0.0 0.0 -0.0 -0.0 0.0 0.0 -0.0 0.0 0.0 0.0 0.0 0.0 0.39316347 -0.0
-0.0 0.0 -0.0 0.0 0.0 -0.0 -0.0 -0.0 0.0 0.0 0.0 -0.0 0.0 0.0 0.0 0.0 0.0 -0.0 0.0 0.0 -0.0 0.0 0.0 0.0 0.0 -0.0 -0.0 0.0 0.0 0.0 0.0 -0.0 0.0 -0.0 -0.0 0.0 0.0 0.0 0.0 -0.0 0.0 -0.0 0.0 0.0 0.0 -0.0 0.0 0.0 0.0 -0.0 -0.0 -0.0 -0.0 0.0 0.0 -0.0 0.0 0.0 0.0 0.0 -0.0 0.0 0.0 0.0
0.0 -0.0 0.22777216 -0.0 -0.0 0.0 -0.0 -0.0 -0.0 0.0 -0.0 -0.0 -0.0 -0.0 -0.0 -0.0 -0.3638916 -0.0 0.0 0.38444376 0.0 0.0 -0.0 0.0 0.0 -0.0 -0.0 -0.0 -0.0 0.0 -0.0 -0.0 -0.0 -0.0 -0.0 0.0 0.0 0.3380151 -0.35145998 -0.0 0.0 -0.0 0.0 -0.0 0.0 -0.0 0.0 -0.0 -0.0 0.0 -0.0 0.0 -0.0 0.0 -0.0 -0.0 0.0 -0.0 -0.19807754 0.217041 -0.0 -0.0 -0.0 0.0
0.0 -0.0 0.0 -0.0 -0.0 -0.0 -0.0 0.0 0.36638823 -0.0 0.0 0.0 0.0 -0.0 -0.0 -0.0 -0.0 0.0 -0.0 -0.0 -0.0 0.0 -0.2556737 0.0 0.0 0.0 -0.0 0.0 0.0 -0.0 0.0 -0.15317798 -0.0 0.0 0.0 -0.0 -0.17727783 0.0 -0.3354366 0.0 0.28637657 0.0 -0.0 -0.07566244 -0.0 -0.29962966 -0.0 0.0 0.0 -0.12423317 -0.0 -0.0 0.0 -0.2248036 0.0 -0.0 0.0 0.0 0.0 0.4924472 -0.0 0.0 -0.0 0.0
0.0 -0.0 -0.0 -0.0 -0.0 -0.0 -0.0 -0.0 -0.0 0.0 -0.0 -0.0 -0.0 -0.0 -0.0 -0.0 -0.0 -0.0 0.0 -0.0 -0.0 -0.0 -0.0 -0.0 -0.0 -0.0 -0.0 0.0 -0.0 0.0 -0.0 -0.37743324 -0.0 -0.0 -0.0 0.0 -0.0 0.0 -0.0 -0.0 -0.0 -0.0 -0.0 -0.0 -0.0 -0.0 -0.0 -0.0 -0.0 -0.0 -0.0 0.0 -0.0 0.0 0.0 -0.0 -0.0 -0.0 -0.0 -0.0 -0.0 0.0 -0.0 0.0
-0.0 -0.20559134 0.0 -0.0 0.0 -0.1432222 -0.0 0.0 -0.0 -0.0 -0.0 -0.18686475 0.0 0.0 0.0 0.0 0.0 0.0 0.0 -0.0 0.0 0.0 -0.70483005 0.0 0.0 0.22702523 0.0 0.0 -0.0 -0.11015222 0.5154476 0.0 -0.26001844 0.0 -0.0 -0.15247397 -0.0 0.0 -0.28029326 -0.0 -0.0 -0.0 -0.0 -0.21593168 0.0 0.0 0.0 -0.0 -0.0 0.0 0.0 -0.15472852 -0.13826758 -0.05186595 0.24340631 0.0 -0.0 -0.0 -0.0 0.13668042 -0.0 0.0 -0.0 -0.0
0.0 -0.0 -0.0 -0.0 0.0 0.0 -0.0 -0.0 0.0 -0.0 0.0 -0.0 0.0 0.0 0.0 0.0 -0.0 0.0 -0.0 -0.0 0.0 -0.0 -0.0 0.0 0.0 -0.21558493 -0.0 -0.0 0.0 0.0 -0.0 -0.0 0.21538375 -0.0 0.0 0.0 -0.0 -0.27759296 0.25857946 -0.10506796 0.0 -0.0 0.0 0.0 0.0 -0.27759677 0.0 0.0 0.0 -0.0 0.0 0.0 0.0 -0.0 0.0 -0.0 -0.0 0.0 0.22831888 -0.0 0.0 0.0 0.0 0.0
-0.17844644 -0.0 -0.0 -0.0 0.0 0.0 -0.53929293 0.0 0.0 0.0 -0.0 0.0 0.28455895 -0.0 -0.0 0.0 0.29390204 -0.0 -0.26416373 -0.0 0.0 0.1559077 0.0 0.0 0.0 0.46353152 0.0 0.11084021 -0.48106432 -0.0 0.0 -0.0 -0.546218 0.0 0.0 -0.0 0.0 -0.0 -0.0 -0.0 -0.0 -0.0 -0.0 -0.3268791 -0.0 -0.0 0.0 -0.0 -0.0 0.0 0.40740383 0.0 -0.0 -0.19500262 -0.0 0.0 -0.5213538 -0.0 -0.0 0.0 0.0 0.0 0.2777841 -0.0
-0.0 0.0 0.0 0.0 0.0 0.0 -0.0 0.0 0.0 -0.0 0.0 -0.0 0.0 -0.0 0.0 0.0 0.0 0.0 0.0 0.0 -0.0 -0.0 0.0 0.0 0.0 -0.0 -0.0 0.0 0.0 -0.0 0.0 0.0 -0.0 0.0 0.0 -0.0 -0.0 -0.0 -0.0 -0.0 0.0 -0.0 -0.0 0.0 0.0 -0.0 0.0 0.0 0.0 -0.0 0.0 -0.0 0.0 0.0 -0.0 -0.0 0.0 0.0 0.0 -0.0 -0.0 0.0 -0.0 -0.0
0.0 0.0 -0.0 -0.0 -0.0 -0.0 -0.0 0.0 0.0 -0.0 0.0 -0.0 -0.0 -0.0 -0.0 -0.0 0.0 -0.0 0.0 -0.0 0.0 -0.0 -0.0 -0.0 -0.0 -0.56930846 -0.0 0.0 0.0 -0.0 -0.0 -0.0 0.0 -0.0 0.0 -0.0 -0.0 -0.0 0.0 -0.0 -0.0 -0.0 0.0 -0.0 -0.0 -0.0 -0.0 0.0 -0.0 -0.0 0.0 0.0 -0.0 -0.0 -0.0 -0.0 0.0 -0.0 0.0 -0.0 -0.0 0.0 -0.0 0.0
0.0 0.0 0.0 0.0 -0.0 -0.0 0.0 -0.0 -0.0 0.0 -0.0 0.0 -0.0 -0.0 0.0 -0.0 -0.0 -0.0 -0.0 -0.0 0.0 -0.0 0.0 -0.0 -0.0 -0.0 -0.0 -0.0 0.0 -0.0 -0.0 0.27838224 0.0 0.0 0.0 0.0 -0.0 0.0 0.0 0.0 0.0 -0.0 0.0 -0.0 0.0 -0.0 0.0 -0.0 -0.0 -0.0 -0.0 0.0 -0.0 0.0 0.0 0.0 0.0 -0.0 0.0 -0.37859112 -0.0 -0.0 -0.0 0.0
-0.0 0.0 0.30422717 -0.0 -0.0 0.0 0.0 -0.19591972 -0.0 0.0 -0.0 -0.0 0.0 -0.0 -0.0 -0.40272075 0.0 0.0 -0.0 -0.0 -0.0 0.0 -0.0 -0.21873103 -0.0 0.27726305 0.0 -0.0 0.0 -0.0 -0.0 0.0 -0.0 0.0 -0.0 -0.0 0.0 0.38057354 -0.5713919 -0.0 -0.0 -0.116920196 -0.0 -0.0 -0.38372514 -0.0 -0.0 -0.0 -0.0 0.0 -0.0 0.0 -0.0 -0.0 0.0 0.0 0.0 0.41951054 -0.15688325 0.0 -0.0 -0.0 0.0 0.0
0.0 -0.0 0.0 0.0 0.0 0.0 -0.0 0.0 -0.0 -0.0 0.0 -0.0 -0.0 0.0 -0.0 -0.0 -0.0 -0.0 0.0 0.31950358 -0.0 -0.13678622 -0.0 0.39698565 0.0 -0.18167779 -0.0 0.0 -0.0 0.0 -0.0 0.12788661 0.23587596 -0.0 0.0 0.0 0.0 -0.26491702 0.42763132 -0.0 0.0 -0.0 0.0 0.0 -0.15869021 -0.0 0.0 -0.0 0.0 -0.0 0.0 0.0 -0.0 -0.0 -0.0 -0.18374744 0.0 -0.38800073 0.0 -0.0 0.0 -0.0 -0.0 0.0
-0.0 -0.0 0.0 0.0 0.0 -0.0 0.0 -0.0 -0.0 0.0 0.0 0.0 0.0 -0.0 0.0 0.0 -0.0 -0.0 0.0 0.0 -0.0 0.0 -0.0 0.0 -0.0 0.0 0.0 -0.0 -0.0 -0.0 -0.0 0.14979799 -0.0 0.0 0.0 -0.0 0.0 0.0 -0.0 0.0 -0.0 -0.0 0.0 0.0 0.0 0.0 -0.0 -0.0 -0.0 0.14281891 0.0 -0.0 -0.0 0.0 -0.0 -0.0 0.0 0.0 -0.0 0.0 0.0 0.0 -0.0 0.0
-0.0 -0.0 0.0 0.0 0.0 -0.19556953 0.23164006 0.0 0.0 0.0 -0.0 -0.0 -0.0 -0.0 -0.0 -0.0 0.0 0.0 -0.0 0.0 0.0 -0.0 -0.0 0.0 0.0 -0.0 0.0 -0.0 -0.0 -0.0 -0.0 0.0 0.0 0.0 0.0 0.0 -0.0 -0.0 0.3235311 0.0 -0.0 0.0 0.0 -0.0 0.0 0.0 -0.0 0.0 0.0 -0.0 -0.38205627 -0.0 0.0 -0.0 -0.0 -0.0 -0.0 0.0 0.0 -0.0 0.0 -0.0 -0.0 0.0
0.0 -0.0 0.0 -0.0 0.0 0.0 -0.0 -0.0 0.0 -0.0 0.0 0.0 -0.0 -0.0 -0.0 0.2553346 -0.13053004 0.0 -0.0 0.22889611 0.0 -0.0 -0.0 0.25739264 0.0 -0.3077699 -0.0 0.0 0.0 0.0 -0.0 -0.0 0.0 -0.0 0.0 0.0 -0.0 -0.30674535 0.3537304 -0.0 -0.0 -0.0 -0.0 -0.0 0.0 0.0 0.0 0.0 -0.0 -0.22014683 0.0 0.0 -0.0 0.0 -0.0 -0.0 -0.0 -0.18706706 0.0 -0.0 -0.0 0.0 -0.0 -0.0
-0.0 0.0 -0.0 0.0 0.0 -0.0 0.0 0.0 -0.0 -0.0 -0.06901971 0.0 -0.0 0.0 -0.0 0.0 0.0 0.0 -0.0 -0.0 0.0 -0.0 -0.0 0.0 0.0 -0.0 -0.0 -0.0 0.0 -0.0 -0.0 0.0 0.0 0.0 -0.08849906 -0.0 -0.0 -0.0 0.3148372 -0.0 0.0 -0.0 0.0 0.35732874 -0.2182827 0.0 -0.0 -0.20513147 -0.0 -0.0 0.0 -0.0 -0.0 0.0 -0.0 0.0 0.0 -0.0 0.0 -0.22099867 -0.0 -0.0 -0.0 -0.0
-0.0 -0.0 0.0 0.0 -0.0 -0.0 -0.2763649 0.0 0.0 0.0 -0.0 -0.0 -0.0 -0.0 -0.0 -0.0 -0.0 -0.0 -0.0 -0.0 0.0 -0.0 -0.0 -0.0 0.0 -0.0 -0.0 0.0 -0.0 -0.0 0.0 -0.0 -0.0 0.0 0.0 0.0 -0.0 -0.0 -0.0 -0.0 -0.0 0.0 -0.0 -0.0 -0.0 -0.0 -0.0 -0.0 0.0 -0.0 -0.0 0.0 -0.0 -0.0 -0.0 0.0 -0.0 -0.0 0.0 -0.0 -0.0 -0.0 -0.0 0.0
-0.0 -0.0 0.0 0.0 -0.0 0.0 0.0 -0.0 0.0 0.0 -0.0 0.0 -0.0 -0.0 -0.0 0.0 0.0 -0.5432467 0.0 0.0 -0.0 -0.41716376 0.16638707 0.0 0.0 0.44325355 -0.0 0.0 0.0 -0.0 -0.1952387 0.0 -0.5517732 -0.0 -0.0 -0.0 -0.0 0.0 -0.41102448 0.0 0.28393263 -0.0 -0.0 -0.5404554 0.0 -0.0 -0.0 0.0 0.0 -0.34231353 0.0 -0.33511573 0.0 -0.08322274 0.0 0.0 0.0 0.0 0.0 0.540647 -0.0 0.0 0.0 -0.0
-0.0 0.0 -0.0 0.0 0.0 0.0 0.0 0.0 0.0 -0.0 0.0 -0.0 0.0 -0.0 0.0 0.0 0.0 0.0 -0.0 -0.0 0.0 -0.0 -0.0 -0.0 -0.0 -0.0 -0.0 -0.0 0.0 0.0 -0.0 0.0 0.0 0.0 0.0 -0.0 -0.0 -0.0 0.14739124 0.0 0.0 -0.0 0.0 0.0 0.0 0.0 0.0 -0.0 -0.0 -0.0 0.0 -0.0 -0.0 -0.0 -0.0 0.0 -0.0 0.12995373 0.0 -0.36712122 0.0 0.0 -0.0 -0.0
0.0 -0.0 -0.0 0.0 0.0 -0.0 -0.0 0.2585962 0.0 -0.0 0.0 -0.35170346 -0.0 0.0 -0.0 0.0 -0.0 -0.0 0.0 -0.0 0.0 -0.0 -0.0 -0.0 0.0 -0.0 -0.0 0.0 -0.0 0.0 -0.0 0.17928992 0.0 -0.0 0.0 0.0 -0.16779526 -0.39100963 0.0 -0.0 -0.0 -0.0 -0.0 -0.0 -0.0 -0.0 0.0 0.0 0.0 -0.0 -0.0 -0.37352407 0.0 -0.0 0.0 0.0 -0.0 -0.0 0.0 -0.31708395 0.22905074 0.0 -0.316824 0.0
0.0 -0.0 -0.0 -0.13084121 0.0 -0.14179686 0.0 0.0 -0.0 0.0 0.0 -0.0 0.0 -0.14344008 0.0 0.0 0.0 -0.5320714 -0.0 0.0 0.0 -0.12249337 0.4839588 0.0 0.0 -0.22805029 0.0 -0.0 0.119860716 0.0 -0.34037113 0.0 0.0 0.0 0.1662235 0.0 -0.0 -0.24352826 0.39428848 -0.0 0.0 -0.0 0.0 -0.23307024 0.0 -0.0 0.0 0.0 -0.0 -0.0 -0.0 -0.0 -0.0 0.34385473 -0.0 -0.0 0.0 -0.0 0.19647723 -0.4018794 -0.11714905 -0.0 0.0 -0.0
-0.0 -0.0 -0.0 -0.28859848 -0.0 -0.0 -0.0 -0.0 -0.19670041 -0.0 -0.0 0.0 -0.0 0.0 -0.0 -0.0 -0.0 0.0 -0.0 0.0 -0.0 0.0 0.0 -0.0 0.0 -0.18746722 -0.0 0.0 0.0 0.0 0.0 -0.21846956 0.0 -0.0 -0.0 -0.0 -0.0 -0.22708388 0.3483569 0.0 0.46888632 -0.0 -0.0 0.0 -0.0 -0.0 -0.0 -0.0 -0.0 -0.28104413 0.0 0.0 -0.0 0.12187359 0.0 0.0 0.0 0.0 0.0 -0.15695234 -0.25004482 -0.0 0.0 0.16066396
-0.0 -0.0 0.0 -0.0 -0.0 -0.059705734 -0.0 0.0 0.0 -0.0 -0.0 -0.0 0.0 -0.0 0.0 -0.0 -0.0 0.0 0.0 -0.0 0.0 -0.21857378 -0.0 0.0 0.0 -0.1975714 -0.0 -0.0 -0.0 0.0 0.0 -0.22065358 0.0 -0.0 -0.0 0.0 -0.0 -0.110132806 0.23797274 -0.0 -0.0 -0.0 -0.0 -0.0 -0.0 -0.0 -0.0 0.0 -0.0 -0.13392797 -0.0 -0.0 -0.0 -0.0 0.0 -0.0 0.0 -0.0 0.14195596 -0.2608549 -0.0 0.0 -0.0 -0.0
-0.0 -0.0 -0.0 0.0 0.0 -0.0 -0.0 -0.0 0.0 0.0 -0.0 0.0 -0.14398155 -0.0 0.0 -0.0 0.0 0.0 -0.28867525 -0.0 -0.0 -0.0 0.0 0.0 -0.0 -0.0 0.0 0.0 -0.0 -0.598536 0.0 -0.0 0.41696024 -0.44855505 -0.0 0.0 -0.0 -0.42051187 0.0 0.6196498 0.0 0.0 -0.5596482 -0.0 0.0 0.0 -0.0 -0.0 0.0 0.0 0.0 0.0 0.0 0.0 0.0 -0.0 -0.47243637 0.0 0.0 0.0 -0.0 0.0 -0.0 -0.0
0.0 -0.0 0.0 0.0 -0.0 0.0 -0.0 -0.0 0.0 0.0 0.0 0.0 0.32376534 0.0 0.0 0.0 0.0 -0.0 -0.0 -0.0 -0.0 0.0 -0.0 -0.44208303 -0.0 0.42626306 0.0 -0.0 0.0 -0.0 0.0 0.0 -0.1394671 0.0 0.0 0.0 0.0 0.0 -0.34575662 0.0 0.0 -0.32396713 -0.0 0.0 0.0 0.0 0.0 0.0 0.0 0.0 -0.0 0.0 -0.0 -0.0 0.0 0.0 0.0 1.0500326 -0.32931313 -0.0 -0.0 0.0 -0.0 -0.0
-0.0 -0.0 -0.034349684 0.0 -0.0 -0.0 0.0 -0.0 0.0 -0.0 -0.0 0.0 -0.0 -0.0 -0.0 0.0 -0.0 0.0 -0.0 -0.0 0.0 -0.0 -0.0 0.0 -0.0 -0.0 -0.0 -0.0 -0.0 -0.0 0.0 0.0 0.0 0.0 -0.0 -0.0 0.0 0.0 0.0 -0.0 -0.0 -0.0 0.0 -0.0 -0.0 -0.0 -0.0 -0.0 0.0 -0.0 -0.0 0.0 -0.0 -0.0 0.0 -0.0 0.0 -0.0 0.17880787 -0.0 -0.0 0.0 -0.0 -0.0
-0.15744585 0.0 -0.0 -0.0 -0.0 -0.0 0.2505141 -0.0 0.0 0.0 -0.0 -0.0 0.0 -0.0 -0.0 0.0 0.0 -0.0 -0.3705506 0.0 -0.0 0.0 -0.0 0.0 0.0 0.0 0.0 -0.0 -0.25304836 0.0 0.0 -0.0 -0.0 0.0 -0.0 0.0 -0.0 0.0 -0.28978363 -0.19282804 -0.0 0.0 0.0 -0.0 0.0 -0.0 0.0 0.0 0.0 0.0 -0.0 -0.0 -0.0 -0.070737585 -0.0 -0.0 -0.38181698 0.0 -0.0 0.11268662 0.0 -0.0 -0.0 -0.0
-0.19148868 -0.0 -0.0 -0.0 -0.0 -0.22147387 0.0 -0.0 -0.48764837 0.0 -0.0 0.0 -0.0 0.0 0.0 -0.0 0.0 0.0 -0.26781708 0.0 -0.0 -0.0 -0.2834689 -0.0 -0.0 -0.0 -0.0 0.0 0.0 -0.38840225 -0.19291334 -0.0 0.30901182 -0.0 0.0 0.0 0.0 -0.0 0.5983328 0.3983337 -0.0 0.0 -0.0 -0.15467519 0.0 -0.0 -0.0 -0.0 0.5614753 -0.0 -0.0 0.0 0.0 0.0 0.0 0.0 -0.0 0.0 0.0 -0.0 -0.30681506 -0.0 -0.0 0.0
0.0 -0.0 0.31014776 0.0 -0.0 -0.0 -0.21962036 -0.0 0.0 -0.0 0.0 0.0 -0.0 -0.0 -0.0 -0.0 -0.35339427 0.0 0.0 0.0 0.0 -0.0 -0.0 -0.0 -0.0 -0.3048713 0.0 0.0 -0.0 0.0 -0.0 0.0 0.25820625 -0.0 0.0 -0.0 0.0 -0.0 0.46587414 -0.0 -0.0 -0.14861909 -0.0 -0.0 -0.2778135 -0.0 -0.0 0.0 0.0 -0.23088045 -0.0 0.0 -0.0 -0.0 0.0 -0.0 -0.0 -0.10615535 0.0 -0.0 -0.0 -0.0 -0.0 0.0
-0.0 -0.0 0.0 -0.0 0.0 -0.0 0.0 0.0 0.3574526 0.0 0.0 -0.0 0.0 -0.0 0.0 -0.15498349 -0.045973968 -0.0 -0.0 0.0 -0.0 -0.0 -0.32274848 -0.0 0.0 -0.092751086 0.0 0.0 0.0 0.0 -0.0 -0.1689387 0.24782923 -0.0 -0.0 -0.0 -0.0 -0.21827355 0.25410205 -0.0 -0.0 -0.0 -0.0 0.0 -0.0 -0.57813716 -0.0 0.16551937 0.0 -0.22906393 -0.0 -0.0 0.0 -0.17513825 0.0 -0.0 0.0 0.0 0.20366621 -0.0 -0.0 0.0 -0.0 -0.0
0.0 0.0 0.0 -0.0 0.0 0.0 -0.0 -0.0 -0.0 0.0 -0.0 -0.0 -0.0 0.0 -0.0 -0.0 0.0 -0.0 -0.0 -0.0 -0.0 0.0 0.0 0.0 0.0 0.0 0.0 -0.0 -0.0 0.0 -0.0 -0.0 -0.0 -0.0 0.0 0.0 -0.0 0.0 -0.0 -0.0 0.0 -0.0 -0.0 -0.0 -0.0 -0.0 0.0 0.0 -0.0 0.0 -0.0 -0.0 -0.0 0.0 0.0 -0.0 -0.0 -0.0 0.0 0.0 -0.0 0.0 -0.0 0.0
-0.0 -0.0 0.0 0.0 0.0 0.0 0.0 0.0 -0.0 -0.0 0.0 0.0 0.0 0.0 0.0 -0.0 0.34618083 0.0 -0.0 -0.0 -0.0 0.0 0.0 0.0 0.0 -0.0 0.0 0.0 0.0 -0.12396505 0.0 0.0 0.0 -0.0 0.0 -0.0 -0.0 -0.0 -0.0 -0.0 0.0 0.0 -0.0 0.0 -0.0 0.0 -0.0 -0.0 -0.0 -0.0 0.0 -0.0 0.0 0.0 0.0 0.0 0.0 -0.0 -0.0 -0.0 -0.0 0.0 0.0 -0.0
-0.0 -0.0 -0.0 -0.26297164 0.0 0.0 -0.0 -0.0 -0.0 -0.0 -0.0 -0.0 0.0 -0.0 0.0 0.0 -0.0 -0.0 0.0 -0.0 0.0 -0.24373975 -0.0 0.0 0.0 -0.30711773 -0.0 0.0 0.0 0.0 -0.0 -0.1937802 0.33819148 -0.0 -0.0 0.0 0.0 -0.0 0.2635164 -0.0 -0.0 -0.0 -0.0 -0.0 -0.0 -0.0 -0.0 -0.0 -0.18690899 -0.0 0.0 -0.0 0.0 0.0 0.0 -0.0 -0.0 0.0 0.0 -0.28071833 -0.18645874 0.0 0.0 -0.08268048
-0.0 -0.0 0.0 0.0 0.0 0.0 -0.0 0.08469029 0.0 0.0 0.0 -0.0 0.0 0.0 0.0 0.0 0.0 0.0 0.0 0.0 -0.0 -0.0 0.0 0.0 0.0 -0.04895792 0.0 0.0 -0.0 0.0 0.0 0.10251877 0.12984459 -0.0 0.0 -0.0 -0.0 -0.1906027 0.27230036 -0.0 -0.0 0.0 0.0 0.0 0.0 0.0 0.0 0.0 0.0 -0.0 0.0 0.0 -0.0 0.0 -0.0 0.0 -0.0 0.0 0.083070785 -0.0 0.0 0.0 0.0 -0.0
0.0 -0.0 0.0 0.0 0.21360376 0.0 0.0 0.3563079 -0.0 -0.30512753 0.0 -0.0 0.0 0.0 0.0 -0.0 0.3779382 0.0 0.0 -0.0 -0.0 -0.2508476 -0.0 0.10801646 0.0 -0.0 0.0 0.0 0.0 -0.0 -0.0 0.0 -0.0 -0.0 0.0 0.0 -0.0 -0.21956536 0.3045079 -0.0 -0.0 -0.0 -0.0 0.0 -0.0 -0.0 0.0 -0.0 0.0 -0.0 0.0 -0.0 -0.0 -0.0 0.0 0.0 0.0 -0.0 0.0 -0.36153924 0.0 0.0 -0.0 -0.0
0.0 0.0 0.0 0.0 0.0 0.0 -0.0 -0.0 0.0 0.0 0.0 0.0 0.0 0.0 -0.0 0.0 -0.0 0.0 0.0 0.0 0.0 0.0 0.0 0.0 0.0 0.0 0.0 0.0 0.0 0.0 0.0 0.0 0.60184616 0.0 0.0 0.0 0.0 -0.0 0.0 0.0 0.0 -0.0 0.0 0.0 -0.0 0.0 -0.0 -0.0 0.0 0.6056975 0.0 0.0 0.0 0.0 -0.0 0.0 0.0 0.0 1.592406 -0.0 0.0 0.0 0.0 -0.0
-0.0 -0.0 0.0 0.0 0.0 -0.0 -0.0 0.0 0.0 0.0 0.0 -0.0 0.0 0.0 0.0 -0.0 -0.0 -0.0 -0.0 -0.0 0.0 0.0 0.0 0.0 0.0 0.0 0.0 -0.0 -0.0 0.0 0.0 0.0 -0.0 -0.0 -0.0 0.0 0.0 0.0 -0.0 -0.0 -0.0 0.0 0.0 0.0 0.0 0.0 0.0 0.0 -0.0 0.0 0.0 0.0 -0.0 -0.0 0.0 -0.0 -0.0 0.0 -0.0 0.0 -0.0 0.0 0.0 -0.0
0.0 0.0 0.0 -0.2900926 0.0 -0.45803684 0.0 -0.0 -0.3129021 0.0 0.0 -0.1837156 0.0 -0.18936045 0.06624006 -0.0 0.0 -0.20075546 0.0 0.0 -0.0 -0.0 -0.20885193 -0.0 0.0 -0.0 -0.0 0.0 0.0 0.0 -0.3180805 0.0 0.0 -0.0 0.18943405 -0.30692622 -0.0 -0.29928157 0.38626418 0.0 -0.0 0.0 -0.0 -0.28844517 0.0 -0.0 0.0 -0.0 -0.0 -0.31770837 -0.0 -0.26821524 -0.71602464 -0.72208047 -0.0 0.0 -0.0 -0.0 0.0 -0.0 -0.25379184 0.0 -0.20865776 -0.0
0.0 0.0 0.0 0.0 -0.0 -0.0 0.0 0.0 -0.0 -0.0 -0.0 0.0 -0.0 -0.0 -0.0 -0.0 0.0 -0.0 0.0 -0.0 -0.0 0.0 0.0 0.0 -0.0 0.0 -0.0 -0.0 0.0 -0.0 -0.0 -0.0 -0.0 -0.0 0.0 0.0 -0.0 0.0 -0.0 -0.0 0.0 0.0 -0.0 0.0 -0.0 -0.0 -0.0 0.0 -0.0 -0.0 -0.0 -0.0 0.0 0.0 0.0 -0.0 0.0 -0.0 -0.0 0.0 0.0 -0.0 -0.0 0.0
-0.1734591 -0.0 -0.0 -0.49558255 -0.0 -0.0 0.0 0.0 -0.29724512 -0.0 -0.0 -0.0 -0.0 -0.0 0.0 -0.0 -0.0 0.0 -0.0 0.0 -0.0 -0.0 0.0 -0.0 -0.0 -0.0 -0.0 -0.0 -0.0 0.116872154 0.0 -0.21260576 0.28520158 -0.0 -0.18250057 -0.0 -0.0 -0.3526442 0.1975258 -0.0 -0.0 -0.0 0.0 0.0 0.0 -0.0 -0.15943328 -0.0 -0.36174735 -0.0 -0.0 0.0 0.0 0.0 -0.0 -0.0 0.0 0.0 0.0 -0.0 -0.59946394 -0.33257747 -0.0 -0.0
0.0 -0.0 0.0 0.0 0.0 0.0 0.0 0.32544658 0.0 -0.27866557 0.0 -0.0 -0.0 0.0 -0.0 0.3481346 0.24170175 -0.0 0.0 -0.0 0.0 0.0 -0.0 0.0 -0.0 0.0 -0.0 0.0 0.0 -0.0 -0.0 -0.0 -0.17234333 -0.0 0.0 0.0 -0.0 0.28473437 -0.16069198 0.0 0.0 -0.0 0.0 0.0 0.0 0.0 -0.0 0.0 0.0 0.2650012 0.0 -0.0 -0.0 -0.0 -0.0 0.0 0.0 -0.0 -0.0 0.0 0.0 0.0 -0.0 0.0
-0.0 0.0 -0.29176602 -0.20456934 -0.0 -0.0 0.17930946 -0.25553808 -0.0 -0.0 -0.17300731 -0.0 -0.0 0.0 -0.0 0.0 0.0 0.0 0.0 0.0 0.0 0.0 0.0 0.0 -0.0 0.28231335 -0.12026783 -0.23792475 -0.0 0.09523052 0.0 0.0 -0.0 -0.0 -0.35389084 -0.0 -0.0 0.3407707 -0.0 -0.39683583 0.0 -0.19094357 0.23065107 -0.0 -0.0 -0.40503296 0.0 -0.0 -0.0 0.058341254 -0.0 0.0 -0.0 -0.0 0.0 -0.0 -0.0 0.0 -0.0 0.19823067 0.2704621 -0.0 0.0 0.0
0.0 -0.0 0.0 -0.0 -0.0 0.0 -0.0 0.0 0.0 0.0 0.0 -0.0 0.0 0.0 -0.0 -0.0 0.0 -0.0 -0.0 -0.0 0.0 0.0 0.0 -0.0 0.0 -0.0 0.0 -0.0 -0.0 0.0 0.0 -0.0 0.0 -0.0 0.0 0.0 0.0 -0.0 0.0 -0.0 0.0 -0.0 0.0 0.0 0.0 -0.0 0.0 0.0 -0.0 0.0 0.0 -0.0 0.0 0.0 0.0 -0.0 -0.0 -0.0 0.0 0.0 0.0 0.0 0.0 0.0
-0.0 -0.0 0.0 0.0 0.0 0.0 -0.0 0.0 0.0 0.0 0.0 0.0 0.0 0.0 -0.0 0.0 -0.0 0.0 -0.0 0.0 0.0 -0.0 -0.0 0.0 0.0 -0.41421595 0.0 0.0 0.0 0.0 -0.0 0.0 0.0 0.0 0.0 0.0 0.0 -0.0 0.0 -0.0 -0.0 0.0 0.0 0.0 0.0 0.0 -0.0 -0.0 0.0 -0.0 -0.0 -0.0 -0.0 -0.0 0.0 -0.0 0.0 0.0 0.0 -0.0 -0.0 -0.0 0.0 -0.0
0.0 -0.0 -0.0 -0.0 0.0 0.0 -0.0 0.0 -0.3940057 -0.0 -0.0 0.2391615 -0.0 0.0 0.0 -0.0 -0.0 0.0 0.0 0.0 0.0 0.0 -0.0 -0.0 0.0 -0.16703273 0.0 0.0 -0.0 0.11527145 -0.0 -0.41721314 0.18557927 -0.0 -0.0 -0.0 0.0 -0.19930968 0.36796156 0.0 0.19849373 -0.0 0.0 0.0 -0.0 0.40344048 0.0 -0.48037058 -0.0 -0.20833048 0.0 -0.0 0.0 0.0 0.0 -0.0 0.0 0.0 0.0 -0.0 0.0 0.0 0.0 0.30263603
-0.0 -0.0 -0.26186848 -0.0 0.0 0.0 0.0 0.0 -0.0 -0.31742695 -0.0 -0.0 -0.0 0.0 -0.0 0.0 0.0 -0.0 -0.0 -0.0 -0.0 0.0 -0.0 0.0 -0.0 0.33717525 -0.28608155 -0.0 0.0 -0.0 -0.0 -0.0 -0.06915609 -0.0 -0.0 -0.0 -0.0 0.0 -0.28106686 0.0 0.0 -0.0 -0.0 0.0 0.0 -0.0 -0.0 -0.0 -0.0 0.0 -0.0 -0.0 0.0 -0.0 -0.0 0.0 0.0 0.0 -0.0 -0.0 0.0 0.16027889 -0.0 -0.0
0.0 -0.0 0.0 0.0 0.0 0.0 -0.0 0.0 0.0 -0.0 -0.0 -0.0 0.0 0.0 0.0 0.0 -0.0 0.0 0.0 0.0 0.0 0.0 0.0 0.0 -0.0 0.5492312 0.0 0.0 0.0 -0.0 0.0 0.0 -0.0 0.0 0.0 0.0 0.0 0.0 -0.0 0.0 0.0 0.0 0.0 0.0 0.0 -0.0 0.0 -0.0 0.0 0.0 -0.0 0.0 -0.0 0.0 -0.0 -0.0 0.0 0.0 -0.0 0.0 -0.0 -0.0 0.0 -0.0
0.0 -0.0 -0.0 0.0 0.0 -0.0 -0.0 0.0 -0.5097802 -0.0 0.0 0.0 -0.0 -0.0 -0.0 0.0 -0.12592107 0.0 -0.0 -0.0 -0.51260924 -0.16658932 0.0 -0.0 -0.0 -0.1811093 -0.0 0.0 0.0 0.0 0.0 -0.28843728 0.0 -0.0 -0.0 0.3568287 0.0 -0.18860103 0.25637725 -0.0 -0.0 0.0 -0.17681992 0.0 0.0 -0.22858492 0.0 0.26782054 -0.0 -0.0 0.0 0.0 0.0 0.0 0.2254786 -0.0 0.0 -0.0 0.0 -0.13898563 -0.17473029 0.0 0.0 0.25088432
0.0 0.0 -0.0 -0.0 0.0 0.0 -0.0 -0.0 -0.0 -0.0 0.0 0.0 -0.0 0.0 0.0 0.0 0.0 0.0 -0.0 0.0 -0.0 0.0 -0.0 0.0 -0.0 0.0 0.0 -0.0 -0.0 -0.0 -0.0 -0.0 -0.0 0.0 0.0 0.0 -0.0 0.0 0.0 0.69419926 0.0 0.0 -0.0 0.0 0.0 -0.0 0.0 0.0 0.44626212 0.0 -0.0 -0.0 0.0 -0.0 0.0 -0.0 -0.0 0.0 0.0 0.0 -0.0 0.0 0.0 -0.0
0.0 0.0 -0.0 0.0 -0.0 -0.0 0.65581316 -0.0 -0.0 0.0 -0.0 -0.0 -0.3400228 -0.0 0.0 0.0 0.0 -0.0 0.43986854 0.0 -0.0 -0.0 -0.0 -0.0 -0.38123912 -0.0 0.0 -0.0 0.0 -0.0 -0.0 -0.0 0.0 0.0 -0.0 0.0 -0.0 -0.0 0.6575465 0.0 0.0 -0.0 -0.0 0.0 -0.0 0.0 -0.0 0.0 0.0 -0.0 -0.0 0.0 0.0 0.0 -0.0 -0.0 0.0 0.10513256 -0.0 -0.0 -0.0 -0.0 0.0 -0.0
-0.0 -0.25297293 0.18172026 -0.11371001 -0.0 -0.0 -0.0 0.26599 -0.0 -0.10661055 -0.0 0.0 -0.0 -0.16650933 0.0 -0.06005185 -0.0 -0.0 0.0 -0.0 0.0 -0.0 0.0 -0.0 -0.0 -0.26469836 -0.0 -0.0 0.0 -0.0 0.0 -0.17878869 -0.0 -0.0 -0.0 -0.36680478 -0.0 -0.2902891 -0.17577873 -0.0 0.0 0.07269388 -0.15552029 0.0 -0.0 -0.0 -0.0 -0.0 -0.25851843 -0.16957082 0.0 -0.0 -0.0 0.0 -0.0 0.0 0.0 -0.0 -0.0 -0.105457984 -0.14609377 -0.0 -0.0 -0.05970381
0.0 -0.0 0.0 -0.0 0.0 -0.0 -0.0 0.0 0.0 -0.0 0.0 -0.0 0.0 -0.0 -0.0 -0.0 -0.0 -0.0 -0.0 -0.0 0.0 -0.0 0.0 0.0 0.0 -0.0 0.0 -0.0 -0.0 0.0 0.0 -0.0 0.0 -0.0 0.0 -0.0 -0.0 -0.0 0.0 -0.0 -0.0 -0.0 -0.0 -0.0 0.0 -0.0 0.0 0.0 -0.0 -0.0 0.0 0.0 -0.0 -0.0 -0.0 0.0 -0.0 -0.0 0.0 -0.0 -0.0 0.0 -0.0 -0.0
-0.0 -0.0 0.0 -0.0 0.0 0.0 -0.0 -0.0 -0.056131635 -0.0 -0.0 -0.0 -0.0 -0.0 -0.0 -0.0 -0.0 0.0 -0.0 -0.0 -0.0 -0.0 -0.0 -0.0 -0.0 -0.0 0.0 -0.0 -0.0 0.0 0.0 -0.3552588 0.44909662 -0.0 -0.0 -0.0 0.0 -0.0 0.20617127 -0.0 -0.0 -0.0 -0.0 0.0 -0.0 -0.0 -0.0 0.0 -0.0 0.0 0.0 0.0 0.0 0.0 0.0 0.0 -0.0 0.0 0.33696702 -0.0 -0.0 0.0 0.0 -0.0
0.0 0.0 -0.0 -0.0 0.0 -0.0 0.0 -0.0 0.0 -0.0 -0.0 0.0 0.0 -0.0 0.0 0.0 0.0 0.0 -0.0 -0.0 -0.0 -0.0 -0.0 0.0 -0.0 -0.0 0.0 0.0 -0.0 0.0 0.0 -0.0 0.0 -0.0 0.0 -0.0 0.0 -0.0 0.0 -0.0 -0.0 -0.0 -0.0 0.0 0.0 -0.0 0.0 0.0 0.0 -0.0 -0.0 0.0 -0.0 0.0 0.0 -0.0 -0.0 0.0 0.0 -0.0 -0.0 0.0 0.0 0.0
-0.0 0.0 0.0 0.0 0.0 -0.0 0.0 0.0 -0.0 0.0 0.0 -0.0 0.0 -0.0 -0.0 -0.0 0.1007001 -0.0 -0.0 -0.0 0.0 0.0 -0.0 0.0 -0.0 0.22681646 0.0 -0.0 0.0 -0.0 0.0 -0.0 -0.2176169 -0.0 0.0 0.0 0.0 0.13495018 -0.17345981 0.0 0.0 -0.13615854 -0.0 0.0 -0.0 0.0 -0.0 0.0 0.0 0.16045275 -0.0 -0.0 0.0 -0.0 -0.0 0.0 0.0 0.0 -0.0 0.0 0.0 0.0 0.0 -0.0
-0.0 -0.0 -0.0 -0.27696547 0.0 0.0 0.0 0.0 0.3255735 -0.0 -0.0 0.24718265 -0.0 0.0 0.0 -0.0 0.0 -0.0 0.0 0.0 0.0 0.0 -0.0 -0.0 -0.0 0.19451421 0.0 -0.0 -0.0 -0.0 0.0 -0.2822247 -0.0 -0.0 -0.0 -0.0 0.0 0.0 -0.26404187 0.0 -0.22102693 -0.0 0.0 0.0 -0.0 -0.2923097 -0.0 0.21381265 0.0 0.33308893 0.0 -0.19369432 -0.0 -0.0 -0.0 -0.0 0.0 0.0 -0.4074812 0.12222053 -0.24258423 0.0 0.0 -0.24210379
0.0 -0.0 0.0 0.0 0.0 -0.0 -0.0 -0.0 0.0 -0.0 0.0 0.0 0.0 -0.0 -0.0 0.0 -0.0 0.0 -0.0 -0.0 0.0 -0.24508059 -0.0 0.0 0.0 -0.19233863 0.0 -0.0 0.0 0.0 0.0 0.0 0.0 -0.0 0.0 -0.0 -0.0 -0.1864755 0.0 -0.0 0.0 -0.0 0.0 0.0 0.0 -0.0 0.0 0.0 -0.0 -0.23626444 -0.0 -0.0 -0.0 0.0 -0.0 0.0 -0.0 -0.0 0.0 -0.20240954 0.0 0.0 0.0 -0.0
0.0 -0.0 0.9073495 0.0 0.0 0.0 -0.0 -0.36886933 0.0 -0.0 0.0 0.0 0.0 0.0 0.0 -0.0 -0.0 0.0 0.0 0.0 0.0 -0.0 -0.0 -0.0 -0.0 -0.25692958 0.0 -0.0 0.0 0.0 -0.0 0.0 0.45205244 -0.0 0.0 0.0 -0.0 -0.0 0.0 -0.0 -0.0 -0.0 0.0 -0.0 0.0 -0.0 0.0 0.0 -0.0 -0.0 -0.0 0.0 0.0 0.0 0.0 0.0 -0.0 0.49382314 0.0 -0.0 0.0 0.0 0.0 0.0
0.0 0.0 -0.0 -0.0 0.0 0.0 0.0 -0.0 0.26195467 -0.0 0.0 -0.0 -0.0 -0.0 0.0 -0.0 -0.0 -0.24914566 0.0 0.0 -0.0 -0.2145105 0.25172615 0.0 -0.0 -0.086002834 0.0 0.0 0.0 0.0 -0.28018355 -0.28858858 0.24258956 -0.0 -0.0 0.0 -0.0 -0.096005924 0.29553223 -0.13083635 -0.0 0.0 -0.0 0.12471432 0.0 -0.45571893 -0.0 0.40538576 0.0 -0.0 0.0 -0.0 -0.0 0.0 -0.0 -0.0 0.0 -0.0 0.0 -0.17126097 -0.0 -0.0 -0.0 -0.0
-0.0 -0.0 -0.0 -0.0 0.0 0.0 -0.0 0.0 -0.0 -0.0 -0.0 -0.5615953 0.0 0.0 0.0 0.0 -0.0 -0.0 -0.0 -0.0 0.0 0.0 0.0 0.0 -0.0 0.0 0.0 0.0 0.0 0.0 0.0 0.0 -0.0 -0.35494798 0.0 0.0 -0.0 -0.0 -0.0 -0.0 0.0 0.0 0.0 0.0 0.0 0.0 0.0 0.0 -0.0 0.0 -0.0 0.0 0.0 0.0 0.0 0.0 -0.38821954 -0.0 -0.0 0.0 0.0 0.0 0.0 0.0
-0.0 0.0 0.0 0.0 0.0 0.0 0.0 -0.0 0.0 -0.0 0.0 -0.0 -0.0 0.0 -0.0 0.0 -0.0 -0.0 -0.0 0.0 -0.0 -0.0 0.0 0.0 -0.0 -0.0 -0.0 0.0 0.0 0.0 -0.0 -0.0 0.0 0.0 -0.0 0.0 0.0 0.0 0.0 -0.0 -0.0 -0.0 0.0 0.0 -0.0 -0.0 -0.0 -0.0 0.0 -0.0 -0.0 -0.0 0.0 0.0 -0.0 -0.0 0.0 -0.0 0.0 -0.0 -0.0 -0.0 0.0 -0.0
0.0 0.0 -0.0 0.0 -0.0 -0.0 0.0 -0.2794942 0.0 0.0 0.0 -0.0 -0.0 -0.0 -0.0 -0.0 0.0 -0.0 -0.0 -0.0 0.0 0.0 -0.0 -0.0 -0.0 0.49861893 -0.0 -0.0 -0.0 -0.0 -0.0 0.0 -0.51655686 -0.0 -0.0 0.0 -0.0 0.0 -0.0 0.0 -0.0 -0.0 -0.0 -0.0 -0.0 0.0 -0.0 0.0 0.0 0.0 -0.11945317 -0.0 -0.0 -0.0 -0.0 0.0 -0.0 -0.0 -0.0 0.0 0.0 -0.0 -0.0 0.0
-0.0 -0.0 0.0 0.0 -0.0 0.0 0.0 0.0 0.0 -0.0 0.0 -0.0 -0.0 -0.0 0.0 -0.0 -0.0 0.0 0.0 -0.0 -0.0 -0.0 -0.0 -0.0 -0.0 -0.4370296 -0.0 -0.0 -0.0 -0.0 -0.0 0.0 0.0 -0.0 -0.0 -0.0 -0.0 -0.0 -0.0 -0.0 0.0 -0.0 -0.0 -0.0 0.0 -0.0 0.0 0.0 0.0 -0.0 -0.0 -0.0 0.0 -0.0 0.0 0.0 0.0 -0.0 0.0 -0.0 0.0 0.0 -0.0 0.0
-0.0 -0.0 -0.0 -0.0 0.0 -0.0 0.0 -0.0 0.0 -0.0 -0.0 -0.0 -0.0 -0.0 0.0 0.0 0.0 0.0 -0.0 -0.0 -0.0 -0.0 -0.0 -0.0 0.0 -0.0 -0.0 0.0 -0.0 0.0 0.0 -0.58245414 0.24664828 -0.0 -0.0 -0.0 -0.0 -0.19394648 0.34537756 -0.0 -0.0 -0.0 -0.0 -0.0 -0.0 -0.51086056 -0.0 0.0 -0.0 -0.30951676 -0.0 0.0 0.0 -0.0 0.0 0.0 -0.0 0.0 0.0 -0.0 -0.0 -0.0 -0.0 -0.0
-0.28004417 -0.0 -0.0 0.0 0.0 -0.0 -0.0 -0.0 -0.0 -0.0 -0.0 0.0 -0.21591046 0.0 0.0 -0.0 0.0 -0.0 0.1640688 0.0 -0.0 -0.0 0.0 -0.0 -0.0 -0.0 0.0 -0.41645506 -0.0 -0.5274861 0.0 -0.23801914 0.4118222 0.2985585 -0.0 -0.23832543 -0.0 -0.2253319 0.28905764 0.0 0.0 -0.0 -0.23278081 -0.0 0.0 -0.0 -0.3995968 -0.0 0.14812924 -0.0 0.10451102 -0.0 -0.0 0.0 -0.0 0.0 -0.0 0.36102408 0.0 -0.0 -0.0 -0.0 -0.0 -0.0
-0.0 -0.0 0.22023949 0.0 -0.0 0.0 0.0 -0.0 0.0 -0.0 0.0 0.0 -0.0 0.0 -0.0 -0.12154946 -0.0 -0.0 -0.0 0.0 0.0 0.0 0.0 -0.0 -0.0 0.16793181 0.17287228 0.0 -0.0 -0.0 -0.0 0.0 -0.18118148 0.0 0.0 0.0 0.0 0.09431228 -0.3442821 -0.0 0.0 -0.0 0.0 -0.0 0.0 0.0 -0.0 0.0 0.0 0.13562618 -0.0 0.0 0.0 0.0 0.0 0.0 0.0 -0.0 -0.12065461 0.07106446 0.0 -0.25060365 -0.0 0.0
-0.0 -0.0 0.0 -0.0 -0.0 -0.0 0.0 -0.0 -0.0 0.0 0.0 -0.0 -0.0 -0.0 0.0 -0.0 -0.0 -0.0 -0.0 0.0 -0.0 0.0 -0.0 -0.0 -0.0 0.0 0.0 0.0 0.0 -0.0 -0.0 0.0 0.0 0.0 -0.0 -0.0 0.0 0.0 -0.0 -0.0 0.0 -0.0 -0.0 0.0 -0.0 0.0 -0.0 -0.0 0.0 0.0 -0.0 0.0 -0.0 -0.0 -0.0 -0.0 -0.0 0.0 -0.0 0.0 0.0 -0.0 0.0 0.0
0.0 0.18278526 0.0 0.0 -0.0 0.4965518 -0.0 -0.0 0.0 0.0 -0.0 -0.0 0.0 -0.309966 -0.0 -0.0 -0.1273462 0.0 0.0 -0.053957928 -0.0 -0.0 0.0 -0.0 -0.0 -0.17254514 -0.0 -0.0 -0.0 0.0 -0.23741816 0.0 0.15672109 -0.0 0.0 -0.21234502 -0.0 -0.23794378 0.0 -0.11393802 0.0 0.0 -0.0 -0.35134107 -0.0 0.0 -0.0 0.0 -0.0 -0.14209461 0.0 -0.0 -0.0 -0.33449876 -0.5376694 -0.0 -0.0 -0.0 0.14188077 -0.13570441 0.0 0.0 -0.0 0.0
-0.0 -0.0 -0.0 0.0 -0.0 0.0 0.0 0.0 -0.0 0.0 -0.0 0.2755074 0.0 -0.0 0.0 0.0 0.0 -0.0 -0.0 0.0 -0.0 0.25182623 -0.0 0.0 -0.0 0.3263565 0.0 -0.0 -0.0 -0.0 0.0 -0.0 -0.0 0.0 -0.0 0.0 0.0 0.0 -0.32638958 0.0 0.0 -0.0 -0.0 -0.0 0.0 0.0 -0.0 -0.0 0.0 0.19732109 0.0 -0.35399786 0.0 -0.0 -0.0 -0.0 0.0 0.0 -0.0 0.0 0.0 0.0 0.0 0.0
-0.0 -0.0 -0.0 0.0 -0.0 0.0 0.0 0.0 -0.0 -0.0 -0.0 -0.0 -0.0 -0.0 0.0 0.0 0.0 -0.0 -0.0 -0.0 -0.0 0.0 0.0 -0.0 -0.0 0.0 -0.0 0.0 0.0 -0.0 0.0 -0.0 -0.0 0.0 -0.0 -0.0 0.0 0.0 -0.3658858 0.0 0.0 0.0 0.0 0.0 0.0 0.0 0.0 -0.0 0.0 0.0 -0.0 0.0 0.0 0.0 -0.0 0.0 0.0 0.0 -0.0 0.0 0.0 0.0 -0.0 -0.0
0.0 -0.0 0.223386 -0.0 0.0 -0.0 -0.0 0.0 0.0 -0.0 0.0 0.0 -0.0 -0.0 -0.0 0.0 -0.0 -0.0 -0.0 -0.0 -0.0 0.21006851 -0.0 0.0 -0.0 0.0 -0.0 0.0 -0.0 -0.0 0.0 -0.0 -0.0 0.0 0.0 -0.0 0.0 0.0 -0.0 0.0 0.0 -0.0 -0.0 -0.0 -0.0 -0.0 -0.0 -0.0 0.0 0.2361316 0.0 -0.0 0.0 0.0 0.0 0.0 0.0 0.0 0.0 0.0 0.0 0.0 -0.0 -0.0
-0.0 -0.0 -0.0 0.0 -0.0 -0.0 0.0 0.0 -0.0 0.0 -0.0 0.0 -0.0 0.0 -0.0 -0.0 0.0 -0.0 -0.0 -0.0 0.0 0.0 -0.0 -0.0 -0.0 0.0 0.0 0.0 -0.0 -0.0 0.0 -0.0 -0.0 -0.0 -0.0 0.0 -0.0 0.0 -0.0 0.0 0.0 -0.0 -0.0 -0.0 -0.0 0.0 -0.0 -0.0 -0.0 0.0 -0.0 0.0 -0.0 0.0 0.0 0.0 0.0 -0.0 -0.0 0.0 0.0 -0.0 -0.0 0.0
0.0 -0.0 0.0 -0.0 0.0 0.0 -0.0 0.0 -0.0 -0.0 -0.0 0.0 0.0 -0.0 -0.0 0.0 -0.0 0.0 0.0 -0.0 -0.0 0.0 -0.0 0.0 -0.0 0.56578285 0.0 -0.0 0.0 0.0 0.0 -0.0 0.42611182 0.0 -0.0 0.0 0.0 0.0 -0.16400944 0.0 -0.53418976 -0.0 0.0 0.0 -0.0 0.0 0.0 -0.0 -0.0 0.81858844 0.0 0.0 0.0 0.0 0.0 -0.0 0.0 0.0 -0.0 0.0 0.0 -0.0 0.0 -0.0
-0.0 -0.0 0.0 0.0 -0.0 0.0 -0.45588234 0.0 0.0 -0.0 0.0 0.0 -0.0 0.0 -0.0 0.0 0.0 0.0 0.0 0.0 0.0 0.0 0.0 -0.0 -0.0 -0.0 0.0 0.0 -0.0 -0.0 0.0 0.41885313 -0.0 -0.0 -0.0 0.0 0.0 0.0 -0.0 -0.0 -0.0 -0.0 0.0 0.0 -0.0 -0.0 -0.0 0.0 -0.0 -0.0 0.0 0.0 0.43173286 0.0 0.0 0.0 -0.0 -0.0 -0.0 0.0 0.0 -0.0 0.52583075 0.0
0.0 0.0 0.0 0.0 -0.0 -0.0 -0.0 -0.0 0.0 -0.0 0.0 0.0 -0.0 -0.0 -0.0 0.0 -0.0 -0.0 0.0 -0.0 -0.0 0.0 -0.0 0.0 -0.0 0.0 0.0 -0.0 0.0 0.0 -0.0 0.0 -0.0 -0.0 0.0 0.0 0.0 0.0 -0.0 0.0 0.0 -0.0 -0.0 0.0 0.0 0.0 -0.0 0.0 0.0 0.0 -0.0 0.0 0.0 -0.0 0.0 0.0 0.0 -0.0 0.0 -0.0 0.0 0.6654451 -0.0 0.0
-0.0 0.0 0.28899926 0.0 0.0 0.0 0.0 -0.24452238 -0.0 -0.41383278 -0.0 0.0 0.0 0.0 -0.0 -0.17284139 0.0 0.0 -0.0 -0.0 -0.0 0.10021559 0.0 0.2749269 -0.0 0.2845785 0.27990857 -0.0 0.0 -0.0 0.0 -0.0 -0.15613943 0.0 -0.0 0.0 -0.0 0.0 -0.36597723 0.0 0.0 -0.0 -0.0 0.0 0.19223283 0.0 -0.0 0.0 0.0 0.16418205 0.0 0.0 0.0 0.0 -0.0 -0.0 0.0 0.0 -0.1136163 -0.0 0.0 0.0 -0.0 -0.0
0.0 -0.0 -0.0 -0.0 0.0 -0.0 0.0 -0.0 0.0 0.0 -0.0 -0.0 0.0 -0.0 0.0 -0.0 -0.0 0.0 0.0 0.0 -0.0 0.0 -0.0 0.0 0.0 0.0 -0.0 0.0 -0.0 0.0 0.0 0.0 -0.0 0.0 -0.0 0.0 -0.0 0.0 -0.0 0.0 -0.0 -0.0 0.0 -0.0 0.0 0.0 -0.0 0.0 0.0 0.5780796 0.0 0.0 0.0 0.0 -0.0 0.0 0.0 0.0 -0.0 0.0 -0.0 -0.0 0.0 -0.0
0.0 -0.10660378 0.22021829 0.19091572 0.0 0.0 0.0 0.35201222 0.13766782 0.0 0.0 0.0 -0.0 0.0 0.0 -0.09504141 -0.0 -0.0 0.0 -0.0 0.0 -0.0 0.1764747 -0.0 -0.06154307 -0.09541421 0.0 -0.0 -0.0 -0.0 0.16282348 0.21353729 0.12809385 -0.0 0.0 0.0 -0.0 -0.3098409 -0.0 0.0 0.0 0.0 -0.0 0.0 -0.0 0.19355121 0.0 0.0 0.14127354 -0.0 -0.0 0.0 0.0 0.21467707 0.0 0.0 -0.0 -0.0 0.0 -0.0 0.0 -0.0 -0.14517361 0.0
-0.0 0.0 -0.0 -0.0 -0.0 0.0 0.0 0.0 -0.0 -0.0 -0.0 -0.0 -0.0 -0.0 -0.0 -0.0 0.0 0.0 -0.0 -0.0 0.0 -0.0 -0.0 0.0 -0.0 -0.0 0.0 -0.0 0.0 -0.0 -0.0 -0.22261451 0.0 -0.0 -0.0 -0.04680323 -0.0 -0.0 -0.0 -0.0 0.0 0.0 -0.0 0.0 -0.0 0.0 -0.0 -0.0 -0.0 -0.0 -0.0 -0.0 0.0 -0.0 -0.0 -0.0 0.0 -0.0 -0.0 0.0 -0.0 -0.0 -0.0 -0.0
-0.0 -0.0 -0.0 0.0 0.0 -0.0 0.0 0.0 -0.0 0.0 -0.0 0.0 0.0 -0.0 0.0 -0.0 0.0 0.0 -0.0 -0.0 -0.0 0.0 0.0 -0.0 0.0 0.0 0.0 0.0 -0.0 0.0 0.0 -0.0 -0.0 -0.0 -0.0 0.0 0.0 0.0 -0.0 -0.0 -0.0 0.0 -0.0 0.0 0.0 0.0 0.0 -0.0 -0.0 0.0 0.0 -0.0 0.0 0.0 -0.0 0.0 0.0 0.0 -0.0 0.0 -0.0 -0.0 -0.0 -0.0
0.0 -0.0 -0.0 -0.0 -0.0 0.0 0.0 -0.0 -0.0 0.0 0.0 -0.0 -0.0 -0.0 0.0 0.0 0.0 0.0 0.0 0.0 -0.0 0.0 -0.0 0.0 -0.0 0.0 0.0 0.0 0.0 -0.0 -0.0 -0.0 -0.0 0.0 0.0 -0.0 0.0 0.0 -0.0 0.0 0.0 0.0 -0.0 0.0 0.0 0.0 -0.0 -0.0 0.0 0.0 -0.0 0.0 0.0 -0.0 -0.0 -0.0 0.0 0.0 -0.0 0.0 -0.0 0.0 0.0 0.0
-0.0 -0.0 -0.0 0.0 -0.0 -0.0 0.27152354 -0.0 0.0 0.0 -0.0 -0.0 -0.0 -0.0 0.0 0.0 -0.0 -0.0 -0.71138906 0.36920062 -0.0 -0.0 -0.0 0.0 -0.17896684 -0.0 -0.0 0.5054782 0.18265477 -0.32759917 -0.0 -0.0 0.44791925 0.4207801 -0.0 -0.2319166 -0.0 -0.0 0.5546695 0.0 0.0 -0.0 -0.0 -0.0 0.0 0.0 -0.44321814 -0.0 0.0 -0.0 -0.0 0.0 0.0 0.0 0.0 -0.0 -0.0 -0.0 0.0 -0.0 -0.0 -0.0 -0.0 -0.0
0.0 -0.0 0.0 0.19974442 0.0 0.0 0.0 -0.0 -0.37904894 0.0 -0.24362436 -0.0 -0.0 0.0 0.0 -0.0 -0.0 -0.0 0.0 -0.0 -0.0 -0.13269593 -0.0 -0.0 0.0 -0.20905778 0.0 -0.0 0.0 0.0 -0.19847232 -0.3336069 0.2910267 0.0 -0.0 -0.17574905 -0.0 -0.27875647 0.3867194 0.0 -0.0 -0.0 -0.0 0.0 -0.0 0.54045415 0.0 -0.5318188 -0.16627751 -0.0 -0.0 0.0 0.0 -0.0 0.0 -0.0 -0.0 0.0 0.0 -0.0 0.0 -0.0 -0.0 0.0
0.0 -0.0 0.0 0.0 0.0 -0.0 -0.0 0.0 0.0 0.0 0.0 0.0 0.0 0.0 0.0 0.0 0.0 -0.0 0.0 0.0 0.0 -0.42651582 0.0 0.0 0.0 -0.0 -0.0 0.0 0.0 0.0 -0.0 -0.0 0.0 -0.0 0.0 0.0 -0.0 -0.23874174 0.0 -0.0 -0.0 -0.0 0.0 -0.0 -0.0 -0.0 0.0 0.0 0.0 -0.0 0.0 -0.0 -0.0 0.0 -0.0 0.0 0.0 0.0 0.50444204 0.0 0.0 -0.0 0.0 -0.0
0.0 0.0 0.0 0.0 -0.0 -0.0 -0.0 -0.0 0.0 0.0 -0.0 0.0 0.0 0.0 -0.0 0.0 -0.0 0.253758 -0.0 0.0 -0.0 -0.56573725 -0.27695268 0.0 0.0 0.0 0.0 0.0 0.0 0.0 -0.0 0.15824851 0.0 -0.0 0.0 -0.0 -0.30485904 -0.0 0.17341302 -0.0 0.0 -0.0 0.0 -0.5011739 -0.0 0.0 -0.0 -0.0 0.0 -0.49217662 0.0 -0.0 0.0 -0.44935688 -0.0 0.0 0.0 0.0 0.45561144 0.24664241 0.0 0.0 -0.0 -0.0
0.0 -0.0 -0.0 -0.0 0.0 0.0 0.0 -0.0 0.0 -0.0 0.0 -0.0 -0.0 0.0 0.0 0.0 0.0 0.0 0.0 0.06488532 -0.0 -0.07576531 0.0 0.0 -0.0 -0.0 -0.0 -0.0 0.0 -0.0 -0.0 0.0 0.0 -0.0 -0.0 -0.0 -0.0 -0.0 0.09468944 0.0 0.0 0.0 0.0 0.0 0.0 0.0 0.0 -0.0 0.0 -0.0 0.0 -0.0 0.0 0.0 -0.0 0.0 -0.0 0.08173677 0.0 -0.0 0.0 -0.0 0.0 -0.0
0.0 -0.0 0.0 0.0 0.0 0.0 -0.0 -0.0 0.0 -0.0 0.0 0.0 0.0 -0.0 0.0 -0.0 -0.0 -0.0 -0.0 -0.0 0.0 0.0 -0.0 -0.0 0.0 -0.0 -0.0 -0.0 0.0 0.0 -0.0 -0.0 0.0 0.0 0.0 -0.0 -0.0 -0.0 0.0 -0.0 -0.0 0.0 -0.0 -0.0 -0.0 -0.222641 -0.0 0.0 0.0 -0.0 -0.0 0.0 -0.0 0.0 0.0 -0.0 0.0 -0.0 0.57345945 -0.0 -0.19570369 -0.0 -0.0 -0.0
-0.0 0.0 -0.0 -0.0 0.0 -0.0 -0.0 0.0 0.0 0.0 0.70156276 -0.0 0.0 -0.0 0.0 0.0 0.6246683 0.0 -0.0 0.46304917 -0.0 0.0 0.0 0.0 0.0 0.7251651 0.0 0.0 -0.58973694 0.0 0.0 0.0 -0.0 -0.35349402 -0.0 0.0 -0.0 0.0 -0.0 -0.0 -0.0 0.0 0.0 0.0 -0.0 0.0 0.0 0.0 -0.0 -0.0 1.1488423 -0.0 -0.0 -0.0 -0.0 -0.0 -0.0 0.0 -0.0 0.0 0.0 -0.0 0.53420156 -0.0
0.0 0.0 0.0 0.0 -0.0 -0.0 0.0 0.0 -0.0 0.0 0.0 0.0 0.0 -0.0 0.0 0.0 0.0 0.0 0.0 -0.0 -0.0 -0.0 -0.0 -0.0 0.0 -0.0 0.0 -0.0 -0.0 0.0 0.0 0.4870746 0.4790958 0.0 0.0 0.0 0.0 -0.0 0.0 -0.0 -0.0 -0.0 0.0 0.0 0.0 0.0 -0.0 -0.0 -0.76229465 0.0 0.0 -0.0 0.0 0.0 -0.0 -0.0 0.0 -0.0 0.0 -0.0 0.0 0.0 0.0 0.0
-0.0 0.0 -0.0 -0.0 -0.0 -0.0 0.0 -0.0 -0.0 -0.0 -0.0 -0.0 -0.0 0.0 -0.0 0.0 0.0 -0.0 -0.0 0.0 -0.0 0.0 -0.0 0.0 -0.0 0.0 -0.0 0.0 0.0 0.0 -0.0 0.0 -0.0 -0.0 -0.0 -0.0 -0.0 0.0 0.0 -0.0 -0.0 -0.0 0.0 -0.0 0.0 -0.0 -0.0 -0.0 -0.0 0.0 -0.0 -0.0 -0.0 -0.0 -0.0 0.0 0.0 0.0 -0.0 0.0 -0.0 -0.0 -0.0 -0.0
-0.0 -0.0 0.0 0.0 -0.0 -0.0 -0.0 0.1388541 0.0 0.0 -0.0 -0.0 -0.0 -0.0 0.0 0.2651124 -0.0 0.0 -0.0 -0.0 0.0 -0.0 -0.0 -0.0 -0.0 -0.122476764 -0.0 -0.0 0.0 0.0 0.0 -0.0 0.19957142 -0.0 0.0 -0.0 -0.0 -0.0 0.15485102 -0.0 -0.0 -0.0 -0.0 -0.0 -0.0 0.0 -0.0 -0.0 0.0 -0.17916489 0.0 -0.0 0.0 0.0 -0.0 0.0 0.19176847 -0.0 0.0 -0.30890733 0.0 0.0 -0.0 -0.0
0.0 -0.16020432 -0.0 -0.0 -0.0 -0.4033795 0.0 -0.0 0.0 0.0 -0.0 -0.0 -0.0 0.40447205 -0.0 0.0 0.0 -0.8005236 0.0 -0.0 -0.0 0.0 -0.6994327 0.0 0.0 -0.0 -0.0 0.0 0.0 -0.0 0.43892172 0.0 0.0 -0.0 -0.0 -0.0 -0.0 0.0 0.0 -0.0 -0.0 -0.0 -0.0 -0.6669387 -0.0 0.0 0.0 -0.0 -0.0 0.0 0.0 0.0 -0.31877995 0.41807088 0.14744215 0.0 0.0 0.0 0.0 -0.0 0.0 -0.0 -0.0 -0.0
0.0 -0.0 -0.0 -0.0 0.0 -0.0 -0.0 -0.0 0.0 -0.0 -0.0 -0.0 0.0 -0.0 -0.0 -0.0 -0.0 0.0 0.0 0.0 0.56639194 -0.0 0.0 -0.0 0.0 -0.2790772 0.0 -0.0 0.0 0.0 0.0 -0.2693044 0.20624533 -0.0 -0.0 -0.29057792 -0.0 -0.18437286 0.0 0.0 0.0 -0.0 0.28077888 0.0 0.0 0.0 0.22500987 -0.34652534 -0.0 -0.0 0.0 -0.0 0.0 0.0 -0.0 0.0 -0.0 0.0 0.13158773 -0.0 -0.0 0.0 0.0 -0.1304075
-0.0 0.0 -0.0 0.0 0.0 -0.0 0.0 -0.0 0.0 0.43980584 -0.0 -0.0 -0.0 0.0 -0.0 0.0 0.0 -0.0 -0.0 0.0 0.0 0.0 -0.0 0.0 -0.0 0.0 -0.0 -0.0 0.0 -0.0 -0.0 0.0 -0.0 -0.0 0.0 0.0 0.0 0.7309934 0.0 0.0 -0.0 0.0 0.0 -0.0 0.0 0.0 0.0 0.0 -0.0 0.0 -0.0 0.0 -0.0 -0.0 0.0 -0.0 -0.0 0.0 -0.0 0.0 0.0 -0.0 0.0 -0.0
0.0 0.0 0.18027145 -0.0 0.0 -0.0 -0.0 -0.16542137 0.0 -0.0 -0.0 -0.0 0.0 0.0 -0.0 -0.2230335 0.0 0.0 -0.0 -0.0 0.0 -0.07928874 0.0 0.0 0.0 -0.17012596 0.25536394 -0.0 -0.0 0.0 0.0 -0.0 0.051601917 -0.0 0.0 0.0 -0.0 -0.19311865 0.24583775 -0.0 -0.0 -0.0 -0.0 0.0 -0.0 -0.0 -0.0 0.0 -0.0 -0.13170035 0.0 -0.0 0.0 0.0 0.0 -0.0 -0.0 -0.0 0.14139919 -0.19644776 -0.0 -0.0 -0.0 -0.0
-0.0 -0.0 0.0 0.0 -0.0 -0.0 -0.0 0.0 -0.0 -0.0 0.0 -0.0 0.0 -0.0 -0.0 -0.0 -0.0 0.0 -0.0 0.0 0.0 -0.0 -0.0 -0.0 0.0 -0.0 -0.0 -0.0 -0.0 0.0 -0.0 -0.0 0.0 -0.7866674 0.0 -0.0 0.0 0.0 0.0 -0.0 0.0 -0.0 -0.0 -0.0 -0.0 -0.0 0.0 -0.0 -0.5614567 -0.0 0.0 -0.0 0.0 -0.0 -0.0 -0.0 -0.0 -0.0 0.0 -0.0 -0.0 0.0 -0.0 0.0
-0.0 -0.0 0.0 0.0 0.0 0.0 -0.0 -0.0 0.0 0.0 0.0 0.0 0.0 -0.0 0.59533197 -0.0 -0.3169533 0.0 0.0 0.0 0.0 -0.11911699 -0.0 -0.13161609 -0.0 -0.15136513 -0.0 0.0 0.0 -0.0 0.0 0.0 0.23271702 0.3673012 0.0 0.0 -0.0 -0.0 0.0 0.0 0.0 -0.0 -0.0 -0.0 0.44316933 -0.0 0.23622163 -0.0 -0.0 -0.32413423 0.0 0.0 -0.0 0.0 -0.0 0.0 -0.0 0.18325044 0.0 -0.27236325 0.0 -0.0 0.0 0.0
0.0 0.0 -0.0 -0.0 0.0 0.0 0.0 -0.41439652 -0.0 0.0 -0.0 -0.0 0.0 0.0 0.0 0.19638808 0.0 0.0 0.0 0.15474644 -0.0 -0.0 -0.0 0.0 -0.0 -0.0 -0.1914392 0.0 0.0 0.0 -0.0 -0.0 0.0 -0.0 0.0 0.0 -0.0 -0.0 0.29474378 0.0 0.0 -0.0 -0.0 -0.0 0.0 -0.0 0.0 -0.0 0.0 0.0 0.0 -0.0 0.0 -0.0 0.0 -0.0 -0.0 0.48572344 0.0 -0.0 0.0 0.0 0.0 -0.0
0.0 -0.0 0.0 -0.0 -0.0 -0.0 -0.0 -0.0 -0.0 0.0 0.0 0.0 0.22270568 -0.0 0.0 -0.0 -0.0 -0.0 -0.0 0.0 -0.0 0.0 0.0 -0.0 0.0 0.12171949 -0.0 0.0 -0.0 0.26323405 0.0 -0.0 -0.0 -0.0 -0.0 0.0 -0.0 -0.0 -0.3098559 -0.0 0.0 -0.0 0.0 -0.0 0.0 0.0 0.0 0.0 0.0 0.0 -0.0 -0.0 0.0 0.0 -0.0 0.0 0.0 0.31695154 -0.0 0.30759025 -0.0 -0.0 0.0 0.0
0.0 0.0 -0.34741852 0.0 -0.0 -0.33351582 -0.0 -0.38966396 0.0 0.0 0.0 0.0 0.0 -0.0 -0.0 0.28856376 0.0 -0.0 0.0 0.0 -0.0 -0.0 -0.0 0.0 -0.0 0.0 -0.0 -0.0 -0.0 -0.0 0.0 -0.62212634 -0.0 0.0 0.0 -0.24899195 0.0 0.2379572 0.5073673 -0.0 -0.0 -0.0 -0.0 -0.5804501 0.0 -0.0 0.0 0.0 0.0 -0.28595722 0.0 0.0 0.0 0.0 0.0 -0.0 -0.0 0.0 0.0 0.0 0.0 -0.0 0.0 -0.0
0.0 0.0 0.0 -0.0 -0.0 -0.0 -0.0 0.0 0.0 0.0 0.19599113 -0.0 -0.0 -0.0 0.0 -0.0 -0.0 -0.0 0.0 -0.0 0.0 -0.4515593 0.0 0.0 0.0 0.2932188 0.0 0.0 0.0 -0.0 -0.20489694 -0.0 -0.0 -0.0 0.0 -0.0 -0.0 0.0 -0.3166994 0.0 -0.18088825 -0.0 -0.0 -0.0 0.0 -0.22089455 0.0 0.0 -0.0 0.0 -0.0 -0.27226162 -0.0 -0.0 0.0 0.0 0.0 -0.0 -0.0 0.37355775 -0.0 0.0 0.0 -0.2990506
0.0 -0.0 0.0 -0.0 0.0 0.0 -0.0 0.0 0.0 -0.0 0.0 0.0 -0.0 0.0 0.0 0.0 -0.0 0.0 0.0 0.0 0.0 0.64315635 0.0 0.0 -0.0 0.3503457 0.0 0.0 0.0 -0.0 0.0 0.0 0.299865 -0.0 -0.0 0.0 0.0 0.0 -0.35183275 0.0 0.27942535 -0.0 0.0 0.34267855 -0.0 -0.0 0.0 -0.0 0.0 0.0 0.0 0.0 0.0 0.0 -0.0 0.0 0.0 0.0 0.0 0.0 -0.0 0.0 0.0 0.0
0.0 -0.0 0.0 0.0 0.0 0.0 -0.0 0.0 0.0 0.0 0.0 0.0 -0.0 0.0 -0.0 -0.0 -0.0 0.0 0.0 -0.0 -0.0 0.0 -0.0 0.0 0.0 0.23076777 0.0 0.0 -0.0 0.0 -0.0 -0.0 -0.0 0.0 0.0 -0.0 0.0 0.0 -0.19458604 -0.0 0.0 -0.0 -0.0 0.0 0.0 0.0 0.0 0.0 0.0 0.2656503 0.0 -0.0 0.0 0.0 0.0 -0.0 0.0 0.0 -0.0 0.0 0.0 0.0 0.0 0.0
-0.0 -0.0 0.0 0.0 0.0 -0.0 0.0 0.0 -0.0 0.0 -0.0 -0.0 0.0 0.0 0.0 -0.0 0.0 -0.0 -0.0 -0.0 0.0 0.0 0.0 0.0 -0.0 0.0 0.0 0.0 -0.0 -0.0 -0.0 -0.0 -0.0 0.0 -0.0 0.0 -0.0 0.0 -0.0 0.0 0.0 -0.0 0.0 -0.0 0.0 -0.0 -0.0 -0.0 -0.0 0.0 0.0 -0.0 -0.0 0.0 0.0 -0.0 -0.0 0.0 -0.0 0.0 -0.0 -0.0 0.0 -0.0
-0.0 0.0 0.0 0.0 -0.0 0.0 0.0 -0.0 0.0 0.31813884 -0.0 0.0 -0.0 -0.0 0.0 -0.0 -0.0 -0.0 -0.0 -0.0 0.0 -0.0 -0.0 -0.0 -0.0 0.30780238 -0.0 -0.0 -0.0 -0.0 -0.0 0.0 -0.16123752 -0.0 -0.0 0.0 0.0 0.0 -0.40896535 0.0 -0.0 -0.0 -0.0 -0.0 0.0 0.0 0.0 -0.0 0.0 0.0 -0.0 0.0 -0.0 -0.0 0.0 0.0 -0.0 0.11504357 -0.0 0.0 -0.0 0.0 -0.0 -0.0
-0.0 0.0 -0.0 0.0 0.0 0.0 -0.0 0.0 -0.0 0.0 -0.0 0.0 0.0 -0.0 0.0 -0.0 0.0 0.0 -0.0 0.0 -0.0 0.0 0.0 -0.0 0.0 0.0 -0.0 0.0 -0.0 0.0 0.0 -0.0 -0.0 -0.0 -0.0 0.0 -0.0 0.0 -0.0 -0.0 -0.0 -0.0 -0.0 0.0 -0.0 -0.0 0.0 -0.0 -0.0 0.0 0.0 0.0 0.0 -0.0 -0.0 -0.0 -0.0 0.0 -0.0 0.0 -0.0 -0.0 0.0 0.0
-0.0 0.21086642 -0.17130798 -0.40513018 -0.0 -0.11684693 -0.0 -0.2912132 -0.25274226 0.26373637 0.0 -0.0 0.0 -0.26542577 -0.0 0.0 0.19846874 -0.0 -0.0 0.1968409 -0.29448023 0.0 -0.0 0.0 0.41378203 0.0 0.0 -0.0 -0.0 0.0 0.0 -0.0 -0.15944839 -0.1778149 0.0 -0.121549934 0.0 0.11571545 0.0 0.20018584 -0.0 -0.0 -0.0 -0.0 0.0 0.0 -0.0 -0.0 -0.0 0.2393593 0.0 0.0 -0.40306005 -0.41046664 -0.0 -0.0 -0.0 0.0 -0.0 0.22800457 0.111546166 0.18662721 0.0 0.0
-0.0 0.0 -0.0 -0.0 0.0 0.0 -0.0 -0.0 0.0 0.0 -0.0 -0.0 0.0 -0.0 0.0 -0.0 -0.0 -0.0 0.0 0.0 0.0 -0.0 -0.0 -0.0 0.0 -0.0 -0.0 -0.0 0.0 0.0 0.0 0.0 0.0 -0.0 -0.0 0.0 -0.0 -0.0 0.0 -0.0 0.0 -0.0 -0.0 -0.0 0.0 0.0 0.0 0.0 0.0 -0.0 0.0 -0.0 -0.0 -0.0 -0.0 0.0 -0.0 0.0 0.0 0.0 0.0 -0.0 -0.0 0.0
