56 56 64 256 1 0 1 1
0.0 -0.0 0.0 -0.056928534 -0.09912603 0.0 -0.0 0.0 -0.0 0.0 -0.0 -0.0 0.0 -0.0 0.0 0.0 0.0 0.0 0.0 -0.0 -0.0 -0.0 0.0 0.0 0.18670724 0.0 -0.0 -0.0 0.0 -0.0 0.2650021 0.0 -0.0 -0.0 -0.0 0.0 0.0 0.23459014 0.0 0.0 0.0 -0.0 0.0 0.0 -0.0 -0.0 -0.0 0.0 0.0 0.23765582 0.0 -0.0 -0.0 0.0 -0.0 -0.0 -0.0 0.0 -0.0 -0.0 0.0 -0.0 -0.0 -0.0
0.0 -0.0 0.0 -0.0 0.0 0.0 0.0 0.0 0.0 -0.0 -0.0 -0.0 0.0 -0.0 0.0 0.09741 -0.0 -0.0 -0.0 -0.0 0.0 -0.0 0.0 -0.0 0.0 -0.0 -0.0 -0.0 -0.0 -0.0 -0.0 0.0 -0.0 0.0 0.0 0.0 0.17107244 0.0 -0.0 -0.0 -0.0 -0.0 -0.0 -0.0 -0.0 0.0 0.0 0.0 0.0 0.0 -0.0 0.0 -0.0 -0.0 -0.0 0.0 -0.0 0.0 -0.0 0.0 0.0 -0.0 -0.0 -0.079278596
0.0 -0.0 -0.0 0.0 0.0 -0.0 0.0 -0.0 0.0 -0.0 0.0 -0.0 -0.0 -0.0 -0.0 -0.0 -0.0 -0.0 -0.0 -0.0 0.0 -0.0 0.0 -0.0 0.0 -0.0 0.0 -0.0 0.0 -0.0 -0.0 -0.0 -0.0 -0.0 0.0 0.0 0.0 0.0 0.0 0.0 0.0 -0.0 0.0 -0.0 -0.0 0.0 0.0 0.0 -0.0 0.0 0.0 0.0 0.0 -0.0 0.0 -0.0 -0.0 -0.0 -0.0 -0.0 -0.0 -0.0 0.0 0.0
-0.0 0.3501001 0.0 -0.0 0.0 0.17140745 -0.0 -0.0875775 0.0 0.34238982 0.0 -0.0 0.0 0.0 0.0 0.4537777 0.0 -0.20690063 0.0 0.0 -0.29419535 -0.0 -0.0 0.44855964 0.0 0.0 -0.0 0.0 -0.0 0.0 -0.039462376 0.23730415 -0.1335217 -0.0 -0.0 -0.3107966 -0.0 -0.18120782 0.0 -0.0 0.0 -0.0 0.0 -0.0 0.0 0.0 0.0 -0.0 -0.29142764 -0.0 0.0 0.0 -0.0 -0.0 0.2655472 -0.0 -0.0 0.0 0.0 0.0 0.0 0.0 -0.0 0.0
0.73875976 0.0 0.0 0.18795356 0.0 -0.0 -0.0 0.0 0.0 -0.0 0.0 -0.0 -0.0 -0.0 -0.0 -0.0 -0.0 -0.0 0.0 0.0 0.0 0.0 -0.0 -0.0 0.0 -0.0 -0.0 -0.0 0.0 -0.0 0.0 0.0 0.2715012 -0.0 0.0 0.0 0.0 0.31050515 -0.0 -0.0 0.36373892 0.0 0.0 -0.0 0.0 0.0 0.0 -0.0 -0.0 0.26110995 0.0 0.0 0.0 0.0 0.0 -0.0 -0.0 -0.0 0.0 0.0 0.0 0.0 -0.0 -0.0
0.0 -0.0 0.0 0.0 -0.0 0.1505026 -0.0 0.0 -0.0 0.0 0.0 0.0 -0.14805725 -0.0 0.0 -0.0 -0.0 0.088008404 -0.0 0.1604459 0.0 0.104479216 0.0 -0.0 0.16505659 0.0 -0.0 0.0 -0.05000885 -0.0 -0.0 -0.0 -0.0 0.0 -0.0 -0.0 -0.0 0.0 0.0 -0.0 0.0 -0.0 0.0 -0.08120575 -0.0 0.0 -0.0 -0.0 0.0 -0.0 0.0 0.0 -0.0 -0.0 -0.0 0.22745864 0.0 0.13172115 -0.0 0.0 0.0 0.0 0.0 -0.0
0.0 0.0 0.0 -0.0 -0.0 -0.3245316 0.0 0.0 0.0 0.0 0.0 0.0 -0.36877576 0.0 -0.0 0.0 -0.0 -0.0 0.0 -0.0 0.0 -0.0 -0.0 0.0 0.0 -0.0 -0.0 -0.0 -0.0 -0.0 -0.0 0.0 0.0 -0.0 -0.0 -0.0 -0.0 -0.0 -0.2984114 -0.0 -0.42109767 -0.0 -0.0 -0.0 0.0 0.0 0.0 0.0 -0.0 0.0 0.0 1.0473536 -0.0 0.0 -0.0 0.0 -0.0 -0.0 0.8967653 -0.45074978 0.0 -0.0 0.0 0.0
0.0 0.0 0.0 -0.0 -0.0 0.0 -0.0 0.0 -0.0 -0.0 -0.0 0.0 -0.0 0.0 0.0 -0.0 0.0 0.0 0.0 0.0 0.0 -0.0 -0.0 -0.0 0.0 0.0 -0.0 -0.0 0.0 -0.0 0.0 -0.0 -0.0 -0.0 0.025048096 0.0 -0.0 0.0 0.0 -0.0 -0.0 -0.0 -0.0 0.0 0.0 0.0 -0.0 0.0 0.0 0.0 -0.0 -0.0 -0.0 -0.0 -0.0 0.0 -0.0 -0.0 -0.0 0.0 -0.0 0.0 -0.0 -0.0
-0.0 0.0 -0.0 0.0 0.0 0.0 -0.0 -0.0 -0.0 -0.0 0.0 -0.0 0.0 -0.0 0.0 -0.0 -0.0 0.0 0.0 -0.0 0.0 -0.0 -0.0 -0.0 -0.0 -0.0 0.0 0.0 0.0 0.0 -0.20438465 -0.0 0.12924935 -0.0 -0.0 0.0 -0.16824175 0.0 -0.0 -0.0 0.0969516 0.0 -0.0 -0.0 0.0 0.0 0.0 -0.0 -0.0 -0.07400341 0.0 -0.0 -0.0 0.0 0.0 -0.0 0.0 0.0 0.0 -0.0 -0.0 0.0 -0.0 0.0
-0.0 -0.0 0.0 -0.31183586 -0.0 0.0 0.0 0.0 -0.090029456 -0.0 0.0 -0.0 0.0 -0.0 0.0 0.28547087 -0.0 0.0 -0.0 0.0 -0.29234824 -0.14129135 -0.0 0.0 0.19662252 -0.0 -0.24050939 -0.0 -0.0 0.0 -0.0 -0.0 0.0 0.0 -0.0 0.13041255 0.23534939 -0.0 0.0 -0.0 0.0 -0.0 0.0 -0.0 0.0 -0.0 -0.0 -0.0 -0.23495035 0.22117692 0.0 0.0 -0.0 -0.0 -0.06745574 0.0 -0.06653399 -0.2667688 0.0 -0.0 0.0 -0.17643355 0.0 -0.0
-0.0 0.0 -0.0 -0.0 -0.0 0.0 -0.0 0.0 -0.0 -0.0 -0.040960047 -0.0 0.0 -0.0 0.0 0.0 0.0 0.0 0.0 -0.0 0.0 0.0 -0.0 -0.0 0.0 -0.0 -0.0 0.0 0.0 0.0 -0.0 -0.0 0.0 0.0 -0.0 0.0 0.0 -0.0 0.0 -0.0 0.0 -0.0 0.0 0.057943925 -0.0 0.0 -0.0 -0.0 -0.0 -0.0 0.0 -0.0 0.0 0.05239183 -0.0 -0.0 -0.0 0.0 -0.0 -0.0 0.03936133 -0.0 -0.0 0.0
0.0 -0.0 -0.0 0.20024306 -0.11926919 0.0 -0.0 0.16618302 0.0 0.0 0.21703045 0.0 -0.0 0.0 0.08433871 0.0 0.2695154 0.0 0.0 0.0 0.31708553 0.0 0.0 -0.0 0.0 -0.0 0.0 0.0 -0.0 0.0 -0.13068855 0.0 -0.0 0.10395484 0.0 0.0 0.0 0.19192417 -0.0 -0.0 0.0 0.0 0.0 0.0 0.0 0.0 0.0 -0.0 -0.0 0.0 0.0 0.0 -0.0 0.0 0.0 0.0 -0.0 -0.0 0.0 -0.0 0.2578671 0.0 0.0 0.0
-0.0 0.0 -0.0 -0.0 -0.0 -0.0 -0.0 0.0 -0.0 0.0 0.0 -0.0 -0.0 -0.0 -0.0 -0.0 0.0 0.0 -0.0 -0.0 0.0 0.0 0.0 -0.0 -0.0 0.0 -0.0 -0.0 0.12674397 0.0 -0.0 -0.0 0.0 0.0 0.0 0.0 -0.0 0.0 -0.0 0.0 -0.0 0.0 -0.0 -0.0 -0.0 -0.0 -0.0 -0.0 -0.0 0.0 0.0 -0.0 -0.0 -0.0 -0.0 0.0 -0.0 0.0 -0.0 0.0 -0.0 -0.0 0.0 0.0
-0.0 -0.0 -0.0 0.11156783 -0.2533398 0.0 -0.0 -0.0 -0.0 0.17730749 0.0 -0.0 -0.0 -0.0 -0.0 0.0 0.0 0.35983318 0.0 0.0 0.0 0.0 -0.0 -0.0 0.0 0.0 0.0 0.0 -0.0 0.0 -0.0 -0.31707674 0.30393806 -0.0 0.0 -0.0 0.0 -0.0 -0.0 -0.2559894 0.0 0.0 0.12415067 -0.4017725 0.3003431 0.46128732 -0.0 -0.0 -0.0 -0.19854335 0.0 0.0 0.0 -0.0 -0.33577424 -0.0 -0.21412186 0.0 0.18896173 -0.0 0.0 -0.0 0.0 0.3347038
-0.0 0.0 0.0 0.0 0.0 -0.0 0.0 -0.07485035 -0.0 0.0 0.0 0.0 0.0 -0.0 -0.0 0.35235962 -0.0 -0.0 -0.0 0.0 0.0 -0.0 -0.0 0.0 -0.0 -0.0 0.0 0.41358075 -0.0 -0.0 0.0 -0.0 0.0 -0.0 -0.0 -0.0 -0.0 -0.0 -1.008782 -0.0 0.0 0.0 -0.0 -0.0 0.0 0.0 -0.0 0.0 0.0 -0.0 -0.0 -0.0 0.0 -0.0 0.0 0.0 -0.0 -0.0 -0.0 1.3929336 0.0 0.0 -0.0 0.0
0.0 0.0 -0.0 -0.0 0.0 0.0 0.0 0.0 -0.0 -0.0 -0.0 -0.0 0.0 -0.0 -0.0 0.0 -0.0 -0.0 -0.0 0.0 -0.0 0.0 0.0 -0.0 0.0 -0.0 0.0 -0.0 -0.0 -0.0 -0.0 0.0 -0.0 0.0 -0.0 0.0 -0.0 0.0 0.0 -0.0 -0.0 -0.0 -0.0 -0.0 -0.0 -0.0 -0.0 -0.0 0.0 -0.0 0.0 0.0 0.0 0.0 -0.0 -0.0 0.0 -0.0 0.0 -0.0 0.0 -0.0 -0.0 -0.0
0.0 0.0 -0.0 -0.0 -0.0 -0.0 -0.0 0.0 -0.0 0.0 0.0 0.0 0.0 0.0 0.0 0.0 0.0 -0.0 0.0 -0.0 0.0 0.0 0.0 0.0 0.0 0.0 -0.0 -0.0 -0.0 -0.0 0.0 -0.0 -0.0 -0.0 -0.0 0.0 0.0 0.0 -0.0 -0.0 0.0 0.0 0.0 -0.0 0.0 0.0 0.0 0.0 -0.0 0.0 -0.0 0.0 -0.0 0.0 -0.0 0.0 -0.0 0.0 -0.0 -0.0 0.0 0.0 0.0 0.0
0.0 0.23005605 0.0 0.0 0.0 -0.0 -0.0 0.0 0.0 0.0 -0.0 0.0 0.0 0.0 0.0 -0.13409491 0.0 -0.0 -0.0 -0.0 -0.0 0.0 0.0 -0.0 -0.0 -0.0 0.0 -0.13006395 0.14869267 -0.0 -0.0 -0.0 0.0 -0.0 0.0 0.0 0.0 -0.0 -0.0 0.0 0.0 -0.0 -0.0 0.0 -0.0 -0.0 0.24899535 0.0 -0.0 -0.0 0.0 0.0 -0.0 0.0 0.16446911 0.0 -0.0 -0.0 0.0 -0.0 -0.0 0.0 -0.0 0.0
0.0 -0.0 -0.33499873 -0.28947082 -0.22225177 -0.0 -0.0 0.0 0.0 0.0 -0.0 0.13511373 -0.0 -0.14990237 -0.0 -0.0 0.0 0.0 0.0 -0.29565144 0.0 0.0 -0.0 0.7451991 0.0 -0.0 -0.017732264 0.0 -0.0 0.0 -0.0 0.0 0.0 0.0 0.0 0.0 0.0 -0.0 0.0 0.0 -0.0 -0.0 -0.0 -0.10520105 -0.0 0.0 0.0 0.0 -0.0 0.1985887 0.0 0.0 0.08145751 0.14613067 0.0 -0.3286446 0.0 -0.0 0.0 -0.0 -0.0 -0.21223664 -0.0 -0.0
0.0 0.1675887 -0.0 0.14016724 0.0 -0.0 -0.28376648 0.0 0.0 -0.14367692 0.0 -0.2269711 0.44699088 0.0 0.0 -0.0 0.0 -0.23281233 -0.0 -0.0 0.0 0.0 -0.13096456 -0.0 0.18480179 -0.20424692 0.0 -0.0 -0.2233286 0.0 -0.242104 0.0 0.12970555 0.0 0.0 0.0 0.0 -0.0 0.0 0.0 0.0 0.0 -0.2564395 0.29192287 -0.0 -0.21096654 -0.15278141 0.0 -0.0 -0.0 0.0 0.0 -0.0 -0.15541162 -0.15806599 -0.0 -0.0 -0.13465562 0.25653145 0.0 -0.19594689 -0.21326843 -0.0 0.0
0.0 0.0 -0.0 0.0 -0.0 -0.0 -0.0 0.0 -0.0 -0.0 0.0 -0.12810655 0.0 0.0 0.0 -0.0 0.0 -0.0 -0.0 -0.0 0.0 0.0 -0.060754914 -0.0 0.0 0.0 -0.0 -0.0 0.0 0.0 -0.0 -0.0 0.0 0.0 -0.0 -0.0 -0.0 -0.0 -0.0 -0.0 0.0 0.0 -0.0 -0.0 0.0 -0.0 -0.0 0.0 0.0 -0.0 -0.0 0.0 -0.0 -0.0 0.0 0.0 0.0 -0.09694102 0.0 -0.0 0.0 -0.0 0.0 -0.0
-0.0 0.0 -0.0 0.0 0.0 -0.0 0.0 0.0 -0.0 -0.0 -0.0 -0.18126558 0.0 -0.0 -0.0 0.0 -0.0 -0.0 -0.0 -0.1437575 -0.12593889 0.0 -0.0 0.0 0.0 0.0 -0.0 0.0 -0.0 0.0 -0.07964744 -0.0 0.13465278 0.0 -0.0 -0.0 -0.0 -0.0 -0.0 0.0 -0.0 0.0 -0.14167415 0.13954267 0.0 -0.0 -0.0 0.0 0.0 -0.0 0.0 0.0 -0.0 -0.17730826 -0.0 -0.0 0.0 0.0 0.0 -0.0 0.0 0.0 0.0 -0.0
0.0 0.0 0.0 0.0 0.0 -0.0 -0.0 -0.0 -0.0 -0.0 0.0 -0.0 0.0 -0.0 0.0 0.0 -0.0 -0.0 -0.0 -0.0 0.0 -0.0 0.0 0.0 -0.0 -0.0 0.0 0.0 -0.0 -0.0 0.0 -0.0 0.0 0.0 0.0 0.0 -0.0 0.0 -0.0 -0.0 0.0 0.0 -0.0 0.0 -0.0 -0.0 -0.0 0.0 -0.0 0.0 0.0 0.0 0.0 0.0 -0.0 0.0 0.0 -0.0 -0.0 0.0 -0.0 -0.0 0.0 0.0
0.0 0.0 -0.0 0.0 -0.0 -0.0 -0.0 -0.0 -0.0 0.0 0.0 0.0 -0.0 -0.0 -0.0 -0.0 -0.0 -0.0 0.0 0.0 0.0 0.0 0.0 0.0 -0.0 0.0 0.0 -0.0 0.0 -0.0 0.0 -0.0 -0.0 0.0 -0.0 0.0 -0.0 0.0 0.0 -0.0 -0.0 0.0 0.0 -0.0 -0.0 -0.0 -0.0 -0.0 0.0 0.0 0.0 -0.0 -0.0 -0.0 0.0 0.0 -0.0 -0.0 -0.0 0.0 0.0 -0.0 -0.0 -0.0
-0.0 -0.0 -0.0 -0.0 -0.0 0.1342558 0.0 -0.0 0.0 -0.0 -0.0 -0.0 0.0 -0.0 0.0 -0.0 0.0 -0.0 0.0 -0.0 0.21876235 -0.0 -0.0 -0.0 0.18363708 -0.15509349 0.0 0.0 0.0 0.0 -0.0 -0.0 -0.0 0.0 0.1426146 -0.0 0.0 -0.0 -0.0 -0.0 -0.0 -0.0 -0.0 0.0 -0.0 0.0 0.0 -0.0 0.0 0.0 0.0 -0.0 -0.0 -0.0 -0.0 -0.0 -0.0 -0.16809307 -0.0 0.0 -0.18779358 -0.0 0.0 0.0
0.0 0.0 0.0 0.0 -0.0 -0.0 -0.0 0.0 -0.0 0.0 -0.0 -0.0 -0.19610657 0.18998364 0.0 0.33676115 0.0 0.0 0.28131858 -0.18200764 0.0 0.0 0.0 -0.0 0.0 -0.0 0.0 0.0 -0.0 -0.0 -0.0 -0.0 -0.0 0.0 -0.22026373 -0.0 -0.0 -0.0 -0.0 -0.0 -0.0 0.0 0.0 -0.0 -0.0 -0.0 -0.0 -0.0 0.0 -0.0 0.0 0.0 -0.21131116 -0.0 -0.0 -0.0 -0.0 -0.0 -0.0 -0.0 -0.23331293 -0.0 0.0 -0.0
-0.0 0.0 0.0 0.0 -0.0 -0.0 -0.0 0.0 0.0 0.0 0.0 0.0 -0.0 0.0 -0.0 -0.0 0.0 -0.0 0.0 -0.0 -0.0 0.0 0.0 0.0 -0.0 0.0 0.0 -0.0 0.0 -0.0 0.0 -0.0 -0.0 0.0 0.0 0.0 -0.0 -0.09983072 0.0 0.0 -0.0 0.0 0.0 0.0 0.0 0.0 -0.0 -0.0 -0.0 0.0 -0.0 0.0 -0.0 0.0 0.0 0.0 0.0 0.0 0.0 -0.0 -0.0 0.0 0.0 -0.0
0.0 0.0 0.45067048 0.0 0.6433815 -0.0 0.0 -0.0 0.0 -0.40518147 -0.0 -0.0 0.17746815 0.45626667 0.26308772 -0.0 -0.29159722 0.0 -0.26817378 0.5130137 0.0 -0.0 -0.0 -0.0 0.0 0.0 -0.0 0.0 0.0 -0.0 0.18394071 -0.0 0.0 0.0 -0.0 -0.0 -0.0 0.0 0.0 -0.29723725 0.0 -0.0 0.15257162 0.23357299 -0.0 0.0 0.0 0.0 -0.0 -0.0 -0.0 -0.0 0.10452909 -0.0 0.0 -0.0 0.4153078 -0.35349983 -0.0 0.0 0.2999331 -0.20503306 -0.17047255 -0.0
0.0 -0.0 0.0 0.0 -0.0 -0.0 -0.0 0.0 0.0 -0.14098668 -0.0 0.15218186 -0.0 -0.1626675 0.0 -0.0 -0.0 -0.0 -0.3932556 0.33389184 0.0 0.0 0.0 0.0 -0.0 -0.0 0.0 -0.0 -0.0 0.0 -0.0 0.20169193 -0.18634462 0.0 0.16946603 -0.0 -0.0 0.0 0.0 0.28155765 0.0 -0.0 0.0 -0.0 -0.0 -0.0 -0.0 0.0 0.0 -0.0 0.0 -0.0 -0.0 -0.0 -0.0 0.0 -0.0 0.0 -0.0 0.0 0.0 -0.0 -0.0 -0.0
0.0 0.0 0.0 -0.0 -0.0 -0.0 0.0 0.0 -0.19617441 -0.0 -0.0 -0.0 -0.13955839 -0.0 0.0 -0.0 -0.0 0.0 -0.0 -0.0 0.0 0.0 -0.0 -0.0 -0.0 0.0 -0.26866573 -0.0 0.0 -0.0 0.0 -0.0 -0.0 0.0 -0.0 0.0 -0.0 0.0 -0.0 -0.0 -0.0 -0.0 -0.0 -0.0 -0.0 -0.0 -0.10094891 0.0 -0.0 -0.0 -0.0 0.3079141 -0.0 -0.0 -0.0 0.0 -0.0 -0.0 -0.27965298 -0.0 -0.0 0.0 0.0 -0.0
0.0 -0.0 0.0 0.0 0.0 0.0 -0.0 0.0 0.0 -0.0 0.0 -0.0 -0.0 -0.0 0.0 -0.0 -0.0 -0.23152803 -0.0 0.0 0.0 -0.14100197 0.0 0.20461068 -0.0 0.0 -0.0 -0.0 -0.0 0.0 -0.0 0.0 -0.0 0.0 0.0 0.0 0.0 0.0 -0.0 -0.0 -0.0 -0.0 -0.0 -0.0 -0.0 -0.0 -0.0 0.0 0.0 0.0 0.0 0.0 -0.0 -0.0 -0.0 0.0 -0.0 -0.0 -0.0 0.0 -0.0 -0.0 0.0 -0.0
0.0 0.0 0.0 0.0 0.0 -0.0 0.0 -0.0 0.0 0.0 -0.0 0.0 0.0 0.0 -0.0 0.0 0.0 -0.0 -0.0 -0.0 0.0 -0.0 0.0 0.0 -0.0 -0.0 0.0 0.0 -0.0 0.0 0.0 0.0 -0.0 0.0 0.0 -0.0 -0.0 -0.0 0.0 -0.0 0.0 0.0 0.0 -0.0 -0.0 0.0 0.0 0.0 -0.0 0.0 -0.0 0.0 0.0 -0.0 -0.0 -0.0 -0.0 -0.0 -0.0 0.0 -0.0 0.0 -0.0 -0.0
0.0 -0.0 -0.0 0.0 -0.0 -0.0 0.0 -0.15844792 -0.0 0.4814527 -0.0 -0.15881692 0.0 -0.0 -0.0 -0.37172762 0.18507698 -0.0 0.0 -0.15776701 0.31947696 0.21134505 -0.0 0.0 -0.24598643 -0.0 -0.0 -0.0 -0.0 -0.0 0.0 0.04980126 -0.09522277 0.17319031 -0.0 -0.18616848 -0.0 -0.0 -0.0 0.14689556 0.0 -0.0 -0.0 0.0 0.0 -0.2335243 -0.0 -0.0 -0.0 -0.0 -0.0 0.0 0.0 0.17385377 0.0 -0.0926568 0.0 0.0 0.0 0.0 0.14878589 0.0 0.0 0.0
0.0 -0.0 0.0 0.0 0.14602938 0.17450605 0.0 -0.0 0.0 -0.0 -0.0 0.0 -0.0 0.0 0.0 0.0 -0.0 0.0 -0.0 -0.0 0.0 -0.11712851 0.0 0.13123906 -0.16677412 0.0 -0.0 -0.0 0.0 -0.0 0.0 0.0 -0.19137914 -0.0 -0.0 0.0 -0.0 0.0 0.0 0.0 0.0 -0.0 0.0 0.0851617 0.0 -0.0 0.0 -0.0 0.0 -0.0 -0.0 -0.0 -0.0 0.0 0.0 0.0 0.14559026 0.0 -0.0 0.0 0.2886101 0.0 -0.0 0.0
0.0 0.13748017 0.0 0.0 0.0 0.24122429 0.0 -0.0 0.0 0.0 -0.0 0.0 -0.0 0.0 0.0 -0.0 -0.0 -0.0 0.0 -0.0 -0.0 -0.0 -0.0 0.0 -0.0 0.0 -0.0 -0.0 -0.0 0.0 -0.0 0.0 0.0 -0.0 0.0 0.0 0.0 0.0 0.13379632 0.0 -0.0 0.0 -0.0 0.0 -0.0 -0.0 0.0 0.0 -0.0 -0.0 -0.0 -0.0 0.0 -0.11483652 0.0 -0.0 -0.0 -0.12373984 0.0 0.17693265 0.0 -0.0 -0.0 -0.0
0.0 -0.082002945 0.0 0.072626255 -0.0 -0.0 -0.0 0.0 -0.05574671 0.0 -0.0 0.0 -0.0 -0.0 -0.0 0.0 -0.22450094 0.0 0.0 -0.0 0.038255267 0.0 -0.0 -0.0 -0.0 0.0 0.0 0.0 -0.0 0.0 -0.0 -0.0 0.11205335 0.0 -0.17812063 0.0 -0.0 0.0 -0.0 -0.0 -0.0 0.0 0.0 -0.0 -0.0 -0.0 0.0 -0.0 -0.0 0.0 0.0 -0.0 -0.10271857 0.0 0.0 -0.0 -0.0 -0.12540007 -0.0 -0.0 -0.10635489 -0.0 0.0 -0.0
0.0 -0.0 -0.0 -0.0 -0.0 0.20351218 -0.0 -0.0 0.23549758 0.0 -0.0 0.0 0.11924209 -0.0 0.0 0.0 0.0 -0.0 0.0 0.0 0.0 -0.0 0.0 -0.0 0.0 0.0 -0.0 0.0 -0.0 0.0 -0.0 0.0 0.0 0.0 0.0 -0.0 -0.0 -0.0 -0.0 -0.0 0.0 -0.0 0.0 -0.02329287 0.32792965 0.20554827 -0.0 -0.0 -0.0 0.0 -0.0 0.0 0.0 -0.0 -0.121086724 -0.0 0.0 0.0 -0.0 -0.0 -0.0 -0.0 0.28942797 0.39375845
-0.0 -0.0 -0.0 0.0 -0.0 -0.0 -0.0 0.13668713 -0.1269299 -0.0 -0.09319367 0.0 0.0 -0.0 0.0 0.0 0.0 0.0 -0.0 0.0 -0.0 0.0 0.0 -0.0 -0.0 -0.0 -0.0 0.018293016 -0.0 0.0 -0.090550624 0.0 -0.0 0.0 -0.0 0.13545421 0.0 -0.0 0.0 -0.0 0.0 0.0 0.11603359 0.0 -0.0 -0.0 -0.065629326 -0.0 0.0 -0.0 0.23252952 0.0 -0.0 0.0 -0.0 -0.18160293 -0.0 0.0 -0.0 -0.0 0.0 -0.0 0.0 0.0
0.0 -0.36857706 -0.0 -0.0 0.0 -0.0 -0.0 -0.0 0.0 0.0 0.0 -0.0 -0.2278279 0.0 -0.0 -0.0 0.0 -0.0 -0.0 -0.0 0.0 -0.0 -0.0 0.5870463 -0.0 0.0 -0.0 0.0 -0.0 -0.0 -0.078434 -0.0 -0.0 -0.0 0.26307878 -0.0 -0.0 0.0 0.0 -0.0 -0.0 0.0 0.0 -0.0 0.0 0.0 0.0 0.0 -0.0 -0.0 -0.0 0.0 0.0 0.0 -0.0 -0.0 -0.0 -0.0 -0.0 -0.0 -0.0 0.0 -0.0 0.0030255853
-0.0 0.0 0.0 0.0 -0.0 0.0 0.0 -0.0 -0.0 -0.0 0.0 0.0 0.0 0.0 0.0 -0.0 0.0 0.0 0.0 -0.0 -0.0 -0.0 -0.0 -0.0 -0.0 0.0 0.0 0.0 -0.0 -0.0 0.0 0.0 -0.0 0.0 0.0 -0.0 0.0 -0.0 0.0 0.0 0.0 0.0 -0.0 -0.0 0.0 -0.0 0.0 -0.0 0.0 -0.0 0.0 0.0 -0.0 0.0 0.0 0.0 0.0 -0.0 -0.0 -0.0 0.0 0.0 0.0 -0.0
-0.0 -0.0 0.0 0.0 -0.0 0.0 0.0 -0.0 -0.0 0.0 0.0 -0.0 0.0 0.0 0.0 0.0 0.0 -0.0 0.0 -0.0 -0.0 -0.0 0.0 -0.0 0.0 -0.0 0.0 -0.0 0.0 0.0 0.0 -0.0 -0.0 0.0 0.0 -0.0 0.0 -0.0 -0.0 0.0 0.0 0.0 0.0 0.0 -0.0 -0.0 -0.0 -0.0 -0.0 -0.0 0.0 -0.0 -0.0 0.0 0.0 0.0 -0.0 -0.0 0.0 0.0 -0.0 -0.0 -0.0 -0.0
0.0 0.0 0.0 -0.0 0.0 0.0 -0.0 0.0 -0.0 -0.0 0.0 0.0 -0.0 0.0 0.0 -0.0 0.0 0.0 0.0 -0.0 0.0 -0.0 0.0 -0.0 0.0 0.0 -0.0 -0.0 0.0 -0.0 0.0 -0.0 -0.0 -0.0 0.0 0.0 -0.0 0.0 0.0 0.0 0.0 -0.0 0.0 -0.0 0.0 0.0 -0.0 0.0 0.0 0.0 -0.0 -0.0 -0.0 0.0 0.0 0.0 -0.0 -0.0 0.0 0.0 0.0 0.0 0.0 -0.0
0.0 0.46352735 0.0 0.0 -0.24737398 -0.20344202 0.0 0.0 -0.20617299 -0.20143777 -0.0 -0.0 -0.0 0.0 -0.0 -0.0 0.0 -0.0 -0.10383644 -0.0 0.0 0.0 0.0 -0.0 -0.0 -0.0 -0.0 -0.25984663 0.0 0.0 -0.0 -0.0 0.0 0.0 0.1851455 0.09003998 -0.0 -0.0 -0.0 -0.0 -0.0 0.0 -0.0 0.23335755 -0.24245791 -0.0 0.2702868 0.23714158 -0.0 -0.0 0.0 -0.0 -0.0 -0.0 0.33504668 0.0 -0.0 -0.0 0.2402097 0.21291979 -0.0 -0.0 -0.0 -0.0
-0.0 -0.0 -0.0 0.0 -0.0 -0.19850497 0.32104987 -0.22659169 0.06567014 -0.0 0.0 -0.13217162 -0.0 -0.0 -0.0 0.0 -0.0 -0.20486534 0.0 0.0 0.0 -0.0 -0.07154407 0.0 -0.0 0.0 -0.0 -0.0 -0.0 -0.0 0.0 -0.0 0.0 0.0 -0.0 -0.09634767 0.0 -0.0 -0.0 0.0 0.0 -0.0 -0.0 -0.1492647 0.0 -0.0 -0.0 0.35901433 -0.0 0.0 -0.0 0.0 -0.0 -0.0 -0.0 -0.0 -0.0 -0.0 -0.0 -0.0 -0.0 -0.0 0.15358779 0.0
0.0 -0.0 0.0 -0.0 0.0 -0.0 0.0 0.0 -0.0 -0.0 0.0 -0.0 0.20165932 0.115191124 -0.0 0.0 0.0 -0.0 -0.0 -0.07213643 0.2299689 0.0 0.0 -0.0 -0.07056413 -0.09474694 0.0 -0.0 0.0 0.0 -0.0 0.0 0.027196193 0.0 -0.0 0.0 0.0 0.10907772 -0.0 0.0 0.0 0.0 0.0 0.1737712 -0.0 -0.084369875 0.0 0.0 -0.0 0.0 0.0 0.0 0.0 0.0 0.0 0.0 -0.0 -0.0 -0.0 0.0 -0.0 0.0 -0.0 0.0
0.0 0.0 0.0 -0.0 0.0 0.0 -0.0 0.0 -0.0 -0.0 -0.0 0.0 -0.0 -0.0 0.0 -0.0 -0.0 0.0 -0.0 -0.0 0.0 0.0 0.0 -0.0 0.0 0.0 0.0 0.0 -0.0 0.0 0.0 0.0 0.0 -0.0 -0.0 0.0 -0.0 0.0 0.0 0.0 0.0 0.0 0.0 -0.0 -0.0 -0.0 -0.0 -0.0 0.0 -0.0 0.0 -0.0 0.0 -0.0 -0.0 0.0 0.0 -0.0 -0.0 -0.0 0.0 0.0 0.0 0.0
0.0 0.0 0.0 -0.0 0.0 -0.0 0.0 0.0 0.0 0.0 -0.0 -0.0 0.0 -0.0 0.0 0.0 0.0 0.0 -0.0 0.0 -0.0 -0.0 -0.0 0.0 0.0 -0.0 0.0 0.0 0.0 -0.0 -0.0 0.0 0.0 -0.0 0.0 -0.0 0.0 -0.0 -0.0 -0.0 0.0 -0.0 0.0 0.0 0.0 0.0 0.0 0.0 -0.0 0.0 -0.0 0.0 0.0 -0.0 0.0 -0.0 -0.0 0.0 -0.0 0.0 -0.0 -0.0 -0.0 0.0
-0.0 0.0 -0.0 -0.0 0.0 0.0 -0.0 -0.0 -0.0 -0.0 0.0 -0.076700285 0.0 -0.0 0.0 0.0 -0.0 -0.0 -0.0 -0.0 0.0 -0.18117298 -0.0 0.0 0.0 -0.0 -0.0 0.0 -0.0 0.0 0.0 -0.0 -0.12778951 0.11102056 -0.0 0.07205062 -0.0 0.0 0.0 -0.0 0.0 -0.0 0.0 0.12947114 -0.0 -0.050780732 -0.0 -0.0 -0.0 0.0 -0.0 -0.0 -0.14476 0.0 -0.0 -0.0 0.0 -0.0 -0.0 0.0 0.0 -0.057355117 0.0 -0.0
-0.0 -0.0 -0.0 -0.0 0.0 0.0 -0.0 -0.0 -0.0 -0.0 -0.0 -0.0 0.0 -0.0 0.0 -0.0 0.0 -0.0 -0.0 -0.0 0.0 -0.0 0.0 0.0 -0.0 0.0 1.2752452 0.0 0.0 0.0 0.0 0.0 -0.0 0.0 0.0 -0.0 -0.0 -0.0 -0.0 -0.0 -0.0 0.0 -0.0 0.0 -0.0 0.0 0.0 0.0 -0.0 -0.0 -0.0 0.0 -0.0 0.0 -0.0 -0.0 0.0 -0.0 -0.0 0.0 0.0 -0.0 0.0 -0.0
0.0 -0.0 -0.0 0.12265914 -0.0 0.0 0.0 -0.0 0.0 0.0 0.0 0.0 -0.0 -0.0 -0.12047475 -0.0 0.0 -0.13460475 -0.0 -0.0 0.124570295 0.2089239 -0.0 0.0 0.0 0.0 0.0 -0.0 -0.12697487 -0.0 0.0 0.0 -0.0 0.0 -0.0 -0.0 -0.0840324 0.0 0.0 -0.0 -0.0 0.0 -0.0 0.0 0.0 -0.0 -0.0 -0.0 0.0 -0.0 0.0 -0.0 -0.17081805 -0.0 -0.0 -0.13500269 0.21562424 -0.0 0.0 -0.0 0.095080145 -0.0 0.0 0.0
0.0 -0.0 -0.0 0.41157642 -0.1724025 -0.22911462 0.0 0.0 -0.0 0.26809686 -0.0 0.13490075 0.0 -0.0 -0.0 0.0 0.0 -0.0 0.23560351 -0.0 0.3780215 0.0 0.33606133 0.0 -0.17190042 0.003426441 0.0 0.0 0.0 0.0 -0.0 0.0 -0.0 0.0 0.0 0.0 0.20455031 0.15207592 -0.0 0.12914218 0.0 0.0 0.0 -0.19548802 -0.0 -0.0 0.0 -0.0 0.100750655 -0.0 0.0 -0.0 0.0 0.0 0.0 0.0 -0.0 0.0 -0.22298053 -0.0 -0.13133454 0.0 -0.0 0.0
-0.0 -0.0 -0.122855015 -0.39498878 -0.37062207 0.3699017 -0.27564827 -0.18492907 0.0 -0.0 -0.0 -0.0 -0.339563 -0.27461776 0.19566403 -0.0 -0.0 0.25896087 -0.27438918 -0.31213146 -0.0 0.0 -0.0 -0.0 0.4664259 0.4643123 0.0 -0.0 0.0 -0.0 -0.13651823 -0.0 -0.0 0.0 -0.0 -0.0 -0.0 -0.26885185 -0.0 -0.0 -0.0 -0.1391679 -0.25035772 0.0 -0.0 0.34463155 -0.2263579 -0.0 0.0 0.0 -0.0 0.0 0.2672458 -0.0 -0.0 -0.0 -0.0 -0.0 -0.0 0.0 0.0 -0.0 -0.0 -0.16073997
0.0 -0.0 0.0 -0.0 0.0 -0.0 0.0 -0.0 -0.0 0.0 -0.0 -0.0 0.0 -0.0 -0.0 -0.104035445 -0.0 0.0 -0.10098253 -0.0 0.0 0.06330538 -0.109132625 0.0 -0.0 0.0 0.0 -0.0 0.0 -0.0 0.11949022 0.0 0.0 0.08403177 0.0 -0.0 -0.0 -0.0 -0.0 0.0 -0.0 0.0 -0.0 0.0 -0.0 0.0 -0.0 0.0 0.0 -0.0 0.0 0.0 0.17469107 -0.0 0.0 0.12260207 0.169294 -0.0 -0.0 0.0 0.0 -0.0 0.0 0.0
-0.0 0.0 0.0 -0.0 -0.0 0.0 0.0 -0.0 0.0 -0.0 -0.0 -0.0 0.0 -0.0 0.0 0.038101483 0.0 -0.0 -0.0 -0.0 -0.0 0.14455257 0.0 -0.0 0.12368471 -0.0 0.0 -0.0 0.0 -0.0 -0.0 0.0 0.0 -0.0 -0.0 -0.0 -0.0 -0.0 0.0 -0.0 -0.0 -0.0 0.0 -0.0 -0.0 -0.0 0.0 -0.0 -0.0 0.15005943 -0.0 0.0 0.0 0.0 -0.0 -0.0 -0.0 0.0 0.0 -0.0 -0.0 -0.0 0.0 0.0
0.0 0.0 0.0 0.0 -0.0 -0.0 -0.0 -0.0 0.0 0.0 0.0 -0.0 -0.1748967 -0.0 0.0 0.0 0.0 0.0 -0.0 -0.0 0.0 -0.0 0.0 -0.0 0.0 -0.0 -0.0 0.0 -0.0 -0.0 -0.0 -0.0 -0.0 0.0 0.0 0.0 -0.0 0.0 -0.0 -0.0 0.0 0.0 0.0 -0.0 -0.0 -0.0 0.0 -0.0 0.0 0.0 0.0 -0.0 -0.0 -0.0 0.0 -0.0 0.0 -0.0 -0.0 0.0 0.0 0.0 -0.0 -0.0
-0.0 0.0 0.0 -0.0 -0.0 -0.0 -0.0 -0.0 -0.0 -0.0 -0.0 -0.0 -0.0 -0.0 0.0 0.0 -0.0 -0.0 0.0 0.0 0.0 -0.0 -0.0 -0.0 0.0 0.0 -0.5486761 0.0 0.0 0.0 0.0 -0.0 -0.0 0.0 -0.0 -0.0 -0.0 0.0 0.0 0.0 0.0 -0.0 -0.0 0.0 0.0 0.0 -0.0 -0.0 0.96870524 -0.0 0.0 0.0 -0.0 -0.0 0.0 -0.0 -0.0 -0.0 -0.0 0.0 -0.0 -0.0 -0.0 0.0
0.0 -0.0 -0.0 0.0 -0.0 -0.0 -0.0 0.0 -0.0 0.0 0.0 0.0 -0.0 0.0 -0.0 0.0 0.0 0.15721689 0.0 0.0 -0.0 -0.0 0.0 -0.0 -0.0 -0.0 -0.0 0.0 -0.0 -0.0 -0.2973095 0.0 0.16166076 0.0 -0.0 -0.0 0.0 0.0 -0.0 -0.0 -0.0 0.0 0.0 -0.0 0.0 0.0 -0.0 -0.0 -0.0 -0.0 -0.0 -0.0 -0.0 0.0 0.0 0.0 -0.07313433 0.0 -0.0 0.0 0.0 0.0 0.0 0.0
0.0 0.0 -0.0 0.0 0.0 -0.0 -0.0 -0.0 -0.0 -0.0 -0.0 -0.06011686 0.0 -0.0 0.0 0.3384403 -0.0 -0.0 -0.0 0.0 0.0 -0.0 -0.0 -0.0 0.0 0.0 0.0 -0.0 -0.0 0.0 -0.2529902 -0.0 0.21042016 0.0 0.0 -0.0 -0.097091414 -0.10049945 0.0 -0.0 0.0 0.0 -0.0 0.0 0.0 0.0 0.0 -0.0 -0.0 -0.0 -0.0 0.0 -0.0 0.0 0.0 -0.0 0.0 -0.0 0.0 0.0 0.0 -0.0 0.0 0.0
0.0 0.0 0.0 -0.0 0.0 -0.0 0.0 -0.0 -0.0 0.0 -0.0 -0.0 0.0 -0.0 -0.0 0.0 0.0 -0.0 0.0 -0.0 0.0 0.0 0.0 -0.0 -0.0 0.0 -0.0 0.0 -0.0 -0.0 -0.0 -0.0 0.0 0.0 -0.0 -0.0 0.0 0.0 0.0 0.0 0.0 -0.0 -0.0 -0.0 -0.0 0.0 -0.0 -0.0 -0.0 0.0 0.0 -0.0 -0.0 -0.0 0.0 0.0 0.0 0.0 -0.0 -0.0 0.0 -0.0 0.0 -0.0
-0.0 0.291251 0.0 -0.0 -0.0 -0.0 -0.0 0.07670751 0.0 -0.0 -0.0 0.0 0.0 0.0 -0.0 -0.0 0.0 -0.0 -0.0 -0.0 0.0 0.0 0.0 0.0 -0.0717679 -0.0 0.0 -0.12740272 0.0 0.0 -0.0 0.0 -0.0 0.0 0.0 -0.0 0.0 0.0 0.0 0.0 0.0 -0.0979939 0.0 0.0 -0.0 -0.0 0.13056132 0.0 -0.08057638 -0.0 0.0 0.0 -0.0 -0.0 0.23378228 0.0 -0.0 -0.0 0.0 -0.0 -0.0 0.0 -0.0 -0.0
0.0 -0.0 -0.0 0.0 0.31430504 0.0 0.0 0.0 0.0 0.0 -0.0 -0.0 0.431692 0.0 -0.0 -0.0 0.0 -0.0 -0.0 -0.0 0.14801022 -0.026175525 0.5201377 -0.0 -0.0 0.0 -0.0 -0.0 0.0 -0.0 -0.0 -0.0 0.0 0.0 -0.0 0.0 -0.0 0.0 0.0 0.0 0.4280647 -0.0 -0.0 0.0 -0.0 0.0 0.0 0.0 -0.0 0.0 -0.0 -0.0 -0.0 -0.0 0.0 -0.110387474 -0.0 0.33932376 -0.0 0.0 -0.0 0.28810373 -0.06949209 -0.0
-0.0 0.0 -0.0 -0.0 -0.0 -0.0 -0.0 0.0 -0.26755714 0.0 0.0 -0.0 -0.17399824 -0.0 0.0 -0.0 0.0 -0.0 0.0 -0.0 -0.0 0.0 0.0 0.0 -0.0 -0.0 -0.0 0.0 0.21558736 -0.0 -0.0 -0.0 -0.0 -0.0 -0.0 0.0 -0.0 -0.0 0.0 -0.0 -0.0 0.0 -0.0 0.0 -0.0 -0.08579358 -0.14587738 -0.0 -0.0 -0.0 0.0 -0.0 -0.0 -0.0 -0.0 -0.0 -0.0 0.0 -0.0 0.0 0.0 -0.0 -0.0 0.0
-0.0 -0.0 -0.0 0.0 -0.0 0.0 0.0 0.0 -0.0 0.0 0.0 -0.0 -0.0 0.0 0.0 0.0 -0.0 0.0 -0.0 0.0 0.0 -0.0 0.0 0.0 0.0 0.0 0.20386861 -0.0 -0.0 -0.0 0.0 0.0 -0.0 -0.0 0.0 0.0 0.0 -0.0 0.0 0.0 0.0 0.0 0.0 -0.0 0.0 0.0 -0.0 0.0 -0.0 0.0 -0.0 -0.0 0.0 -0.0 0.0 -0.0 -0.0 -0.0 -0.0 -0.0 0.0 0.0 -0.0 -0.0
0.0 0.0 0.0 -0.0 0.0 -0.0 0.0 0.0 -0.0 -0.0 -0.0 -0.0 -0.0 0.0 -0.0 -0.0 -0.0 -0.0 -0.0 -0.0 0.0 -0.0 -0.0 0.0 -0.0 0.0 -0.0 0.0 -0.0 0.0 -0.0 -0.0 -0.0 0.0 -0.0 0.0 -0.0 0.0 -0.01871047 -0.0 -0.0 -0.0 -0.0 -0.0 -0.0 0.0 0.0 -0.0 0.18293835 0.0 -0.0 0.15928322 -0.0 -0.0 -0.0 -0.0 -0.0 -0.0 -0.0 0.0 -0.0 -0.0 0.0 0.0
-0.0 0.0 0.0 -0.0 0.0 -0.0 0.0 0.119939014 -0.0 -0.0 0.0 0.0 0.0 -0.0 -0.0 0.14035629 0.0 0.0 -0.0 -0.14171499 -0.12841427 0.0 -0.17818984 -0.0 0.0 -0.07409403 -0.0 -0.0 -0.0 -0.0 -0.0 -0.0 0.0 -0.0 -0.0 -0.0 -0.018849699 -0.0 0.0 -0.0 -0.11977493 -0.0 -0.0 0.20403922 -0.0 -0.0 0.14078045 -0.0 -0.0 -0.0 -0.0 -0.0 -0.0 0.2554628 0.1254816 0.0 0.0 0.0 0.0 0.0 0.15786844 -0.0 0.0 -0.0
0.0 0.0 -0.0 -0.0 0.0 -0.0 0.0 0.0 0.0 -0.0 -0.0 -0.0 -0.0 -0.0 -0.0 -0.0 0.0 0.0 -0.0 0.0 -0.0 0.0 -0.30273718 -0.0 -0.0 -0.0 0.0 0.0 -0.0 0.0 -0.0 -0.0 -0.0 0.25308517 0.0 0.0 0.0 0.0 0.0 0.0 0.0 0.0 -0.0 0.0 -0.0 0.0 0.1221769 0.0 0.0 0.0 0.0 0.0 -0.0 -0.0 -0.0 -0.0 -0.0 -0.0 -0.0 0.0 -0.11481584 -0.0 0.0 0.0
0.0 -0.0 0.0 0.0 -0.0 0.0 0.0 -0.0 0.0 0.0 -0.0 -0.0 0.0 0.0 0.0 -0.23888353 -0.0 0.0 -0.0 -0.0 0.0 -0.0 -0.0 -0.0 -0.0 -0.0 -0.0 -0.0 -0.0 0.0 -0.0 -0.0 0.0 0.0 -0.0 -0.0 0.0 -0.0 0.0 -0.0 0.0 0.0 -0.0 0.0 -0.0 -0.0 -0.0 0.0 -0.0 -0.0 -0.0 0.0 -0.0 0.0 -0.0 -0.0 -0.0 0.0 0.0 0.0 0.0 0.0 -0.0 0.0
0.0 0.0 -0.0 0.0 -0.0 -0.0 0.0 -0.0 0.0 -0.0 0.0 -0.0 0.0 0.0 0.0 0.0 -0.0 0.0 0.0 -0.0 -0.0 -0.0 -0.0 -0.0 0.0 -0.0 0.0 -0.0 -0.0 -0.0 -0.0 -0.0 -0.0 -0.0 0.0 -0.0 0.0 -0.0 -0.0 -0.0 0.0 0.0 -0.0 0.0 -0.0 0.0 0.0 -0.0 -0.0 0.0 -0.0 0.0 0.0 -0.0 -0.0 -0.0 -0.0 -0.0 -0.0 0.0 -0.0 0.0 -0.0 0.0
0.0 -0.0 0.0 -0.41216996 0.0 0.0 -0.0 0.0 0.0 0.0 -0.0 0.24077906 0.0 0.0 -0.0 -0.0 0.0 0.0 -0.0 0.0 0.0 0.0 -0.0 -0.19096108 -0.0 -0.0 0.0 -0.0 0.0 -0.0 0.11049251 -0.0 0.0 0.0 0.0 0.0 0.0 0.0 0.0 0.0 0.0 -0.0 0.0 -0.0 -0.0 -0.0 -0.0 -0.0 -0.0 0.0 0.0 0.0 0.35043278 0.0 -0.0 0.0 0.0 0.0 0.0 -0.0 -0.0 0.0 0.0 -0.0
-0.0 -0.0 -0.0 0.0 0.0 -0.0 0.0 -0.0 -0.0 0.0 0.0 -0.0 -0.0 -0.0 0.0 -0.0 0.0 0.0 -0.0 -0.0 0.0 0.0 0.0 0.0 0.0 0.0 0.0 -0.0 -0.0 0.0 -0.0 -0.0 -0.0 0.0 -0.0 0.0 -0.0 -0.0 0.0 -0.0 -0.0 0.0 -0.0 0.0 -0.0 -0.0 0.0 -0.0 -0.0 -0.0 0.0 -0.0 -0.0 -0.0 -0.0 -0.0 0.0 0.0 -0.0 0.0 -0.0 0.0 0.0 -0.0
-0.0 -0.0 0.0 0.0 0.0 0.0 -0.0 -0.0 -0.0 -0.0 -0.0 0.0 -0.0 -0.0 0.0 -0.0 0.0 -0.0 0.0 0.0 0.0 -0.0 -0.0 -0.0 -0.0 0.0 -0.0 -0.0 -0.0 0.284668 -0.0 0.0 0.0 -0.0 0.0 0.0 -0.0 0.0 0.0 -0.0 -0.0 -0.34217578 0.0 -0.0 -0.0 -0.0 -0.0 0.0 -0.0 0.0 -0.0 -0.0 -0.0 -0.0 -0.0 -0.0 -0.0 0.0 0.0 0.0 -0.0 -0.0 -0.0 0.0
-0.0 0.0 -0.0 0.0 -0.0 -0.0 0.0 0.0 -0.0 0.0 -0.0 -0.0 0.0 0.0 -0.0 0.0 0.0 0.0 0.0 0.0 -0.0 0.0 0.0 0.0 -0.0 -0.0 -0.0 -0.0 -0.0 -0.0 -0.0 0.0 -0.0 -0.0 -0.0 -0.0 0.0 -0.0 0.0 0.0 -0.0 -0.0 0.0 -0.0 -0.0 -0.0 -0.0 -0.0 0.0 -0.0 -0.0 0.0 -0.0 0.0 -0.0 0.0 0.0 -0.0 0.0 0.0 0.0 0.0 -0.0 0.0
0.0 0.0 0.0 0.0 0.0 0.0 -0.0 -0.0 0.0 -0.0 0.0 -0.0 -0.0 0.0 -0.0 -0.0 -0.0 0.0 -0.0 -0.0 0.0 -0.0 0.0 -0.0 0.0 0.0 -0.0 -0.0 0.0 0.0 0.0 0.0 -0.0 0.0 -0.0 0.0 -0.0 0.0 0.0 -0.0 0.0 0.0 -0.0 -0.0 -0.0 -0.0 -0.0 -0.0 -0.0 -0.0 0.0 -0.0 -0.0 0.0 -0.0 0.0 -0.0 -0.0 0.0 -0.0 0.0 0.0 0.0 0.0
0.0 0.0 0.0 0.0 0.0 0.0 -0.0 0.0 0.0 0.0 0.0 -0.0 0.0 -0.0 0.0 -0.0 -0.0 0.0 -0.0 0.0 0.0 0.0 0.0 -0.0 0.0 0.0 -0.0 -0.0 -0.0 -0.0 -0.0 0.0 -0.0 0.0 -0.0 -0.0 -0.0 0.0 -0.0 0.0 0.0 0.0 0.0 0.0 0.0 -0.0 0.0 -0.0 0.0 0.0 0.0 -0.0 -0.0 -0.0 0.0 0.0 0.0 0.0 -0.0 -0.0 0.0 -0.0 0.0 -0.0
-0.0 0.0 0.0 -0.0 -0.0 0.0 0.0 -0.0 0.0 0.0 -0.0 0.0 0.0 0.0 0.0 -0.0 0.0 0.0 0.0 -0.0 -0.0 -0.0 -0.0 -0.0 0.0 -0.0 0.0 -0.0 -0.0 0.0 -0.0 -0.0 0.0 -0.0 -0.0 -0.0 0.0 -0.0 -0.0 0.0 0.0 -0.0 0.0 -0.0 0.0 0.0 0.0 0.0 -0.0 -0.0 -0.0 0.0 0.0 0.0 -0.0 0.0 0.0 -0.0 -0.0 -0.0 0.0 0.0 -0.0 -0.0
-0.0 -0.0 -0.0 0.0 0.0 -0.0 0.0 0.0 0.0 -0.0 -0.0 -0.0 0.0 -0.0 0.0 0.0 0.0 0.0 0.0 -0.0 -0.0 -0.0 0.0 0.0 -0.0 -0.0 -0.0 0.0 0.0 0.0 0.0 0.0 -0.0 0.0 0.0 -0.0 0.0 -0.0 0.0 0.0 -0.0 -0.0 -0.0 -0.0 0.0 0.0 -0.0 0.0 0.0 0.0 0.0 0.0 0.0 0.0 0.0 0.0 0.0 -0.0 -0.0 -0.0 -0.0 0.0 -0.0 0.0
-0.0 0.0 -0.0 0.0 -0.0 0.0 -0.0 -0.0 0.0 -0.0 0.0 0.0 0.0 -0.0 0.0 0.0 -0.0 -0.0 0.0 -0.0 0.5914872 -0.41474584 0.0 0.0 0.0 0.0 0.0 0.0 -0.0 0.0 -0.0 -0.0 -0.0 0.0 -0.0 -0.0 -0.21229027 0.379233 0.0 -0.0 -0.0 0.0 -0.0 0.0 0.0 0.0 -0.0 0.0 0.0 0.0 0.0 0.0 -0.0 -0.0 0.0 -0.0 -0.0 -0.0 0.0 -0.0 -0.0 -0.0 0.0 0.0
-0.0 0.0 0.0 0.0 0.0 0.0 -0.0 0.0 0.0 -0.0 0.0 -0.0 -0.0 0.0 0.0 -0.0 0.0 0.0 -0.0 0.0 -0.0 -0.0 -0.0 -0.0 0.0 -0.0 -0.0 0.0 0.0 0.0 0.0 0.0 -0.0 -0.0 0.0 -0.0 0.0 -0.13196315 0.0 -0.0 -0.0 0.0 0.0 -0.0 0.0 -0.0 -0.0 -0.0 0.0 -0.0 -0.0 0.0 0.0 -0.0 -0.0 0.0 -0.0 -0.0 -0.0 -0.0 0.0 0.0 -0.0 0.0
-0.0 -0.0 -0.0 0.0 0.0 0.0 0.0 -0.0 0.0 0.0 0.0 0.0 -0.0 0.0 0.0 0.0 0.0 0.0 -0.0 -0.0 -0.0 -0.0 -0.0 0.0 -0.0 -0.0 0.0 0.0 -0.0 -0.0 -0.0 -0.0 0.0 -0.0 -0.0 -0.0 0.0 -0.0 -0.072905965 0.0 -0.0 -0.0 -0.0 0.0 -0.0 0.0 -0.0 0.0 -0.0 -0.0 0.0 -0.0 0.0 -0.0 -0.0 0.0 0.0 0.0 -0.0 0.0 -0.0 -0.0 -0.0 -0.0
0.0 -0.0 -0.1918957 -0.0 -0.0 0.0 -0.21692574 0.6159422 0.0 -0.0 0.38842452 -0.0 -0.0 0.0 -0.0 0.0 0.24196173 0.105456635 0.0 -0.0 -0.0 -0.0 0.0 0.0 0.0 -0.2832219 -0.0 -0.31533423 -0.0 -0.0 0.0 -0.0 0.0 0.0 0.0 0.0 0.5869939 -0.0 0.0 -0.0 -0.0 -0.0 0.0 -0.0 -0.0 -0.0 -0.0 -0.1705352 -0.0 -0.0 0.0 0.0 0.18056524 0.0 -0.10805867 -0.0 -0.0 -0.0 0.0 0.0 -0.0 -0.0 -0.0 -0.0
-0.0 0.0 -0.14419943 0.5296576 -0.0 -0.0 -0.0 0.0 -0.0 -0.0 0.0 -0.0 -0.0 -0.0 0.0 -0.0 0.0 0.0 -0.08060771 -0.0 0.32715726 0.0 -0.37455 0.0 -0.0 -0.10853694 0.0 0.0 -0.0 0.0 -0.0 -0.0 -0.6059623 0.0 -0.0 -0.0 -0.0 0.0 0.0 -0.0 0.46926776 -0.0 0.0 -0.0 0.0 -0.0 -0.0 0.0 -0.0 0.0 0.0 0.0 -0.0 -0.0 0.0 0.0 -0.0 -0.0 0.0 -0.0 0.0 -0.0 0.0 0.0
-0.0 -0.0 0.0 0.0 -0.0 0.0 -0.0 -0.0 0.0 0.0 0.0 0.0 0.0 -0.0 0.0 -0.0 -0.0 -0.0 -0.0 0.0 0.0 -0.0 -0.0 -0.0 -0.0 -0.0 0.0 0.0 -0.0 0.70834315 0.0 0.0 0.0 0.0 -0.0 -0.0 -0.0 0.0 0.0 0.0 0.0 -0.68747807 -0.0 0.0 -0.0 -0.0 -0.0 -0.0 0.0 -0.0 -0.0 -0.0 -0.0 -0.0 -0.0 0.0 -0.0 0.0 0.0 0.0 0.0 0.0 0.0 0.0
-0.40360174 0.0 -0.0 0.0 -0.0 0.0 0.0 0.0 0.0 0.0 -0.0 0.0 -0.0 0.0 0.0 0.0 0.0 -0.0 -0.0 -0.0 -0.0 0.0 -0.0 -0.0 0.0 -0.0 0.0 -0.0 0.0 0.0 -0.29121074 -0.0 -0.0 -0.23512013 0.0 -0.0 0.0 -0.0 0.0 0.0 -0.0 0.0 -0.0 -0.0 0.0 0.0 0.0 0.0 0.0 -0.0 -0.0 0.0 -0.0 0.0 0.0 -0.0 0.0 -0.0 -0.0 0.0 0.0 -0.0 0.0 0.0
-0.0 -0.0 -0.0 0.0 0.0 0.0 -0.0 0.0 -0.0 0.0 0.0 -0.0 0.0 0.0 -0.0 0.0 0.17399885 0.0 0.0 0.0 -0.30794254 0.0 0.118154764 0.0 0.0 -0.0 0.0 -0.0 -0.0 -0.0 -0.35021585 -0.0 0.0 0.0 0.0 -0.0 0.11826109 -0.0 0.0 0.14488995 0.0 -0.0 0.15533492 0.0 -0.0 -0.17613761 -0.13133235 -0.0 0.0 -0.0 -0.0 -0.0 -0.0 0.0 -0.0 -0.0 -0.247667 -0.0 -0.0 0.0 -0.15883113 -0.0 -0.0 -0.0
-0.0 -0.0 -0.0 0.2534871 -0.22791806 -0.0 -0.0 0.0 -0.22212434 -0.097391814 0.0 0.0 0.23541753 -0.18739599 -0.2710087 0.0 -0.21687664 -0.0 -0.2626743 -0.2591126 0.0 0.29220328 0.0 -0.0 0.23427147 -0.0 0.0 -0.0 -0.0 -0.0 -0.14171295 -0.0 0.39805472 -0.0 -0.16563265 -0.0 -0.0 -0.099098675 -0.0 -0.31394175 0.0 0.0 -0.4028445 0.27202258 -0.0 -0.0 -0.0 -0.0 -0.0 -0.0 0.0 -0.0 0.19531032 -0.0 -0.0 0.0 0.0 -0.0 0.0 -0.0 0.28513122 0.0 -0.0 -0.0
-0.0 0.0 0.0 -0.0 0.13505127 0.15105072 -0.0 -0.0 0.0 0.0 -0.0 0.0 -0.0 -0.0 -0.0 -0.0 0.0 0.0 0.0 0.0 -0.0 0.0 -0.0 -0.0 0.0 0.0 0.0 0.0 -0.0 -0.0 0.11334815 0.0 0.0 0.0 0.0 -0.0 -0.0 -0.0 0.0 -0.0 0.0 -0.0 -0.0 0.0 0.0 -0.0 -0.0 0.0 0.0 -0.0 -0.0 -0.0 -0.0 -0.0 -0.0 0.0 0.0 -0.0 0.0 -0.0 0.0 -0.0 0.0 -0.0
-0.0 -0.0 -0.0 0.0 -0.13574722 -0.0 -0.0 -0.0 0.29004365 0.0 0.0 -0.0 -0.0 0.0 -0.0 -0.0 0.20280476 -0.0 0.0 0.0 -0.0 0.0 0.0 -0.0 -0.0 0.0 -0.0 0.0 0.0 -0.0 -0.0 0.0 -0.0 -0.0 0.5973317 0.36368185 0.0 -0.0 0.0 0.3164825 0.0 -0.0 0.28501716 0.0 -0.0 0.13534151 0.42330906 -0.0 -0.0 -0.0 -0.0 -0.0 -0.15090255 0.0 -0.0 0.0 -0.31396136 0.0 -0.0 0.1538844 0.0 0.0 0.38501474 -0.0
0.0 -0.0 -0.0 0.0 -0.0 0.15425369 -0.0 -0.0 0.0 -0.0 0.0 0.0 0.0 -0.0 0.0 -0.27667555 0.0 0.0 -0.0 -0.0 0.0 -0.0 0.0 0.0 -0.22467096 0.0 -0.13279873 0.0 -0.0 -0.0 -0.0 0.0 0.0 0.0 -0.0 -0.0 -0.0 0.0 -0.22399758 -0.0 -0.0 0.12628236 0.0 -0.0 0.072152756 0.025886085 -0.0 -0.0 0.133677 -0.0 0.0 -0.0 -0.0 0.0 0.0 0.0 0.0 0.0 0.0 -0.0 -0.0 0.0 0.0 0.0
-0.0 0.0 -0.18094608 -0.0 0.0 -0.0 -0.0 0.0 0.0 -0.0 0.1259235 -0.0 0.0 0.0 0.0 0.0 0.0 0.0 0.0 -0.0 -0.0 0.0 -0.0 -0.0 0.0 -0.0 0.0 -0.0 -0.0 0.0 -0.0 -0.0 -0.0 0.0 -0.0 -0.0 -0.0 -0.0 0.0 -0.0 -0.0 0.0 -0.0 0.0 -0.0 0.0 0.0 -0.0 0.0 -0.0 0.0 0.0 -0.0 -0.0 -0.0 0.0 0.0 -0.0 -0.0 0.0 -0.0 0.0 -0.0 -0.0
0.0 -0.0 0.0 0.0 -0.0 0.0 -0.0 -0.0 -0.0 -0.0 0.0 -0.0 -0.0 -0.0 -0.0 -0.15068276 -0.20448025 -0.0 -0.0 0.0 0.13308981 0.0 0.0 -0.0 -0.22185257 -0.0 0.0 0.0 0.0 -0.0 0.0 0.0 -0.18295252 0.0 0.0 0.0 -0.0 0.31526726 -0.0 -0.0 0.0 -0.0 -0.0 -0.0 0.0 0.0 -0.0 -0.0 0.0 0.1658488 -0.0 -0.0 0.0 -0.0 0.0 -0.0 -0.0 0.0 -0.0 -0.0 -0.0 -0.0 0.0 -0.0
0.0 0.0 0.0 0.0 -0.0 -0.0 -0.0 0.0 0.0 -0.0 0.0 0.0 0.0 -0.0 0.0 -0.0 -0.0 -0.0 0.0 -0.0 0.0 -0.0 -0.0 0.0 0.0 -0.0 0.0 0.0 0.0 -0.0 -0.0 0.0 0.0 0.0 0.0 0.0 0.0 0.0 -0.0 0.0 -0.0 0.0 0.0 -0.0 -0.0 -0.0 0.0 0.0 0.0 0.0 0.0 0.0 -0.0 -0.0 0.0 0.09639833 -0.0 -0.0 0.0 0.0 -0.23726247 -0.0 -0.0 -0.0
-0.0 -0.0 0.0 0.0 -0.0 -0.14285427 -0.0 0.0 -0.16105358 -0.0 0.0 -0.0 -0.0 -0.0 -0.0 0.0 -0.0 -0.0 -0.0 -0.0 -0.0 0.0 0.0 -0.0 0.0 -0.0 0.0 -0.0 -0.0 0.0 -0.0 -0.0 0.0 0.0 -0.0 -0.0 -0.0 -0.0 0.0 0.0 -0.0 0.0 -0.0 0.0 -0.0 -0.0 -0.1563491 0.0 0.0 -0.0 0.0 -0.0 0.0 -0.0 -0.0 -0.0 0.0 -0.0 -0.0 0.0 0.0 -0.0 0.0 0.0
-0.0 0.0 -0.0 0.0 -0.0 0.0 -0.0 -0.0 0.0 -0.0 -0.0 -0.0 0.0 0.0 0.0 -0.0 -0.0 0.0 -0.0 0.0 -0.0 0.0 0.0 -0.0 0.0 -0.0 0.0 -0.0 -0.0 -0.0 -0.0 -0.0 -0.0 -0.0 0.0 0.0 0.0 0.0 -0.0 -0.0 -0.0 0.0 -0.0 0.0 -0.0 -0.0 0.0 0.0 0.0 -0.0 0.0 0.0 0.0 -0.0 0.0 0.0 -0.0 -0.0 0.0 0.0 0.0 0.0 0.0 0.0
-0.0 -0.0 -0.0 0.0 -0.0 -0.0 -0.0 0.0 0.0 0.0 -0.0 -0.0 0.0 0.0 0.0 0.0 0.0 -0.0 0.0 0.0 -0.0 0.0 -0.0 -0.0 0.0 -0.0 -0.0 0.0 -0.0 0.0 -0.0 -0.0 0.0 0.0 -0.0 -0.0 0.0 -0.0 -0.0 -0.0 -0.0 0.0 -0.0 -0.0 0.0 0.0 0.0 0.0 -0.0 -0.0 -0.0 -0.0 0.0 -0.0 0.0 0.0 -0.0 0.0 -0.0 0.0 -0.0 -0.0 0.0 -0.0
-0.0 -0.0 -0.0 0.0 0.0 0.0 0.0 -0.0 0.0 0.0 -0.0 0.0 0.0 -0.0 0.0 -0.0 0.0 0.0 -0.0 0.0 -0.0 0.0 -0.0 0.0 -0.0 -0.0 -0.0 -0.0 0.0 0.0 0.0 -0.0 -0.0 -0.0 0.0 -0.0 0.0 -0.0 0.0 0.0 -0.0 -0.0 0.0 -0.0 -0.0 0.0 0.0 0.0 -0.0 0.0 0.0 -0.0 0.0 -0.0 -0.0 0.0 -0.0 0.0 0.0 -0.0 -0.0 -0.0 -0.0 0.0
0.0 -0.0 0.0 -0.0 -0.0 0.0 -0.0 0.0 -0.0 -0.0 -0.0 0.0 -0.0 0.0 -0.0 -0.0 0.0 -0.0 0.0 -0.0 0.11269138 -0.0 -0.0 -0.0 -0.0 0.0 -0.0 0.0 -0.0 -0.0 -0.0 0.0 -0.0 0.1473748 0.0 0.0 -0.0 0.0 0.0 -0.0 0.02675368 0.0 -0.0 0.14330682 -0.0 0.0 0.0 0.0 0.0 -0.0 0.0 0.0 -0.0 0.0 -0.0 -0.0 0.0 0.0 0.0 0.0 0.0 -0.0 0.0 0.0
0.0 0.0 0.0 -0.0 0.0 0.0 0.0 0.0 0.0 0.0 -0.0 -0.0 0.0 -0.0 0.0 -0.0 0.0 -0.0 -0.0 -0.0 -0.0 -0.0 0.0 0.0 -0.0 -0.0 -0.0 -0.0 -0.0 -0.0 0.0 0.0 -0.0 -0.0 0.0 -0.0 0.0 0.0 0.0 0.0 0.0 -0.0 -0.0 0.0 -0.0 -0.0 -0.0 0.0 0.0 -0.0 0.0 0.0 -0.0 0.0 0.0 -0.0 0.0 -0.0 -0.0 0.0 0.383385 0.0 -0.0 -0.0
0.0 -0.0 0.0 -0.0 -0.0 -0.0 -0.0 0.0 -0.0 -0.0 0.0 -0.0 0.0 -0.0 -0.0 0.0 -0.0 -0.0 -0.0 -0.0 0.0 0.0 -0.0 -0.0 -0.0 -0.1260301 0.0 -0.0 0.0 0.0 -0.0 -0.0 -0.0 0.0 -0.0 -0.084323674 -0.0 0.0 -0.0 -0.0 0.0 0.0 -0.0 0.24292648 -0.0 -0.0 0.0 -0.0 -0.0 0.0 -0.0 -0.0 -0.0 0.0 0.0 0.0 0.0 0.0 0.0 -0.0 0.0 -0.0 -0.0 -0.0
0.0 0.0 0.0 -0.0 0.0 0.0 0.0 -0.0 -0.0 0.0 0.0 0.0 -0.0 -0.0 -0.0 0.0 0.0 0.0 -0.0 0.0 -0.0 0.0 -0.0 -0.0 0.0 0.0 -0.0 -0.0 0.0 -0.0 -0.0 -0.0 -0.0 0.0 0.0 -0.0 0.0 0.0 0.0 0.0 -0.0 -0.0 0.0 0.0 0.0 0.0 -0.0 -0.0 -0.0 0.0 0.0 -0.0 0.0 -0.0 0.0 -0.0 0.0 0.0 0.0 -0.0 0.0 -0.0 0.0 -0.0
-0.0 0.0 -0.0 -0.0 -0.0 -0.0 -0.0 -0.0 0.0 -0.0 0.0 0.0 -0.30665463 -0.0 -0.0 -0.33882284 -0.18433216 -0.0 -0.27783084 -0.34589654 0.49817732 0.0 0.0 -0.0 -0.39847565 0.0 -0.0 -0.0 0.2648453 -0.0 0.0 -0.0 -0.0 0.0 -0.2476672 -0.1780676 -0.0 0.324904 0.0 -0.19193046 0.0 -0.0 -0.22426084 -0.0 -0.0 0.0 0.24248862 -0.15498142 -0.0 0.0 -0.1959577 -0.0 -0.31174234 -0.0 0.3048316 0.3096603 -0.0 0.0 0.0 -0.0 -0.0 -0.0 0.0 -0.0
-0.0 0.0 -0.0 -0.0 0.0 0.0 -0.0 -0.0 0.0 0.0 -0.0 0.0 0.0 0.0 -0.0 -0.0 0.0 0.0 0.0 0.0 -0.0 -0.0 0.0 0.0 -0.0 0.0 -0.0 -0.0 0.0 0.0 0.0 0.0 0.0 0.0 0.0 -0.0 0.0 -0.0 -0.0 0.0 -0.0 0.0 -0.0 0.0 -0.0 0.0 -0.0 -0.0 0.0 0.0 -0.0 0.0 -0.0 -0.0 0.0 -0.0 -0.0 0.0 0.0 -0.0 -0.0 -0.0 -0.0 -0.0
-0.0 0.0 -0.0 -0.0 -0.0 -0.0 -0.078108646 -0.0 -0.0 -0.13498156 -0.0 -0.0 -0.0 -0.0 0.0 0.0 0.0 -0.0 0.0 -0.0 -0.0 0.0 0.0 -0.0 0.0 -0.042077158 -0.0 0.0 -0.14611767 0.0 -0.0 -0.0 -0.11820044 -0.0 0.12139207 0.16653381 0.0 -0.0 -0.0 -0.0 -0.0 -0.0 -0.0 -0.0 -0.12390189 -0.0 -0.0 0.0 0.0 0.0 0.04623009 -0.0 0.0 -0.0 -0.0 -0.19875875 0.0 -0.0 -0.0 0.0 0.18673928 0.0 -0.0 -0.0
0.0 0.08207265 -0.49023652 -0.0 0.0 -0.0 -0.0 -0.0 0.15666915 -0.0 -0.0 0.0 0.0 -0.0 0.0 0.0 0.29405355 -0.0 0.0 -0.0 -0.0 -0.15311097 -0.0 -0.0 0.0 0.0 0.0 0.0 0.15430221 -0.0 0.0 0.19018142 0.0 -0.0 0.0 -0.0 0.0 0.0 -0.0 0.0 0.0 -0.0 -0.0 0.0 0.0 0.0 0.0 -0.0 0.0 0.09511967 -0.0 -0.0 0.0 0.0 -0.0 -0.0 -0.0 0.0 -0.0 0.0 -0.0 -0.0 0.0 -0.0
0.17461357 -0.0 0.0 -0.0 0.0 -0.0 0.0 0.0 0.0 -0.0 0.0 -0.0 0.0 -0.0 -0.0 0.0 -0.0 0.0 -0.0 0.0 -0.0 -0.0 -0.0 0.0 0.0 -0.0 0.0 0.0 0.0 -0.0 -0.0 -0.0 0.06664866 0.10766883 0.0 -0.0 0.0 -0.0 0.0 0.0 -0.0 0.0 -0.0 0.08308537 0.0 0.0 -0.0 0.0 -0.0 0.0 0.0 0.0 -0.0 0.0 0.0 0.0 0.0 -0.0 0.0 0.0 -0.0 -0.0 0.0 -0.0
0.0 -0.0 -0.24076185 0.0 0.0 -0.0 0.0 0.0 0.0 -0.0 0.0 0.0 0.0 0.0 0.0 -0.3257037 0.0 0.0 -0.17219195 -0.21290478 0.26837534 0.0 0.0 -0.0 -0.0 -0.0 0.0 -0.0 0.0 -0.0 0.0 -0.25723568 -0.4976181 0.0 0.0 -0.0 0.0 0.23945777 -0.0 -0.0 0.0 -0.0 0.0 -0.0 0.0 0.0 0.0 0.0 -0.0 0.0 0.0 0.0 -0.0 -0.0 0.0 -0.0 0.0 -0.0 0.0 0.0 -0.0 0.26447132 0.0 -0.0
-0.0 -0.0 -0.29609147 -0.0 -0.27407315 -0.26856676 0.4575625 -0.0 0.0 0.49333397 -0.0 -0.38560832 -0.0 -0.65176666 -0.0 0.0 -0.49209163 -0.0 0.4523194 -0.28065622 -0.3896822 -0.41639557 -0.0 0.0 -0.0 0.51242405 -0.0 0.0 0.28363946 -0.0 -0.21855807 0.5100387 0.0 -0.0 -0.0 -0.20725873 -0.2711002 -0.14506909 -0.0 0.49421158 -0.0 0.0 -0.3520944 0.0 0.0 0.56540304 0.028491015 -0.019691521 -0.0 -0.0 -0.1696284 -0.0 -0.0 0.48162076 0.0 -0.0 -0.0 -0.0 -0.0 -0.0 -0.0 -0.26795334 -0.0 -0.0
-0.0 0.0 -0.0 -0.0 -0.0 0.0 0.0 0.11595081 0.0 0.0 -0.0 -0.0 0.252731 0.0 -0.0 -0.1888722 0.17325585 -0.0 0.0 -0.0 0.0 0.0 0.0 0.0 0.0 0.0 0.0 -0.0 0.0 0.0 0.0 0.0 0.210121 0.0 0.0 -0.0 -0.0 -0.0 -0.0 0.09042016 0.20965523 -0.0 -0.0 0.06684615 -0.0 -0.0 -0.0 0.0 0.0 0.0 -0.0 -0.0 0.0 0.0 -0.0 -0.20730306 -0.0 -0.0 0.0 -0.0 -0.59352785 0.17566253 0.0 -0.0
-0.0 -0.23460193 0.0 0.0 -0.0 -0.21765259 -0.0 -0.0 -0.0 -0.0 -0.0 0.0 0.0 0.0 0.0 0.0 -0.0 0.0 -0.0 -0.0 -0.0 0.0 -0.0 -0.0 -0.08889874 0.0 -0.0 -0.0 0.0 0.0 -0.0 0.0 0.0 -0.0 0.0 0.0 -0.0 -0.0 0.0 -0.0 -0.0 0.0 -0.0 -0.0 -0.0 0.0 0.0 0.0 -0.0 0.0 0.0 -0.02887124 -0.0 -0.0 0.23780355 0.0 -0.0 0.0 0.3655618 0.0 0.0 0.0 0.0 0.13567606
-0.0 0.0 -0.0 -0.0 -0.0 -0.0 -0.0 0.0 -0.0 -0.0 0.0 -0.0 -0.0 -0.0 -0.0 -0.16792858 -0.0 -0.0 -0.0 -0.0 0.0 0.0 -0.0 -0.0 -0.0 -0.0 -0.0 0.0 -0.0 -0.0 -0.0 -0.0 -0.0 -0.0 -0.0 -0.0 -0.0 0.0 -0.0 -0.0 0.0 -0.0 -0.0 -0.0 0.0 -0.0 -0.0 0.0 0.0 0.0 0.0 0.0 -0.0 -0.0 0.0 -0.0 0.0 -0.0 0.0 -0.0 0.0 0.0 -0.0 -0.0
0.0 0.0 -0.0 0.39458752 0.59583944 -0.0 -0.0 0.0 0.0 -0.14110626 0.0 0.0 -0.0 0.0 -0.0 0.0 0.0 0.0 -0.0 0.20401204 -0.0 -0.18311268 -0.0 -0.36356467 -0.0 -0.0 -0.0 -0.0 -0.0 -0.0 -0.23693457 0.0 -0.0 -0.0 -0.0 -0.27921426 -0.0 0.0 0.0 0.0 -0.0 -0.0 0.0 0.0 0.0 -0.0 -0.0 -0.0 0.0 -0.0 -0.0 0.0 -0.17183039 0.0 -0.0 0.34754732 -0.0 -0.0 -0.0 0.0 0.0 0.25719744 -0.118230164 -0.0
0.0 -0.0 -0.0 0.0 0.19811566 0.0 -0.0 0.0 -0.121581174 -0.0 0.0 -0.206935 0.60134757 -0.0 0.0 0.5548341 -0.0 -0.0 0.0 -0.0 0.0 0.0 0.0 0.0 0.49638352 -0.0 -0.0 0.0 -0.0 0.0 -0.1827328 -0.0 0.0 0.0 -0.0 -0.0 -0.0 -0.0 0.0 -0.0 0.0 0.17027953 -0.0 0.24033765 -0.23994455 -0.11618697 -0.0 0.0 0.21351957 -0.0 0.0 0.13479689 0.0 -0.0 -0.28100908 -0.0 0.0 -0.0 0.0 0.0 0.35812014 -0.0 0.0 -0.1599901
0.0 -0.0 -0.0 0.3829434 0.0 0.0 0.0 -0.08218708 0.0 0.18065768 0.0 0.0 0.3702592 0.0 0.0 -0.84518397 0.0 0.0 0.0 -0.0 0.0 0.0 -0.0 0.0 -0.0 0.0 0.0 -0.1350097 0.0 0.0 0.0 0.0 0.0 -0.0 0.0 0.0 0.0 0.0 -0.0 0.0 0.3338118 0.0 0.0 0.0 -0.0 0.0 0.0 -0.29431912 0.0 -0.0 -0.29433134 -0.0 -0.0 0.0 -0.0 -0.0 -0.0 0.0 0.2586784 0.0 0.0 0.22579885 -0.0 -0.0
0.0 0.0 0.0 0.0 -0.0 -0.0 -0.0 -0.0 -0.0 -0.0 -0.0 -0.0 0.0 -0.0 0.0 -0.0 -0.0 -0.0 0.0 -0.0 0.0 -0.0 0.0 0.0 0.0 0.0 0.0 -0.0 0.08023292 -0.0 -0.0 -0.0 -0.0 0.0 0.0 -0.0 -0.0 0.0 0.0 -0.0 -0.0 -0.0 -0.0 -0.0 -0.0 -0.0 0.103946656 0.0 0.0 0.0 -0.0 0.0 -0.0 -0.0 -0.0 -0.0 -0.0 0.0 -0.0 0.0 -0.05620705 -0.0 0.0 -0.0
0.0 -0.0 0.0 0.0 -0.0 0.0 -0.0 -0.0 0.0 -0.0 -0.0 0.0 0.0 0.0 0.0 -0.0 -0.0 -0.0 -0.0 0.0 0.0 0.0 -0.0 -0.0 -0.0 0.0 0.0 0.0 0.0 -0.0 -0.0 0.0 -0.0 0.0 0.0 0.0 -0.0 -0.0 -0.0 -0.0 0.0 -0.0 -0.0 -0.0 0.0 0.0 -0.0 -0.0 0.0 -0.0 -0.0 0.0 0.0 0.0 -0.0 0.0 0.0 0.0 -0.0 -0.0 0.0 0.0 0.0 0.0
0.0 0.0 -0.0 -0.0 -0.0 -0.0 -0.0 -0.206891 -0.0 0.0 -0.0 0.0 -0.24643315 0.0 0.0 0.0 -0.0 -0.0 0.0 -0.0 0.0 -0.0 -0.0 -0.0 -0.0 0.0 0.0 -0.0 -0.0 0.0 -0.0 -0.0 0.0 0.0 -0.0 -0.0 -0.0 0.0 0.0 -0.0 0.0 -0.0 -0.0 -0.0 -0.0 0.0 -0.0 0.22946827 0.0 0.0 -0.0 -0.0 -0.0 -0.0 -0.0 -0.0 -0.0 -0.0 0.0 0.0 -0.0 -0.0 -0.0 -0.0
-0.0 0.0 -0.0 -0.0 0.0 0.0 0.17090747 -0.14510897 0.33731738 -0.0 0.0 0.12685242 -0.0 -0.0 -0.0 -0.0 -0.0 -0.22986333 -0.1677227 -0.0 -0.08640873 -0.0 -0.26467314 -0.0 0.0 0.3722298 -0.0 -0.0 -0.0837675 -0.0 -0.0 -0.0 0.19772315 -0.0 -0.0 -0.0 0.13467054 -0.0 -0.0 0.0 -0.0 0.0 -0.0 -0.0 0.0 -0.0 -0.0 0.16126078 -0.0 -0.0 0.0 -0.0 -0.0 -0.21603549 -0.0 -0.0 0.0 -0.0 0.0 -0.0 0.17066288 -0.3755203 -0.0 0.0
0.0 -0.0 -0.0 0.0 0.0 0.0 0.0 0.0 -0.0 -0.0 0.0 -0.0 -0.0 -0.0 0.0 0.0 0.0 0.0 -0.0 -0.0 0.0 0.0 0.0 0.0 -0.0 0.0 0.0 -0.0 0.0 0.0 0.0 0.0 0.0 -0.0 0.0 -0.0 0.0 0.0 0.0 -0.0 -0.0 0.0 0.0 0.0 -0.0 -0.0 -0.0 -0.0 0.0 -0.0 0.0 -0.0 -0.0 -0.0 -0.0 0.0 0.0 -0.0 0.0 -0.0 0.0 0.0 0.0 -0.0
0.0 -0.0 -0.0 -0.0 0.0 0.0 0.0 0.0 -0.0 0.0 -0.0 0.0 0.0 0.0 -0.0 -0.0 0.0 -0.0 0.0 0.0 0.0 -0.0 -0.0 0.0 -0.0 0.0 0.0 -0.0 -0.0 -0.0 0.0 -0.0 -0.0 -0.0 0.0 -0.0 0.0 -0.0 0.0 0.0 0.0 -0.0 -0.0 0.0 0.0 0.0 -0.0 0.0 0.0 0.0 -0.0 0.0 -0.0 0.0 0.0 0.0 -0.0 0.0 0.0 -0.0 -0.0 -0.0 -0.0 0.0
0.0 0.0 -0.0 -0.0 0.0 -0.0 -0.0 0.0 -0.0 -0.0 -0.0 -0.0 0.0 0.0 0.0 -0.0 0.0 0.0 -0.0 -0.0 -0.0 -0.0 0.0 -0.0 -0.0 0.0 0.0 -0.0 0.0 -0.0 -0.0 0.0 -0.0 -0.0 0.0 -0.0 -0.0 -0.0 0.0 -0.0 0.0 0.0 -0.0 -0.0 -0.0 -0.0 -0.0 -0.0 -0.0 0.0 0.0 -0.0 0.0 -0.0 0.0 0.0 -0.0 -0.0 0.0 -0.0 -0.0 0.0 -0.0 -0.0
0.0 -0.0 0.0 -0.1998579 0.18185057 0.0 0.0 0.0 -0.0 -0.0 0.0 -0.0 0.36832443 0.0 0.0 -0.0 -0.0 0.0 0.0 -0.0 -0.0 -0.0 -0.0 -0.0 0.33806077 0.0 0.0 0.0 -0.0 -0.0 0.17718267 0.0 0.1409341 0.0 0.0 0.0 0.0 0.0 -0.0 0.0 0.0 0.0 0.0 0.0 -0.0 -0.0 0.0 0.0 -0.0 0.122662604 0.0 0.0 -0.0 0.0 -0.0 -0.0 0.0 0.0 0.0 0.07100536 -0.0 0.0 0.0 0.0
-0.0 -0.0 -0.0 0.0 -0.0 0.0 -0.0 0.0 0.0 0.0 0.0 -0.0 -0.0 -0.0 -0.0 -0.0 0.0 0.0 -0.0 0.0 0.0 0.0 -0.0 0.0 -0.0 -0.0 -0.0 0.0 0.0 -0.0 -0.0 -0.0 -0.0 -0.0 0.0 0.0 0.0 -0.0 0.1873818 0.0 0.0 0.0 -0.0 -0.0 -0.0 -0.0 0.0 0.0 0.0 0.0 0.0 -0.0 -0.0 -0.0 -0.16792691 -0.0 -0.0 0.0 0.0 0.0 -0.0 0.0 0.0 -0.0
-0.0 0.0 -0.0 0.0 0.0 0.0 0.0 -0.0 -0.0 -0.0 -0.0 -0.0 -0.0 0.0 0.0 0.0 0.0 0.0 0.0 -0.0 0.0 -0.0 -0.0 -0.0 -0.0 -0.0 0.0 0.0 0.0 -0.0 -0.0 -0.0 -0.0 0.0 0.0 -0.0 0.0 -0.0 -0.0 -0.0 -0.0 -0.0 -0.0 0.0 0.0 -0.0 -0.0 0.0 -0.0 0.0 -0.0 0.0 0.0 -0.0 -0.0 0.0 -0.0 -0.0 0.0 0.0 -0.0 -0.0 0.0 -0.0
0.0 -0.0 0.0 -0.0 -0.0 0.0 -0.0 0.0 0.0 -0.0 0.0 0.0 0.0 0.0 0.0 0.0 -0.0 0.0 0.0 -0.0 0.0 -0.0 -0.0 -0.0 0.0 0.0 -0.0 -0.0 -0.0 -0.0 0.0 0.0 0.0 -0.0 -0.0 0.0 -0.0 0.0 0.0 -0.0 0.0 -0.0 0.0 -0.0 -0.0 -0.0 -0.0 0.0 0.0 0.0 0.0 0.0 -0.0 0.0 0.0 0.0 -0.0 -0.0 -0.0 -0.0 0.0 0.0 0.0 0.0
0.0 0.0 -0.0 0.0 0.0 0.0 -0.0 -0.0 0.0 0.0 0.0 0.0 -0.0339217 -0.18412156 0.0 -0.18698032 0.0 -0.0 0.0 0.0 -0.0 0.0 -0.0 -0.0 0.0 0.0 -0.0 0.0 -0.0 0.0 0.0 -0.0 0.0 0.0 0.0 0.0 -0.0 0.0 -0.0 -0.0 0.0 0.0 -0.0 -0.0 0.0 -0.0 -0.0 0.0 0.0 0.0 0.0 -0.0 -0.0 -0.21368662 -0.0 -0.0 -0.0 -0.0 0.0 0.0 0.0 -0.0 0.0 -0.0
0.0 -0.0 -0.0 -0.0 0.0 0.0 -0.0 -0.0 -0.0 0.0 0.0 -0.0 0.0 -0.0 0.0 0.0 -0.0 0.0 -0.0 0.0 0.0 0.0 -0.0 0.0 0.0 0.0 0.0 0.0 -0.0 -0.0 -0.0 -0.0 -0.0 -0.0 -0.0 -0.0 -0.0 0.0 0.0 -0.0 -0.0 -0.0 0.0 -0.0 0.35043958 -0.0 -0.0 -0.0 -0.0 -0.0 -0.0 0.0 0.0 -0.0 -0.0 0.0 0.0 0.0 0.0 -0.0 -0.0 -0.0 0.28590244 0.33304122
0.0 -0.0 -0.0 -0.0 -0.0 -0.0 -0.0 -0.0 -0.0 -0.0 -0.0 0.0 -0.15309043 -0.0 0.0 -0.0 0.0 -0.0 0.0 0.0 0.0 0.0 0.0 -0.0 -0.0 -0.0 -0.23850815 0.0 -0.0 0.0 0.0 0.0 -0.18401381 0.0 -0.0 0.0 0.0 0.0 -0.06892614 -0.0 0.0 0.0 0.0 -0.0 -0.0 -0.0 0.0 0.0 0.30622756 0.0 0.0 -0.2976537 0.0 -0.0 -0.20529908 -0.0 -0.0 -0.0 0.24740656 0.0 -0.0 0.0 -0.0 -0.0
0.0 0.19730699 -0.18723807 -0.0 -0.0 -0.0 0.0 -0.16797026 -0.21858901 -0.10981429 -0.26277888 -0.13019751 -0.0 0.0 -0.0 -0.0 0.22079095 -0.0 -0.0 -0.0 0.0 0.0 -0.3265944 -0.23875666 -0.14355417 0.0 -0.14567044 0.0 -0.0 0.11655701 -0.0 -0.0 0.0 -0.0 0.0 0.21287775 0.0 0.1740218 0.0 0.0 0.0 0.0 -0.0 -0.0 0.0 -0.0 0.0 0.19288725 -0.0 -0.0 0.0 -0.0 0.118895866 -0.0 0.0 -0.27951124 -0.0 -0.14578904 -0.0 -0.0 0.0 -0.2690979 0.0 0.0
0.0 0.0 0.0 0.0 -0.0 0.0 -0.0 -0.0 0.0 0.0 -0.0 0.0 0.0 0.0 0.0 -0.0 -0.0 -0.0 -0.0 -0.0 0.0 0.0 0.0 -0.0 0.0 0.0 0.0 0.0 -0.0 -0.0 0.0 -0.0 -0.0 0.0 -0.0 0.0 -0.0 0.0 0.0 0.0 0.0 0.0 0.0 0.0 -0.0 0.0 0.0 -0.0 -0.0 0.0 0.0 -0.0 -0.0 -0.0 -0.0 0.0 0.0 0.0 -0.0 0.0 0.0 0.0 0.0 -0.0
0.0 -0.0 -0.2708707 0.09746025 -0.0 0.0 -0.0 -0.0 0.10096954 0.0 0.0 -0.0 0.117759794 -0.24991842 0.18661064 0.0 -0.17179687 -0.0 -0.0 -0.24834442 0.0 -0.0 -0.0 0.23582481 0.2788811 -0.20948395 -0.20914547 -0.0 -0.12687029 -0.0 0.0 -0.1996296 -0.17604569 0.0 0.24335788 0.0 0.0 -0.25230905 0.0 -0.0 -0.0 -0.0 -0.0 0.0 0.0 0.0 0.1598157 -0.15361339 -0.19580463 0.1128966 -0.0 0.0 -0.0 -0.30081984 -0.0 0.22154143 -0.3030484 -0.0 0.0 -0.0 -0.0 -0.0 0.0 -0.0
-0.0 -0.0 0.0 0.0 -0.0 0.0 0.0 -0.0 0.0 0.0 0.0 -0.0 0.0 -0.0 0.0 -0.0 0.0 -0.0 0.0 0.0 -0.0 0.0 -0.0 0.0 -0.0 -0.0 -0.0 0.0 -0.0 -0.0 0.0 -0.0 -0.0 -0.0 -0.0 -0.0 0.0 -0.0 -0.0 0.0 0.0 0.0 -0.0 0.0 -0.0 0.0 0.0 0.0 0.0 -0.0 0.0 -0.0 0.0 0.0 0.0 0.0 -0.0 0.0 0.0 -0.0 -0.0 -0.0 -0.0 0.0
0.0 0.0 -0.0 -0.0 0.0 0.0 -0.0 0.0 0.0 0.0 0.0 0.0 0.0 0.0 -0.0 -0.0 0.0 0.0 -0.0 -0.0 -0.0 -0.0 0.0 -0.0 0.0 0.0 0.0 0.0 0.0 -0.0 -0.0 -0.0 0.0 0.0 -0.0 0.0 -0.0 -0.0 -0.0 -0.0 0.0 0.0 -0.0 0.0 -0.0 0.0 -0.0 -0.0 -0.0 -0.0 -0.0 0.0 -0.0 -0.0 -0.0 -0.0 -0.0 0.0 -0.0 -0.0 -0.0 0.0 0.0 -0.0
0.0 0.0 0.0 0.0 -0.14550175 -0.028422212 -0.0 0.0 -0.0 -0.0 0.0 0.0 0.0 0.0 -0.0 0.0 0.0 -0.0 0.0 -0.0 -0.0 0.0 0.0 0.0 -0.0 -0.0 0.0 -0.0 -0.0 -0.0 -0.14498843 0.0 0.123859726 0.0 0.0 0.0 0.0 0.0 -0.0 -0.0 -0.0 0.058278028 0.0 -0.0 -0.0 -0.0 0.0 -0.0 0.0 -0.0 0.0 0.0 -0.0 0.0 0.0 0.0 -0.11463485 -0.0 -0.0 -0.0 -0.0 -0.0 0.0 0.0
-0.0 -0.0 0.0 -0.0 0.0 0.0 -0.0 -0.0 0.0 0.0 -0.0 -0.0 0.0 -0.0 -0.0 -0.0 -0.0 0.0 -0.0 -0.0 0.0 -0.0 -0.0 0.0 -0.0 -0.0 0.0 -0.0 -0.0 0.0 0.0 0.0 0.0 0.0 -0.0 0.0 0.0 0.0 0.0 0.0 0.0 0.0 0.0 0.0 0.0 0.0 -0.0 0.0 0.0 0.0 -0.0 0.0 -0.0 -0.0 -0.0 -0.0 -0.0 -0.0 -0.0 -0.0 0.0 0.0 0.0 -0.0
0.0 -0.0 0.0 0.0 0.0 0.0 -0.0 -0.0 0.0 -0.0 -0.0 0.0 -0.0 -0.0 0.0 -0.0 0.0 -0.0 0.0 -0.0 0.24205358 -0.0 -0.0 0.0 -0.0 -0.0 0.0 0.0 -0.0 0.0 0.0 0.0 -0.0 -0.0 0.0 -0.0 -0.0 0.0 -0.0 0.0 0.0 -0.0 0.0 0.0 -0.0 -0.0 -0.0 -0.0 0.0 0.0 0.0 0.0 -0.0 0.0 -0.0 -0.0 0.0 0.0 0.0 -0.0 -0.06332869 -0.0 -0.0 -0.0
-0.0 -0.0 0.0 -0.0 0.0 0.0 0.0 0.0 0.0 -0.0 0.0 0.0 0.0 0.0 -0.0 0.0 0.0 0.0 0.0 0.0 -0.0 -0.0 -0.0 -0.0 -0.0 -0.0 0.0 0.0 0.0 -0.0 -0.0 0.0 0.0 0.0 0.0 0.0 0.0 -0.0 0.0 0.0 0.0 -0.0 -0.0 0.0 -0.0 -0.0 0.0 0.0 -0.0 -0.0 0.0 0.0 0.0 -0.0 -0.0 0.0 0.0 -0.0 0.0 0.0 -0.0 0.0 -0.0 -0.0
0.0 -0.0 -0.0 0.0 0.0 -0.0 0.0 0.0 -0.0 0.0 -0.0 -0.0 0.0 0.0 0.0 0.0 0.0 0.0 0.0 -0.03567514 -0.0 -0.0 0.0 0.0 -0.0 0.0 -0.0 0.0 -0.0 0.0 -0.0 -0.0 0.0 -0.0 -0.0 0.0 0.0 0.0 -0.0 -0.0 -0.0 0.0 -0.0 -0.0 -0.0 0.0 0.0 0.0 0.0 -0.0 0.0 0.0 0.0 0.0 0.0 -0.0 -0.0 -0.0 0.0 -0.0 0.0 -0.0 -0.0 -0.0
-0.0 0.0 -0.0 0.0 -0.0 -0.0 0.0 0.0 -0.0 -0.0 -0.0 0.0 -0.0 0.0 -0.0 0.0 0.0 -0.0 0.0 0.0 -0.0 -0.0 -0.0 0.0 -0.0 0.0 0.0 0.0 0.0 -0.0 -0.0 0.0 -0.0 0.0 0.0 -0.0 -0.0 -0.023371404 0.0 -0.0 -0.0 0.0 0.0 0.0 -0.0 -0.0 -0.0 -0.0 -0.0 -0.0 -0.0 0.0 -0.0 0.0 0.0 0.0 0.0 0.0 0.0 -0.0 -0.0 0.0 0.0 0.0
0.0 0.0 0.0 0.0 0.0 -0.0 0.0 0.0 0.0 -0.0 0.0 -0.0 0.0 -0.0 0.0 0.0 -0.0 -0.0 0.0 -0.0 -0.0 0.0 -0.05495153 0.0 0.0 -0.0 -0.0 0.0 -0.0 -0.0 0.0 0.0 -0.0 0.0 -0.0 -0.0 -0.0 -0.0 0.0 -0.0 -0.0 0.0 0.0 0.0 0.0 -0.0 -0.0 -0.0 0.0 -0.0 0.0 0.0 -0.0 -0.0 0.0 0.0 0.0 -0.0 0.0 0.0 0.0 -0.0 0.0 0.0
0.0 -0.0 -0.07094104 0.20778912 -0.0 -0.0 -0.0 -0.0 0.0 -0.0 -0.0 -0.21088599 -0.18052176 -0.0 0.0 -0.0 -0.0 -0.0 0.0 -0.0 0.0 -0.0 -0.0 0.0 -0.0 -0.0 -0.0 0.0 -0.09617819 0.0 0.0 -0.0 -0.0 0.0 -0.0 0.0 -0.0 0.08993796 -0.0 -0.0 0.11950635 -0.0 -0.0 -0.0 -0.0 0.0 -0.0 0.0 0.0 0.0 0.0 -0.19728176 0.14354147 -0.0 0.0 -0.18225132 0.0 -0.0 -0.0 0.0 0.14775872 -0.0 -0.19804725 -0.0
-0.0 0.0 -0.0 0.0 0.15927899 -0.0 0.0 0.0 0.29531863 0.0 0.0 -0.0 -0.0 0.0 -0.0 -0.0 -0.0 0.0 -0.0 -0.0 0.0 -0.0 -0.0 0.41746944 -0.0 -0.0 -0.0 -0.0 -0.2653782 -0.0 0.0 -0.0 -0.0 0.0 -0.0 0.0 -0.0 0.0 0.0 0.0 0.0 0.0 0.0 0.0 -0.0 0.0 0.20357805 -0.0 0.0 -0.0 -0.0 0.0 -0.0 0.0 -0.0 0.0 0.0 0.0 -0.0 0.0 -0.0 0.0 -0.0 0.0
0.0 -0.0 0.0 -0.25980598 -0.0 -0.0 0.0 0.0 -0.0 0.0 0.0 0.0 -0.0 -0.0 0.0 -0.0 -0.0 -0.0 -0.20387493 0.0 0.2612177 -0.0 0.0 -0.0 -0.1253716 -0.0 -0.0 0.0 0.0 -0.0 -0.30758703 -0.3296523 0.51980925 -0.0 -0.0 -0.0 -0.0 0.0 -0.0 -0.1653161 -0.0 -0.0 -0.0 -0.11844766 0.0 0.0 -0.0 -0.0 -0.0 0.0 -0.0 -0.0 -0.0 -0.0 0.0 -0.0 0.0 -0.0 0.0 0.0 0.29534623 -0.0 -0.0 0.0
-0.0 -0.0 0.0 0.0 -0.092889555 -0.0 -0.0 0.0 0.0 -0.0 0.0 -0.0 -0.0 -0.0 0.0 -0.0 -0.0 -0.0 -0.0 -0.0 0.031059004 0.0 -0.0 -0.0 -0.0 -0.0 0.0 -0.0 -0.0 0.0 0.0 -0.0 -0.0 0.0 -0.0 -0.0 -0.0 0.0 0.0 -0.0 0.0 -0.0 -0.0 0.0 -0.0 -0.0 -0.0 -0.0 0.0 0.14163372 -0.0 -0.0 -0.0 -0.0 -0.0 -0.0 -0.0 -0.0 0.0 -0.0 -0.0 0.0 -0.0 0.0
0.0 0.0 -0.13337274 0.0 -0.0 0.0 -0.0 -0.07725685 0.0 -0.0 -0.11886712 -0.40189156 -0.0 0.0 -0.0 -0.0 0.0 -0.0 0.0 -0.0 -0.0 -0.20911229 -0.21753941 -0.0 -0.0 0.0 -0.0 0.0 0.0 0.0 -0.0 0.0 0.2727408 0.0 0.0 0.0 0.0 0.0 -0.0 -0.0 -0.3334291 0.0 0.0 0.0 -0.0 0.0 -0.0 0.0 -0.0 -0.0 -0.0 0.0 -0.0 -0.0 0.0 -0.15689676 -0.20638424 -0.0 0.0 0.0 -0.22651792 -0.22612493 -0.0 -0.0
0.0 0.0 -0.0 -0.0 -0.0 -0.0 0.0 -0.0 -0.0 0.0 0.0 -0.0 -0.0 0.0 0.0 0.0 -0.0 -0.0 0.0 0.0 0.0 -0.0 0.0 -0.0 -0.0 -0.0 -0.0 0.0 -0.0 -0.0 0.0 -0.0 0.0 0.0 0.0 -0.0 0.0 0.0 0.0 -0.0 -0.0 0.0 -0.0 -0.0 0.0 -0.0 -0.0 0.0 0.0 0.0 0.0 -0.0 -0.0 0.0 0.0 0.0 -0.0 -0.0 -0.0 0.0 -0.0 0.0 0.0 0.0
-0.0 -0.0 0.0 0.0 -0.0 -0.0 -0.0 0.0 -0.0 0.0 -0.0 -0.0 -0.0 0.0 0.0 0.0 -0.0 -0.0 0.0 -0.0 -0.0 0.0 0.0 -0.0 -0.0 0.0 -0.40501946 -0.0 -0.0 0.79488003 -0.0 -0.0 0.0 0.0 0.0 0.0 -0.0 -0.0 0.0 0.0 -0.13507168 -0.15178265 -0.0 0.0 -0.22054422 -0.0 0.0 -0.0 -0.17115434 0.12725775 0.0 -0.5373214 0.0 0.0 -0.0 -0.0 -0.0 0.0 0.07740226 0.0 -0.0 0.0 0.0 0.20939948
-0.0 0.0 -0.0 -0.0 -0.0 -0.0 -0.0 0.0 -0.0 0.0 -0.0 -0.0 -0.0 -0.0 -0.0 -0.0 0.0 -0.0 0.0 0.0 -0.0 0.0 0.0 -0.0 -0.0 -0.0 -0.0 -0.0 0.0 -0.0 -0.0 -0.0 0.0 0.0 0.0 0.0 -0.0 0.0 -0.0 -0.0 -0.0 -0.0 -0.0 0.0 0.0 -0.0 0.0 0.0 0.0 -0.0 0.0 0.0 -0.0 -0.0 0.0 -0.0 -0.0 0.0 -0.0 0.0 -0.0 0.0 0.0 -0.0
-0.0 -0.0 -0.0 0.0 0.0 0.081251256 0.22371402 -0.0 0.13280596 0.0 0.0 0.07971903 -0.0 0.18688753 -0.10453996 -0.3054437 -0.0 0.17947087 0.0 -0.0 0.16941959 -0.0 -0.0 -0.0 -0.25563768 0.0 0.0 -0.0 0.16054338 0.0 0.19420326 0.0 -0.0 -0.0 0.20304221 0.17853597 0.28291208 0.1046972 -0.0 0.0 0.0 -0.0 0.0 -0.0 0.0 0.21410239 0.2718513 0.0 0.0 -0.0 -0.0 0.0 0.0 -0.0 -0.0 0.2350472 -0.0 -0.0 -0.0 -0.0 0.0 0.0 0.11427024 -0.0
-0.0 -0.0 0.0 0.0 -0.10220389 0.0 -0.0 -0.0 -0.0 -0.0 0.0 0.0 -0.0 -0.0 0.0 -0.122868255 -0.0 0.0 -0.0 -0.0 0.0 -0.16899335 -0.11358877 -0.0 0.0 0.0 -0.0 -0.0 -0.0 -0.0 -0.0 0.0 0.0 0.0 -0.0 -0.0 -0.0 0.0 -0.0 0.0 0.0 -0.0 -0.0 -0.0 0.0 -0.0 0.0 -0.0 -0.0 -0.0 -0.0 -0.0 -0.1729987 0.0 -0.0 0.0 -0.0 0.0 -0.0 -0.0 -0.0 0.0 0.0 -0.0
-0.0 0.0 0.0 0.0 0.0 0.0 -0.0 -0.0 0.0 0.0 -0.36543965 -0.0 0.0 0.0 0.0 -0.25883323 -0.0 -0.0 -0.0 -0.0 0.0 0.0 -0.0 0.0 -0.0 0.0 0.548745 -0.2912741 0.0 0.0 0.0 -0.0 -0.0 0.0 -0.0 -0.0 0.0 0.26038074 0.0 0.0 0.0 0.0 -0.0 0.0 -0.0 0.0 -0.0 -0.0 0.7253227 -0.0 -0.0 0.30520335 0.0 -0.0 -0.279283 0.0 -0.0 0.0 -0.0 -0.0 0.0 -0.0 -0.0 -0.0
-0.0 -0.0 0.0 0.17958236 0.0 0.18910365 -0.19582698 -0.0 0.0 0.0 -0.0 -0.0 -0.0 -0.0 -0.0 -0.19330055 0.0 0.0 0.0 0.0 0.0 -0.17112607 -0.0 0.0 0.06842184 -0.0 -0.0 0.0 -0.0 -0.0 0.0 -0.0 0.0 0.0 -0.0 0.0 -0.077633545 -0.0 0.0 -0.0 0.0 -0.0 -0.0 0.0 0.0 0.0 -0.0 -0.0 -0.0 -0.0 0.0 -0.0 -0.0898549 0.0 -0.0 -0.13372725 -0.0 0.0 0.0 -0.0 -0.0 0.123586066 0.14552586 0.0
0.0 -0.0 -0.0 0.0 0.0 0.0 -0.0 -0.0 0.0 -0.0 0.0 0.0 0.0 -0.0 0.0 -0.0 0.0 -0.0 -0.0 -0.0 0.0 -0.0 -0.0 0.0 0.0 -0.0 0.090716295 0.057593152 -0.0 -0.0 -0.07914148 -0.0 -0.0 0.0 0.0 0.0 0.0 0.0 -0.0 -0.0 0.0 0.13822596 0.0 -0.078117274 0.0 0.0 -0.0 -0.0 -0.0 -0.0 0.0 0.0 -0.0 -0.0 -0.0 -0.0 -0.0 -0.0 -0.0 -0.0 0.0 -0.0 0.06590934 0.1459583
-0.0 -0.0 -0.0 -0.0 -0.0 -0.0 -0.0 0.0 0.0 -0.0 -0.0 0.0 -0.0 -0.0 0.0 -0.0 0.0 0.0 0.0 -0.0 -0.0 0.0 -0.0 -0.0 -0.0 0.0 -0.34163782 -0.0 0.0 -0.0 -0.0 -0.0 0.0 -0.0 0.0 -0.0 -0.0 -0.0 -0.38048872 -0.0 -0.0 0.0 -0.0 -0.0 0.35566968 0.0 0.0 0.0 -0.36640844 -0.0 0.0 -0.0 -0.0 0.0 -0.0 0.095617086 0.0 -0.0 0.0 -0.342407 -0.0 -0.0 0.21081471 0.36652428
-0.0 -0.0 -0.0 0.0 -0.0 -0.0 0.0 -0.0 -0.0 -0.0 -0.0 0.0 -0.0 0.0 -0.0 -0.0 -0.0 0.0 0.0 0.0 0.0 0.0 -0.0 0.0 -0.0 0.0 0.0 -0.0 -0.0 0.0 -0.0 -0.0 -0.0 -0.0 -0.15983379 0.0 -0.0 -0.0 -0.0 -0.0 -0.0 -0.0 -0.0 -0.0 0.0 -0.0 0.0 -0.0 0.0 0.0 0.0 0.0 -0.0 0.0 0.0 -0.0 0.0 -0.0 0.0 -0.0 -0.0 0.0 0.0 0.0
-0.0 -0.0 0.0 -0.0 0.0 0.0 -0.0 0.0 0.0 0.0 -0.0 -0.0 0.0 0.0 0.0 -0.0 0.0 -0.0 0.0 -0.0 0.0 -0.0 0.0 0.0 -0.0 -0.0 0.0 -0.0 0.0 -0.0 0.0 -0.0 -0.0 -0.0 0.0 -0.0 0.0 -0.0 -0.0 -0.0 0.0 -0.0 -0.0 -0.0 0.0 0.0 -0.0 0.0 -0.0 0.0 -0.0 0.0 0.0 -0.0 0.0 0.0 0.0 0.0 0.0 -0.0 0.0 -0.0 -0.0 -0.0
0.0 -0.0 0.0 -0.0 -0.0 0.0 -0.12845969 0.0 -0.0 -0.0 0.0 -0.0 0.0 0.0 0.0 0.0 0.0 0.0 -0.0 -0.0 0.0 -0.0 0.0 -0.0 -0.14174026 -0.06576683 -0.0 0.0 0.0 0.0 -0.0 -0.0 -0.11960537 0.0 0.0 -0.0 0.0 0.0 0.0 -0.13024504 -0.0 0.0 0.0 0.0 -0.0 0.0 -0.0 -0.0 -0.0 -0.0 0.0 -0.0 -0.0 0.0 -0.0 -0.0 -0.0 0.13173088 -0.0 0.0 0.19596142 0.0 0.0 -0.0
-0.0 -0.0 -0.0 0.0 0.0 0.0 0.0 -0.0 0.0 -0.0 -0.0 -0.0 0.0 -0.0 0.0 -0.0 -0.0 -0.0 -0.0 0.0 0.0 -0.0 -0.0 -0.21589768 0.0 -0.0 0.0 -0.0 -0.0 -0.0 -0.0 -0.0 0.0 0.0 -0.0 -0.0 -0.0 -0.0 0.0 -0.0 -0.0 0.0 -0.0 -0.0 0.0 0.0 -0.0 -0.0 0.0 -0.0 -0.0 -0.0 0.0 -0.0 -0.0 0.0 0.12665421 -0.0 0.0 -0.0 0.25211573 0.0 -0.0 0.0
-0.0 -0.0 0.0 -0.0 -0.0 -0.0 0.0 -0.3652055 0.0 0.0 -0.46188802 -0.0 -0.0 0.0 0.0 0.0 -0.0 -0.0 -0.0 -0.0 -0.0 0.0 0.0 -0.0 -0.0 -0.0 0.3937014 -0.14956045 0.0 0.0 0.0 -0.0 0.0 0.0 0.0 0.0 0.0 -0.0 0.0 -0.0 -0.224246 0.0 0.0 0.0 -0.49628416 0.0 0.0 -0.3721781 0.38974634 0.0 -0.4406796 -0.2864224 0.0 -0.0 -0.40196022 0.0 0.0 -0.0 -0.27355278 0.25874728 -0.0 -0.0 0.0 -0.47337037
0.0 0.0 -0.0 -0.0 -0.0 0.0 -0.0 0.0 -0.0 -0.0 0.0 0.0 -0.0 -0.0 -0.0 -0.0 -0.0 0.0 -0.0 -0.0 0.6560062 0.0 -0.0 -0.0 -0.33349398 -0.0 -0.0 -0.0 -0.0 0.0 -0.0 -0.18495862 -0.0 0.5408905 0.0 0.19971299 0.0 0.0 -0.0 -0.0 0.9965474 0.0 -0.0 0.0 0.0 -0.0 -0.0 0.0 0.0 0.0 0.0 -0.0 -0.0 -0.0 -0.0 -0.0 0.0 -0.0 -0.0 0.0 -0.0 -0.0 -0.0 0.0
-0.0 0.0 0.0 -0.0 0.0 -0.0 0.29920107 -0.0 -0.0 -0.0 -0.0 -0.0 0.0 0.0 -0.0 0.0 -0.0 -0.0 0.0 -0.0 -0.0 -0.0 0.0 -0.0 -0.0 -0.0 0.0 -0.0 0.0 0.0 0.0 0.0 0.0 -0.0 -0.0 0.0 0.0 -0.0 -0.0 0.1696243 0.0 0.0 -0.0 0.24876845 0.0 -0.0 0.0 0.0 -0.0 0.0 0.0 0.0 0.0 -0.0 0.13892452 -0.0 -0.0 -0.0 0.0 0.0 -0.0 0.11279597 -0.0 0.0
0.0 0.0 0.0 0.0 0.0 0.08426811 -0.0 -0.0 0.0 0.06772253 0.0 -0.0 0.0 -0.0 0.0 -0.12497247 0.0 0.11308018 0.0 0.0 0.08311857 -0.0 0.0 -0.0 0.21507302 0.0 0.0 0.0 -0.17793503 0.0 0.0 0.0 0.088021934 0.0 0.0 0.0 -0.0 0.1997904 -0.0 -0.117897734 0.18543993 -0.0 0.0 -0.0 0.0 0.08355919 -0.041799154 -0.0 0.0 0.0 0.0 -0.0 0.0 -0.0 -0.0 -0.0 0.0 -0.0 0.0 0.0 0.0 0.0 0.0 -0.0
-0.0 -0.3117824 0.0 0.0 -0.0 -0.0 0.0 -0.43234155 -0.0 0.0 -0.39577505 0.0 -0.0 -0.0 -0.0 -0.0 -0.0 -0.0 -0.0 0.0 0.0 -0.0 0.0 -0.0 -0.0 -0.0 -0.0 -0.6668586 -0.0 0.0 0.0 0.0 0.0 0.0 0.0 0.0 -0.0 0.0 0.89825463 -0.0 -0.0 -0.0 0.0 0.0 -0.0 -0.0 -0.0 -0.30791935 0.0 0.0 -0.03663631 -0.25280747 -0.0 -0.0 -0.0 0.0 -0.0 0.0 -0.31384516 -0.0 0.0 0.0 -0.0 0.0
-0.0 0.0 0.0 0.0 -0.0 -0.0 -0.28044572 -0.0 0.0 0.0 0.0 0.0 -0.0 -0.0 -0.0 -0.0 -0.21848501 -0.4289177 -0.15676 -0.0 -0.2840053 0.32505405 0.0 -0.0 -0.0 0.0 -0.0 -0.23365895 -0.0 0.0 0.0 0.0 0.0 0.0 -0.3874701 -0.1539314 -0.19355537 -0.0 -0.0 -0.0 -0.0 0.0 -0.0 -0.0 0.0 -0.0 -0.24128966 -0.0 0.0 0.0 -0.0 0.0 0.0 -0.0 -0.16607855 0.0 -0.0 -0.0 0.0 0.0 -0.0 -0.0 -0.0 -0.0
-0.0 -0.0 -0.0 0.0 0.0 0.04903612 -0.0 -0.0 -0.0 0.13366038 0.0 0.0 -0.0 -0.0 -0.0 -0.10741644 0.0 0.0 0.0 0.09426632 -0.0 -0.0 0.0 0.0 0.0 -0.0 -0.0 0.0 -0.0 -0.0 0.0 0.0 0.0 0.0 0.0 0.0 0.0 0.0 0.0 -0.0812378 -0.0 -0.0 0.0 -0.0 0.0 -0.0 -0.0 -0.0 -0.0 -0.0 0.0 -0.0 -0.0 0.0 -0.0 -0.0 -0.0 -0.0 0.0 0.0 0.0 -0.0 -0.0 -0.0
0.0 -0.0 -0.0 0.0 -0.0 -0.0 -0.0 0.0 -0.0 -0.0 0.0 0.0 -0.0 0.0 0.0 0.0 -0.0 -0.0 0.0 -0.0 -0.0 0.0 -0.0 0.0 0.0 -0.0 0.0 -0.0 -0.0 -0.0 -0.0 -0.0 -0.0 0.0 -0.0 -0.0 -0.0 0.0 0.0 -0.0 0.0 -0.0 -0.0 0.0 -0.0 -0.0 -0.0 -0.0 -0.0 -0.0 -0.0 -0.0 -0.0 0.0 0.0 0.0 0.0 0.0 0.0 -0.0 0.0 0.0 -0.0 -0.0
-0.0 0.0 0.0 0.0 -0.0 0.16034077 -0.0 0.0 0.0 -0.0 0.0 0.0 0.0 -0.0 -0.0 -0.0 -0.0 -0.0 -0.0 -0.0 0.2413283 0.0 -0.0 -0.0 0.0 -0.0 -0.0 -0.0 -0.0 -0.0 0.0 0.0 0.0 0.0 -0.0 -0.0 -0.0 0.0 -0.0 -0.0 0.16527021 0.0 -0.0 0.0 -0.0 -0.0 0.0 0.0 -0.0 -0.0 0.0 0.0 -0.0 0.0 -0.0 -0.0 -0.0 -0.0 0.0 0.0 0.0 -0.0 0.0 -0.0
0.0 0.31889698 0.0 -0.0 -0.0 -0.0 -0.0 0.0 -0.0 -0.0 -0.0 0.0 -0.0 -0.0 0.0 -0.0 -0.0 -0.0 -0.0 0.0 -0.0 -0.0 0.0 -0.0 -0.0 0.0 0.28665406 0.0 0.0 -0.0 0.0 0.0 -0.0 -0.0 0.0 0.0 -0.0 0.0 -0.0 0.0 -0.0 0.3341855 0.0 -0.0 0.2687243 -0.0 0.0 0.0 -0.0 -0.0 -0.0 -0.0 0.0 -0.0 -0.101864584 -0.0 0.0 -0.0 -0.3385278 -0.0 -0.0 0.0 0.0 -0.22754088
0.0 -0.0 -0.0 -0.0 -0.23828879 0.0 0.0 0.0 -0.0 0.0 0.0 -0.0 0.0 -0.08941644 0.0 0.07012728 -0.0 0.0 0.44705653 -0.19247577 -0.0 0.0 0.0 0.0 0.0 0.0 0.0 -0.0 0.0 -0.0 -0.0 0.68458885 -0.0 -0.0 0.0 0.0 -0.0 0.0 0.0 0.5037943 -0.0 0.0 -0.2630909 0.4497329 -0.0 0.0 0.0 0.0 0.0 -0.15960053 -0.0 -0.0 0.08441842 0.0 0.0 -0.0 0.61505103 0.0 -0.0 0.0 0.33705604 -0.21191552 -0.0 -0.0
0.0 0.0 -0.0 0.0 -0.0 0.1269956 0.0 0.0 0.0 -0.0 0.26513633 -0.0 0.0 -0.055063266 -0.0 -0.0 -0.14583948 0.0 -0.0 -0.0 0.010171872 0.0 0.0 -0.0 -0.0 0.0 -0.14858231 -0.14473793 -0.0 -0.0 -0.0 -0.0 0.1315723 -0.0 -0.21006064 -0.24821916 0.0 0.117064446 0.0 -0.11844061 0.0 0.0 -0.0 0.0 0.0 -0.0 -0.0 -0.0 -0.23216993 -0.0 -0.11866571 0.0 -0.2207326 -0.0 -0.0 -0.0 0.0 -0.0 -0.0 -0.0 0.3701219 0.0 -0.0 -0.0
0.0 0.0 -0.0 0.0 -0.0 -0.0 -0.08021434 -0.0 -0.0 -0.0 -0.034224536 -0.0 -0.0 0.0 0.0 -0.0 -0.0 -0.0 0.0 0.0 0.0 0.0 0.0 0.0 0.0 0.0 -0.0 0.0 0.0 -0.0 -0.0 0.0 -0.0 -0.0 -0.0 0.0 -0.0 0.0 0.0 0.0 -0.0 0.0 -0.0 0.0 0.0 -0.0 -0.0 -0.0 0.0 0.14222601 -0.0 0.0 -0.0 -0.0 -0.0 -0.0 -0.0 -0.0 0.0 0.0 -0.0 0.0 0.0 0.0
0.0 -0.0 -0.0 -0.0 -0.0 -0.0 0.0 -0.0 -0.0 0.0 0.0 -0.0 -0.0 -0.0 -0.0 -0.0 0.0 -0.0 -0.0 0.0 0.0 -0.0 -0.0 -0.0 0.0 -0.0 0.0 0.0 0.0 -0.0 0.0 0.0 -0.0 0.18674041 -0.0 -0.0 0.0 0.0 0.0 -0.0 0.0 -0.0068937647 0.0 0.0 -0.0 -0.0 -0.0 -0.0 0.0 0.0 -0.0 -1.0743619 -0.0 0.0 -0.0 -0.0 0.0 -0.0 0.5499538 -0.0 0.0 0.0 -0.0 -0.0
0.0 0.0 -0.0 0.0 -0.0 -0.0 0.0 -0.0 -0.0 -0.0 0.0 -0.0 0.0 -0.0 -0.0 0.0 -0.0 -0.0 -0.0 -0.0 0.0 0.0 -0.12979718 -0.0 -0.0 0.09681053 0.0 0.0 0.0 0.0 -0.0 -0.0 0.0 0.0 -0.11866732 -0.050330564 -0.1302973 -0.0 -0.0 -0.0 0.0 0.0 -0.0 0.0 0.0 0.0 0.0 0.0 0.0 -0.0 -0.0 0.0 -0.0 -0.0 0.0 -0.0 0.0 -0.0 0.0 0.0 0.0 -0.14661007 -0.0 -0.0
0.0 0.0 -0.0 0.34847412 0.14716248 0.0 -0.0 -0.13633972 -0.0 -0.0 -0.0 0.0 -0.0 0.0 0.21644178 0.0 -0.0 -0.0 0.0 -0.0 0.0 0.0 -0.0 0.3611896 0.0 -0.0 0.0 -0.0 -0.0 0.0 -0.0 -0.0 -0.60497737 -0.0 0.0 -0.0 0.0 -0.0 -0.0 -0.0 -0.0 -0.0 0.0 -0.0 0.0 -0.0 -0.0 -0.0 0.0 -0.0 -0.0 0.0 -0.0 -0.20353691 0.0 0.0 -0.0 -0.0 -0.0 0.0 -0.0 -0.0 -0.0 -0.0
-0.0 -0.0 -0.0 0.0 -0.0 0.0 -0.0 0.0 0.0 -0.0 -0.0 -0.0 0.0 0.0 -0.0 -0.0 0.0 -0.0 -0.0 -0.0 -0.0 0.0 0.0 0.0 -0.0 -0.0 -0.0 0.0 0.0 -0.0 -0.0 0.0 -0.0 0.0 0.0 -0.0 -0.0 -0.0 0.0 0.0 0.0 0.0 -0.0 0.0 -0.0 0.0 -0.0 -0.0 0.0 -0.0 0.0 -0.0 0.0 0.0 0.0 0.0 -0.0 0.0 -0.0 -0.0 -0.0 0.0 -0.0 0.0
-0.0 0.0 0.0 0.0 -0.0 0.0 -0.0 0.0 -0.0 0.0 -0.0 0.0 -0.0 0.0 0.0 -0.0 0.0 0.0 -0.0 0.0 -0.0 0.0 -0.0 -0.0 0.0 0.0 0.0 0.0 0.0 0.0 0.0 0.0 -0.0 -0.0 0.0 0.0 0.0 -0.0 0.0 0.0 -0.0 0.0 0.0 0.0 0.0 0.0 -0.0 -0.0 -0.0 -0.0 -0.0 0.0 0.0 -0.0 0.0 0.0 0.0 -0.0 -0.0 -0.0 0.0 0.0 -0.0 0.0
0.0 -0.0 0.0 0.0 0.25564682 0.0 0.0 -0.0 -0.0 0.0 0.0 0.0 -0.0 -0.0 0.0 -0.0 -0.0 -0.0 -0.0 -0.0 0.0 -0.0 0.0 0.11950507 -0.0 -0.0 -0.0 -0.0 -0.0 -0.0 0.0 -0.0 -0.0 -0.0 -0.0 0.0 0.0 -0.0 0.0 -0.0 0.0 -0.0 0.0 0.0 -0.0 -0.0 -0.0 -0.0 0.0 0.0 0.0 0.0 -0.0 -0.0 -0.0 0.0 -0.0 -0.0 0.0 0.0 -0.0 0.0 0.0 -0.0
0.0 0.0 0.0 -0.0 0.0 0.0 -0.0 -0.0 0.0 -0.0 0.0 -0.0 0.0 -0.0 -0.0 -0.0 -0.0 0.0 -0.0 0.0 0.0 -0.0 -0.0 -0.0 -0.0 -0.0 0.0 -0.0 -0.0 -0.0 0.0 0.0 -0.0 -0.0 0.0 0.0 -0.0 0.0 0.0 0.0 0.0 0.0 0.0 -0.0 -0.0 0.0 -0.0 -0.0 0.0 0.0 -0.0 -0.0 -0.0 -0.0 0.0 0.0 0.0 0.0 -0.0 0.0 0.0 0.0 -0.0 -0.0
0.0 0.0 -0.0 0.0 -0.0 0.0 -0.09165091 -0.0 -0.0 -0.0 -0.0 -0.02724512 0.0 -0.07862927 -0.08326583 -0.0 0.0 0.23832253 -0.0 0.0 0.0 -0.0 -0.0 -0.0 -0.0 -0.0 0.0 0.1368398 -0.0 -0.0 -0.0 -0.0 0.0 -0.0 -0.0 -0.0 0.0 -0.0 0.0 -0.076199494 0.0 0.0 -0.0 0.0 0.0 0.13955007 -0.08071733 -0.10253598 -0.0 -0.07527603 -0.0 -0.0 -0.0 0.0 -0.11323991 -0.090801656 0.0 0.11743751 -0.0 -0.0 -0.0 0.0 0.0 0.13025518
-0.0 -0.0 -0.188332 0.0 0.0 -0.0 -0.0 -0.0 -0.0 -0.0 0.0 -0.0 -0.0 -0.0 0.0 -0.0 0.0 -0.0 -0.0 -0.0 0.0 0.0 0.0 -0.0 -0.0 -0.0 0.0 0.0 0.0 0.0 0.0 -0.0 -0.0 0.0 0.0 0.0 -0.0 0.0 0.0 -0.0 0.0 -0.0 0.0 0.0 -0.16339621 -0.0 -0.0 0.0 0.0 0.0 0.0 -0.0 0.0 -0.0 -0.0 -0.0 0.0 -0.0 -0.0 0.0 -0.0 -0.0 0.0 0.0
-0.0 -0.0 0.0 0.0 0.0 -0.0 -0.0 0.0 0.0 -0.0 -0.0 0.0 -0.0 -0.0 0.0 -0.0 -0.0 -0.0 -0.0 -0.0 0.41383177 -0.0 0.0 0.0 0.0 -0.0 0.0 0.0 -0.0 0.0 -0.0 0.0 -0.0 0.0 -0.0 0.0 0.0 -0.0 0.0 -0.0 0.0 -0.0 0.0 -0.0 -0.0 -0.0 0.0 0.0 -0.0 0.0 0.0 0.0 -0.0 0.0 -0.0 0.0 -0.0 0.0 0.0 0.0 0.0 0.0 0.0 -0.0
0.0 0.0 -0.0 -0.0 0.11184882 -0.0 -0.0 -0.0 0.0 0.0 -0.0 -0.23972172 0.0 0.0 -0.0 -0.0 0.0 0.0 0.0 0.0 -0.0 0.0 -0.0 -0.0 0.14550921 -0.0 0.0 0.0 0.0 -0.0 -0.0 -0.0 0.0 0.0 0.0 0.0 0.0 0.0 0.0 0.0 -0.0 -0.0 -0.0 0.0 -0.0 -0.0 -0.0 -0.0 0.0 -0.0 -0.0 -0.0 -0.0 0.0 -0.0 -0.14249465 0.0 -0.1620341 -0.0 0.0 -0.18192534 -0.0 -0.0 -0.0
0.0 0.0 0.0 0.0 -0.0 -0.0 0.0 -0.0 -0.0 0.0 -0.0 -0.0 -0.1926453 -0.0 0.0 0.0 -0.0 -0.0 -0.0 -0.0 -0.0 0.0 0.0 -0.0 -0.0 0.0 -0.0 -0.0 -0.0 0.0 0.0 -0.0 -0.0 0.0 0.0 0.0 -0.0 0.0 -0.0 -0.0 -0.0 -0.0 0.0 -0.0 -0.0 -0.0 0.0 0.0 -0.0 0.0 -0.0 -0.0 -0.0 0.0 0.0 -0.0 -0.0 0.0 -0.0 -0.0 -0.0 -0.0 0.0 0.0
0.0 -0.0 -0.0 -0.0 0.0 0.0 0.0 0.0 -0.0 -0.0 -0.0 0.0 0.0 0.0 -0.0 0.0 -0.0 0.0 -0.0 0.0 0.0 -0.0 0.0 -0.0 0.0 0.0 0.0 -0.0 -0.0 -0.0 0.0 -0.0 -0.0 -0.0 0.0 -0.0 0.0 0.0 0.0 -0.0 0.0 -0.0 0.0 0.0 0.0 -0.0 -0.0 0.0 0.0 -0.0 -0.0 0.0 0.0 -0.0 0.0 0.0 0.0 -0.0 -0.0 -0.0 0.0 0.0 0.0 -0.0
-0.0 0.0 0.0 -0.0 0.0 0.0 0.0 -0.0 0.0 0.0 0.0 -0.0 0.0 0.0 -0.0 -0.0 -0.0 0.0 -0.0 0.0 0.114794455 0.0 -0.0 0.0 0.0 0.0 0.0 -0.0 -0.0 -0.0 0.14388746 -0.0 -0.0 0.0 0.0 -0.0 -0.0 0.0 -0.0 0.0 0.0 -0.0 -0.0 0.0 0.0 0.0 0.0 -0.0 -0.0 -0.0 -0.0 0.0 0.14342737 0.0 -0.0 0.0 0.19965142 0.0 0.0 0.0 0.1472156 0.0 0.0 0.0
0.0 0.0 -0.0 0.0 -0.0 -0.0 -0.0 0.0 0.0 0.0 0.0 0.0 0.26837775 -0.0 0.0 0.0 0.0 -0.0 0.0 0.0 -0.0 -0.0 0.0 0.0 0.0 0.0 -0.0 0.1776464 -0.0 0.0 -0.0 -0.0 0.0 -0.0 -0.0 -0.0 -0.0 0.0 0.0 0.0 0.0 -0.0 0.0 -0.0 0.0 0.0 0.0 0.0 0.0 -0.0 0.0 0.0 -0.0 -0.0 -0.0 0.0 -0.0 0.0 0.0 0.0 0.0 -0.0 0.0 0.0
0.0 -0.0 0.0 -0.0 0.0 0.0 0.0 0.0 0.0 0.0 0.0 -0.0 -0.0 -0.0 0.0 -0.0 -0.0 0.0 -0.0 0.0 0.0 -0.0 -0.0 -0.0 0.0 -0.0 0.0 -0.0 0.0 -0.0 0.0 0.0 0.0 0.0 0.0 0.0 0.0 0.0 -0.0 -0.0 0.0 0.0 -0.0 -0.0 -0.0 0.0 -0.0 0.0 -0.0 0.0 -0.0 0.0 -0.0 -0.0 0.0 0.0 -0.0 -0.0 0.0 0.0 0.0 0.0 0.0 -0.0
0.0 -0.14366917 -0.0 0.0 -0.0 0.0 -0.0 0.0 -0.0 -0.0 0.0 -0.0 -0.0 -0.0 0.0 0.0 -0.0 -0.0 0.0 -0.0 0.0 -0.0 0.0 0.0 0.0 -0.0 0.0 0.0 -0.0 -0.0 0.0 -0.0 0.0 0.0 -0.061264284 -0.0 -0.0 0.0 0.0 0.0 0.0 0.0 -0.0 0.0 -0.103691995 0.0 -0.06823231 0.0 0.0 0.0 0.0 -0.0 0.0 0.0 -0.0 0.0 -0.0 -0.0 -0.10888414 0.0 0.0 -0.0 -0.0 -0.0
0.0 0.0 -0.21141112 -0.20020822 -0.0 -0.0 -0.0 0.14072064 0.0 0.0 0.0 0.4142128 -0.12491899 -0.07482424 0.0 -0.20219958 0.22559436 0.0 0.0 -0.13528444 0.0 -0.0 0.0 -0.22843644 -0.17290822 0.0 -0.0 0.0 -0.0 0.0 -0.0 0.20660584 0.8716182 0.0 -0.0 -0.0 -0.0 0.0 -0.0 0.13765396 0.0 0.0 -0.0 -0.14568742 0.0 0.0 -0.0 0.0 -0.0 0.0 0.17827436 -0.0 0.3071122 0.20852146 0.0 0.0 -0.0 -0.16611277 -0.0 -0.0 0.13519047 0.0 -0.0 0.0
-0.0 0.0 0.0 0.0 -0.0 0.0 -0.0 -0.0 0.0 0.0 0.0 0.0 -0.0 0.0 -0.0 0.0 0.0 -0.0 0.0 0.0 -0.0 0.0 -0.0 0.0 -0.0 0.0 0.0 0.0 -0.0 0.0 0.0 -0.0 0.0 0.0 -0.0 -0.0 0.0 -0.0 -0.0 0.0 0.0 -0.0 -0.0 0.0 -0.0 -0.0 0.0 0.0 0.0 -0.0 0.0 -0.0 0.0 0.0 0.0 -0.0 -0.0 -0.0 0.0 -0.0 -0.0 -0.0 -0.0 -0.0
-0.0 0.0 0.0 -0.0 -0.0 0.0 -0.0 0.0 0.0 -0.0 0.0 0.0 -0.0 -0.0 0.0 -0.0 -0.0 -0.0 -0.0 -0.0 -0.0 0.0 -0.0 -0.0 0.0 -0.0 -0.0 -0.0 -0.0 -0.0 -0.0 0.0 0.0 -0.0 0.0 0.0 -0.0 0.0 -0.0 -0.0 0.0 -0.0 -0.0 -0.0 -0.0 -0.15001576 -0.0 0.0 0.0 -0.0 0.0 0.0 -0.0 0.0 -0.0 -0.0 -0.0 -0.0 -0.0 -0.0 0.0 -0.0 0.0 -0.0
0.0 0.0 -0.0 0.07512772 0.0 -0.0 -0.0 -0.0 -0.0 -0.0 0.0 -0.0 -0.0 0.0 -0.0 -0.0 -0.0 0.0 -0.0 -0.0 0.0 -0.15276706 -0.0 0.0 -0.0 -0.0 -0.0 -0.0 0.0 0.0 0.0 0.0 -0.0 0.0 -0.0 -0.0 0.0 0.10067587 0.0 -0.0 0.0 0.0 0.0 -0.0 -0.0 0.0 0.0 -0.0 -0.0 0.0 -0.0 0.0 -0.0 -0.0 0.0 0.0 0.0 0.0 -0.0 0.0 0.0 0.0 0.0 0.0
0.0 0.0 0.0 -0.0 -0.0 0.0 -0.0 0.0 0.0 0.0 -0.0 0.0 -0.0 0.0 0.0 -0.0 0.0 -0.0 0.0 -0.0 -0.0 0.0 -0.0 0.0 0.0 0.0 -0.0 -0.0 -0.0 0.0 -0.0 0.0 -0.0 0.0 0.0 0.0 -0.0 0.0 0.0 -0.0 0.0 -0.0 0.0 -0.0 0.0 0.0 -0.0 -0.0 0.0 -0.0 0.0 0.0 -0.0 0.0 -0.0 0.0 -0.0 -0.0 0.0 -0.0 0.0 -0.0 0.0 -0.0
-0.0 -0.0 -0.0 -0.0 0.0 0.0 0.0 -0.0 0.0 0.0 -0.0 -0.0 0.0 0.0 0.0 -0.0 0.0 0.0 -0.0 -0.0 -0.0 -0.0 0.0 0.0 -0.0 -0.0 -0.0 -0.0 -0.0 0.0 -0.0 -0.0 0.0 -0.0 -0.0 -0.0 0.0 -0.0 0.0 0.0 -0.0 -0.0 -0.0 0.0 -0.0 0.0 0.0 0.0 0.0 -0.0 0.0 0.0 0.0 -0.0 -0.0 -0.0 -0.0 0.0 0.0 -0.0 -0.0 -0.0 -0.0 -0.0
0.0 -0.0 -0.0 0.0 0.0 -0.0 -0.0 0.0 -0.0 -0.0 0.0 -0.0 -0.0 -0.0 0.0 -0.0 -0.0 -0.0 -0.0 -0.0 0.0 0.0 -0.0 0.0 0.0 -0.0 0.19266176 0.0 -0.0 0.0 0.0 -0.0 -0.11578111 0.0 -0.0 0.0 -0.0 0.0 0.0 -0.0 0.0 -0.0 0.0 -0.0 -0.0 -0.0 -0.0 0.0 -0.0 0.0 -0.0 -0.18493591 -0.0 -0.0 -0.0 -0.0 -0.0 0.0 0.0 -0.0 0.0 0.0 0.0 -0.0
-0.0 -0.0 -0.18943818 0.0 0.0 0.0 0.0 -0.0 -0.0 -0.0 -0.0 0.0 -0.18139854 -0.0 -0.0 -0.0 -0.19667676 0.0 0.0 -0.0 0.15866764 0.0 -0.0 -0.0 -0.0 -0.15184635 -0.0 0.0 -0.0 -0.0 0.0 -0.09570367 -0.2893428 -0.0 0.0 -0.0 -0.0 -0.0 -0.0 -0.132464 -0.0 -0.0 -0.0 -0.0 -0.0 0.0 -0.0 -0.0 -0.0 -0.09568399 0.0 -0.0 0.14505607 -0.0 -0.0 0.0 0.20078783 -0.0 0.0 -0.0 0.39011705 0.0 -0.0 -0.0
0.0 0.0 0.0 0.0 0.0 -0.0 0.0 -0.0 0.0 -0.0 0.0 -0.0 -0.0 -0.0 -0.0 0.0 -0.0 0.0 -0.0 -0.0 0.0 -0.0 0.0 -0.0 0.0 -0.0 -0.0 -0.0 -0.0 0.0 -0.0 0.0 -0.0 -0.0 -0.0 0.0 -0.0 0.0 0.0 0.0 -0.0 0.0 0.0 -0.0 -0.0 -0.0 0.0 -0.0 0.0 0.0 0.0 -0.0 0.0 0.0 0.0 -0.0 0.0 -0.0 0.0 -0.0 0.0 0.0 0.0 0.0
-0.0 -0.0 -0.0 -0.0 -0.0 -0.0 -0.0 0.0 -0.19260491 -0.0 -0.0 -0.085339285 -0.14337139 -0.0 0.0 0.0 -0.0 0.0 0.0 -0.0 0.08820671 0.15089892 0.0 -0.12199375 -0.08497619 -0.0 0.0 -0.0 0.0 0.0 -0.0 -0.0 -0.10743044 0.0 0.0 0.0 -0.0 0.0 0.0 -0.0 -0.0 0.045553632 0.0 -0.0 -0.10714991 -0.10711227 -0.10856861 0.0 0.0 -0.0 0.029267449 -0.12722038 0.0 -0.0 0.0 0.0 0.0 -0.0 -0.10258922 0.0 0.0 -0.10201851 0.20869912 -0.0
0.0 -0.0 -0.0 -0.0 0.0 -0.63261926 0.64570165 0.0 0.4450002 -0.0 -0.0 0.56279933 -0.44191393 -0.0 -0.0 0.0 -0.0 0.0 -0.0 0.0 -0.0 0.0 -0.0 -0.0 -0.0 0.0 0.0 0.0 0.0 -0.0 -0.5706343 -0.0 -0.71751356 0.0 -0.0 -0.0 -0.69870734 -0.0 0.0 -0.0 -0.89950675 -0.0 0.0 -0.0 0.0 0.0 0.0 0.0 -0.0 0.0 0.0 -0.0 0.0 0.0 0.0 0.0 1.1971637 -0.0 -0.0 -0.0 -0.0 -0.0 0.0 0.0
-0.0 0.0 -0.0 0.7424903 -0.42286095 0.3121004 -0.2138342 0.0 -0.39295617 -0.30276936 -0.0 -0.0 -0.0 -0.18689089 0.0 0.28945252 -0.23382993 -0.0 0.0 -0.0 0.2294278 0.0 0.0 0.5757696 -0.0 -0.15550907 -0.0 0.0 -0.0 0.0 -0.0 -0.0 -0.57889134 0.0 0.0 -0.0 0.0 0.0 0.0 -0.0 0.0 0.0 0.0 0.0 0.0 -0.0 -0.41744357 -0.0 -0.0 -0.0 -0.0 -0.0 -0.0 -0.31902564 0.0 0.0 0.0 -0.0 -0.0 -0.0 0.0 -0.20662417 0.25474003 0.0
0.0 0.0 -0.12220128 0.0 -0.0 -0.11548318 0.0 0.0 -0.0 -0.0 -0.0 -0.16101773 0.0 0.0 -0.0 0.16210775 0.0 -0.0 -0.0 -0.0 0.0 0.0 -0.0 -0.0 0.10810563 -0.0 0.0 0.0 -0.0 0.08253893 -0.09181183 -0.0 0.22315027 0.0 -0.0 -0.0 0.0 -0.007802114 0.0 0.0 0.0 0.18138358 -0.0 0.0 -0.0 -0.12895118 -0.0 0.0 0.0 -0.0 0.0 -0.08053638 0.0 -0.0 -0.0 -0.0 0.0 -0.18220152 -0.0 0.0 0.0 -0.0 -0.12805668 -0.0
0.0 0.0 -0.0 0.0 -0.0 0.0 -0.0 0.0 0.0 -0.0 0.0 0.0 0.0 0.0 -0.0 0.0 0.0 -0.0 0.0 0.0 0.0 0.0 -0.0 -0.0 0.0 0.0 0.0 0.0 0.0 -0.0 0.0 0.0 -0.0 -0.0 -0.0 0.0 -0.0 0.0 0.0 -0.0 -0.0 0.0 -0.0 0.0 -0.0 -0.0 -0.0 -0.0 0.0 -0.0 -0.0 0.0 -0.0 -0.0 -0.0 0.0 -0.0 -0.0 -0.0 -0.0 0.0 -0.0 0.0 0.0
0.0 -0.0 0.0 0.0 -0.0 -0.0 -0.0 -0.0 -0.0 0.0 -0.0 -0.0 0.0 0.0 0.0 0.0 -0.0 -0.0 0.0 0.0 0.0 0.0 0.0 -0.0 -0.0 0.0 0.0 -0.0 -0.0 0.0 0.0 -0.0 -0.0 0.0 -0.0 0.0 0.0 0.0 0.0 0.0 0.0 -0.0 -0.0 -0.0 -0.0 -0.0 0.0 0.0 0.0 0.0 0.0 0.0 0.0 -0.0 0.0 -0.0 -0.0 0.0 -0.17857896 0.0 0.0 -0.0 -0.0 -0.0
0.0 0.0 -0.34627134 0.0 -0.0 -0.0 -0.3108174 -0.0 0.32894036 0.0 0.0 0.2712558 -0.0 -0.0 0.20302202 0.2948123 -0.0 -0.23982815 0.14777279 -0.09282407 -0.0 -0.0 -0.0 0.0 0.0 -0.0 -0.0 -0.0 -0.2635597 0.0 -0.0 0.30488533 -0.46872044 -0.0 -0.17428881 0.0 0.0 -0.24492124 0.2560888 0.0 0.0 -0.0 -0.0 0.19835097 -0.0 -0.0 -0.0 0.0 -0.0 0.19807698 -0.0 -0.0 -0.23597139 0.0 -0.0 0.0 0.0 -0.2389839 0.0 0.246825 -0.0 0.0 -0.2640692 -0.0
0.0 0.0 0.0 -0.0 -0.0 -0.0 0.16697556 -0.0 0.0 -0.0 -0.0 0.0 0.0 0.0 0.0 0.0 -0.15777607 -0.101310626 -0.0 -0.0 0.08176715 -0.0 -0.0 0.0 -0.0 0.0 0.0 -0.0 -0.0 -0.0 -0.16628745 -0.0 0.0 -0.0 0.0 -0.0 -0.0 0.0 0.0 -0.0 0.0 0.0 -0.0 0.0 0.0 0.0 -0.0 0.10198318 -0.0 -0.0 -0.0 0.0 -0.0 -0.19496484 0.0 0.0 -0.23539 -0.0 0.0 -0.0 -0.0 -0.0 -0.0 -0.0
0.0 -0.0 -0.0 -0.0 0.0 -0.0 -0.0 0.0 -0.0 -0.0 -0.0 0.0 -0.0 -0.0 0.0 0.0 0.0 0.0 -0.0 -0.0 0.0 0.0 -0.0 -0.0 -0.0 -0.0 0.5724199 -0.0 -0.0 0.0 0.0 -0.0 -0.15448815 0.0 0.0 0.0 0.0 0.0 0.0 0.0 0.0 -0.12509479 -0.0 -0.0 -0.0 0.0 0.0 0.0 -0.15930642 0.0 0.0 0.32159436 0.0 -0.0 -0.0 -0.0 0.0 -0.0 -0.12858714 0.0 -0.0 -0.0 -0.0 -0.0
-0.0 0.0 0.0 0.0 0.0 0.0 -0.0 0.0 0.0 -0.0 -0.0 -0.0 0.0 0.0 0.0 -0.0 0.0 0.0 -0.0 -0.0 -0.0 0.0 -0.0 0.0 0.0 -0.0 -0.0 0.0 -0.0 -0.0 0.0 -0.0 0.0 -0.0 0.0 -0.0 -0.0 -0.0 0.0 0.0 -0.0 -0.0 -0.0 0.0 -0.0 0.0 0.0 -0.0 -0.0 -0.0 -0.0 0.0 0.0 -0.0 -0.0 -0.0 0.0 -0.0 -0.0 -0.0 0.0 -0.0 -0.0 -0.0
0.0 -0.0 0.0 0.0 -0.0 0.0 -0.0 0.0 0.0 -0.0 0.0 -0.0 0.0 0.0 0.0 0.25254557 0.0 -0.0 -0.0 -0.0 -0.0 0.0 0.0 0.0 0.0 -0.0 -0.0 0.0 -0.0 -0.0 -0.0 0.0 0.0 0.0 0.0 0.0 0.0 -0.0 0.0 -0.0 -0.0 0.0 -0.0 -0.0 0.0 -0.0 -0.0 -0.0 -0.0 -0.0 -0.0 0.0 0.0 0.0 0.0 -0.0 -0.0 -0.0 0.0 0.0 0.0 -0.0 0.0 0.0
0.0 -0.0 -0.0 0.0 -0.0 -0.0 -0.0 0.0 -0.0 0.0 -0.0 -0.0 -0.0 0.0 0.0 0.0 0.0 -0.0 0.0 0.0 -0.0 -0.0 0.0 0.0 0.0 -0.0 0.0 -0.0 0.0 -0.0 0.0 -0.0 -0.0 0.0 0.0 -0.0 0.0 0.0 0.0 0.0 0.0 -0.0 0.0 0.0 -0.0 -0.0 -0.0 -0.0 0.0 0.0 0.0 0.0 -0.0 -0.0 -0.0 -0.0 0.0 0.0 -0.0 -0.0 -0.0 -0.0 -0.0 0.0
0.0 -0.0 -0.0 -0.0 -0.0 -0.0 0.0 -0.0 -0.0 0.0 0.0 0.0 -0.0 -0.0 0.0 -0.0 0.0 0.0 -0.0 0.0 0.0 -0.0 0.0 -0.0 0.0 -0.0 -0.6559667 0.0 0.0 -0.0 -0.0 -0.0 -0.0 0.0 0.0 0.0 0.0 -0.0 -0.0 -0.0 0.0 -0.0 0.0 -0.0 0.0 0.0 0.0 -0.0 1.4337908 0.0 -0.0 -0.0 -0.0 -0.0 -0.0 -0.0 -0.0 -0.0 -0.0 -0.0 -0.0 0.0 0.0 -0.0
0.0 0.0 -0.0 0.0 -0.0 -0.0 0.0 0.0 -0.0 0.0 -0.0 -0.0 0.0 -0.0 -0.0 0.0 -0.0 -0.0 0.0 -0.0 0.0 0.0 -0.0 0.0 -0.0 0.0 -0.0 -0.0 -0.0 -0.0 -0.0 0.0 -0.0 0.0 -0.0 -0.0 -0.0 0.0 0.0 -0.0 -0.0 -0.0 0.0 -0.0 -0.0 -0.0 0.0 -0.0 -0.0 0.0 0.0 0.0 0.0 0.0 -0.0 0.0 -0.0 -0.0 -0.0 0.0 0.0 0.0 0.0 0.0
0.0 0.0 0.24928331 -0.0 0.0 -0.32319054 0.0 -0.0 -0.15028799 -0.0 -0.0 -0.257863 0.1318271 -0.0 0.0 -0.0 -0.0 0.0 -0.16082533 -0.0 -0.0 -0.17195266 -0.27652767 -0.0 -0.0 -0.0 0.0 -0.0 0.1934484 -0.0 0.0 -0.0 0.21408845 -0.0 -0.17701185 -0.20002735 -0.15839656 0.0 -0.0 -0.0 -0.0 0.0 -0.0 -0.0 -0.0 0.19802657 0.0 -0.0 -0.0 0.0 -0.15460531 0.0 0.0 0.22184606 0.1668661 0.0 0.0 0.18083963 0.0 -0.0 0.17503634 -0.18229322 -0.0 0.0
0.0 -0.0 -0.0 -0.0 -0.0 0.0 -0.0 0.0 -0.0 -0.0 -0.0 0.0 0.0 -0.0 -0.0 -0.0 -0.0 0.0 -0.0 0.0 0.0 -0.0 -0.0 -0.0 0.0 -0.0 -0.0 -0.5621122 -0.0 -0.0 -0.0 -0.0 0.0 -0.0 0.0 -0.0 0.0 0.0 1.0933992 -0.0 0.0 -0.0 0.0 -0.0 0.42420402 0.0 -0.0 1.0456288 -0.0 -0.0 -0.6016593 0.0 -0.0 0.0 -0.0 -0.0 -0.0 -0.0 -0.0 -0.54502875 0.0 -0.0 -0.0 0.47711325
0.0 -0.0 0.0 -0.0 0.0 0.0 0.0 -0.0 -0.0 0.0 -0.0 -0.0 0.0 -0.0 -0.0 -0.0 0.0 -0.0 0.0 0.0 0.0 -0.0 -0.0 0.0 -0.0 -0.0 -0.0 -0.0 -0.0 0.0 0.0 0.0 -0.0 0.0 0.0 0.0 0.0 0.0 0.0 -0.0 -0.0 0.0 0.0 0.0 -0.0 -0.0 0.0 -0.0 0.0 -0.0 -0.0 -0.0 -0.0 0.0 0.0 0.0 -0.0 0.0 -0.0 -0.0 -0.0 -0.0 -0.0 0.0
-0.0 -0.0 -0.0 -0.0 -0.0 0.0 0.23009937 0.0 0.26685843 -0.17089987 0.32040003 -0.0 0.0 -0.0 -0.0 -0.0 0.0 -0.21647823 0.0 0.0 0.0 -0.0 0.0 -0.0 -0.0 -0.0 -0.0 -0.0 0.0 0.0 -0.0 -0.0 0.0 0.0 0.0 -0.0 0.36633676 -0.0 -0.0 0.0 -0.0 -0.0 -0.13836345 -0.0 -0.0 -0.16998154 -0.0 0.33327767 -0.0 0.0 0.17272988 -0.0 -0.0 -0.20878746 -0.0 -0.0 -0.0 -0.23615016 0.0 -0.13499473 -0.0 -0.0 0.0 -0.13755102
-0.0 0.0 0.0 -0.0 -0.0 0.0 0.0 -0.0 0.0 0.0 0.0 0.0 0.0 0.0 -0.0 -0.0 -0.0 0.0 0.0 0.0 -0.0 0.0 -0.0 -0.0 -0.0 0.0 -0.0 -0.0 0.0 0.0 0.0 0.0 0.0 0.0 -0.0 -0.0 -0.0 -0.0 -0.0 -0.0 -0.0 -0.0 0.0 -0.0 0.0 0.0 0.0 0.0 -0.0 0.0 -0.0 -0.0 0.0 0.0 0.0 0.0 0.0 0.0 0.0 0.0 0.0 -0.0 0.0 0.0
-0.0 0.27551723 -0.0 -0.0 0.0 -0.0 -0.0 0.0 -0.43955812 -0.0 -0.0 -0.0 -0.0 -0.0 -0.20934673 0.0 -0.0 0.2168342 -0.0 0.0 0.0 0.0 0.0 0.55524373 -0.0 0.0 0.0 0.0 0.8655829 -0.0 -0.27036917 -0.0 -0.0 -0.0 -0.0 0.0 -0.0 -0.0 -0.0 -0.0 -0.0 -0.0 0.0 -0.71473074 -0.0 -0.52749383 -0.0 -0.0 -0.0 -0.0 -0.0 0.0 -0.0 0.0 0.0 -0.0 -0.0 0.95507 0.0 0.0 -0.0 1.0540338 0.0 0.0
0.0 -0.12677541 -0.0 0.0 -0.0 -0.0 -0.0 0.0 0.0 -0.0 0.0 -0.0 -0.0 -0.0 -0.0 -0.0 0.0 -0.034207206 -0.0 -0.0 -0.0 -0.0 0.0 0.08451633 -0.0 -0.0 0.0 0.0 0.0 -0.0 -0.0 0.0 0.18067485 0.0 0.0 -0.05174353 -0.031074142 0.0 0.0 -0.0 -0.0 -0.0 -0.03138569 -0.0 0.0 0.0 -0.08820764 0.0 0.0 -0.0 0.0 -0.0 -0.16333081 -0.0 -0.0 0.0 -0.0 0.0 0.0 0.0 -0.0 -0.0 -0.09251283 -0.0
0.0 -0.0 -0.0 0.0 0.0 -0.0 0.0 -0.0 -0.0 -0.0 -0.0 -0.0 0.0 -0.0 -0.0 0.0 -0.0 -0.0 -0.0 -0.0 0.0 -0.0 -0.0 0.0 0.0 0.0 0.0 0.0 -0.0 -0.0 0.0 0.0 -0.0 0.0 -0.0 0.0 0.0 0.0 0.0 0.0 -0.0 0.0 -0.0 -0.0 -0.0 -0.0 0.0 -0.0 -0.0 0.0 -0.0 0.0 0.0 -0.0 0.0 -0.0 0.0 -0.0 -0.0 0.0 -0.0 0.0 0.0 -0.0
-0.0 -0.0 0.40754363 -0.28553888 0.0 -0.0 -0.0 0.19077611 -0.21701233 -0.0 0.0 0.17723086 -0.0 0.44616276 -0.0 -0.0 -0.0 -0.0 -0.32217744 0.46767092 -0.0 0.14460208 0.39090678 0.3354698 -0.1871933 -0.0 0.0 -0.1990489 -0.0 -0.0 -0.1308938 -0.2980343 0.0 0.0 0.0 -0.0 0.0 -0.0 -0.0 -0.0 -0.0 0.0 0.23905869 0.0 -0.0 -0.0 0.0 0.0 -0.0 -0.0 0.0 0.0 -0.0 -0.0 0.0 -0.19789347 -0.0 0.23768806 0.0 0.0 -0.0 -0.0 0.0 -0.0
0.0 -0.0 0.0 -0.0 0.0 0.0 -0.0 0.0 -0.0 0.0 0.0 -0.0 0.0 -0.0 0.0 -0.0 -0.0 0.0 -0.0 -0.0 0.0 0.0 -0.0 -0.0 0.0 -0.0 -0.0 0.0 -0.0 0.0 0.0 0.0 0.0 -0.0 -0.0 0.0 0.0 0.0 0.0 -0.0 0.0 -0.0 -0.0 -0.0 -0.0 0.0 -0.0 0.0 -0.0 0.0 -0.0 -0.0 0.0 -0.0 -0.0 -0.0 -0.0 0.0 -0.0 0.0 0.0 -0.0 0.0 0.0
0.0 -0.0 -0.0 0.0 0.0 -0.0 0.0 -0.0 -0.0 -0.0 -0.0 -0.0 0.0 -0.0 0.0 0.0 -0.0 0.0 0.0 0.0 0.0 -0.0 0.0 0.0 0.0 0.0 0.0 -0.0 0.0 0.0 0.0 0.0 -0.0 -0.0 0.0 -0.0 0.0 0.0 0.0 0.0 0.0 0.0 -0.0 0.0 0.0 -0.0 -0.0 -0.0 0.0 0.0 0.0 -0.0 0.0 -0.0 0.0 -0.0 0.0 -0.0 -0.0 0.0 -0.0 0.0 0.0 0.0
0.0 -0.0 -0.0 0.0 -0.0 0.0 -0.0 0.0 -0.0 -0.0 -0.0 -0.0 0.0 -0.0 0.0 -0.0 -0.0 0.0 0.0 0.0 0.0 0.0 0.0 -0.0 -0.0 -0.0 0.13040933 -0.0 -0.0 0.26255807 -0.0 -0.0 0.0 0.34014365 -0.0 -0.0 0.0 0.0 0.0 -0.0 -0.0 -0.229423 0.0 -0.0 -0.19923107 0.0 0.0 0.0 0.0 0.0 -0.0 0.34624782 -0.0 -0.0 -0.0 0.0 -0.0 0.0 -0.07534605 0.0 0.0 0.0 0.0 0.054259654
0.0 0.0 0.0 0.0 -0.39373717 0.0 -0.0 -0.22431295 -0.0 0.0 -0.0 -0.0 -0.0 0.0 0.0 -0.45537403 0.0 -0.0 0.0 0.0 -0.0 0.33772126 0.0 0.0 -0.0 -0.0 -0.0 -0.0 -0.0 -0.0 -0.0 0.0 -0.5263567 -0.0 0.0 -0.0 -0.0 -0.0 -0.0 -0.0 -0.32944927 0.0 -0.0 0.0 -0.0 0.0 -0.0 -0.0 0.0 -0.0 -0.0 0.0 0.0 0.0 0.0 -0.0 -0.0 0.0 -0.2813853 0.0 -0.0 -0.0 -0.0 0.0
0.0 0.0 -0.0 0.0 0.0 -0.0 -0.0 0.0 -0.0 -0.0 -0.0 -0.0 -0.0 -0.0 0.0 -0.23677418 -0.0 -0.0 0.0 -0.0 -0.0 0.0 -0.0 0.0 -0.23853339 -0.0 -0.0 0.0 -0.0 0.0 0.0 0.0 -0.14612617 0.0 0.0 -0.0 0.0 0.0 -0.0 -0.0 -0.0 0.0 0.0 0.0 -0.0 -0.0 -0.0 -0.0 -0.0 -0.0 -0.0 -0.0 -0.0 -0.0 -0.0 0.0 -0.0 -0.0 -0.0 0.0 0.0 -0.0 0.0 0.0
-0.0 0.0 -0.0 0.0 0.0 -0.0 0.0 -0.0 0.0 0.0 -0.0 -0.0 -0.0 -0.0 -0.0 0.0 0.0 0.0 0.0 -0.0 -0.0 -0.0 0.0 -0.0 0.0 0.0 -0.0 0.0 0.0 -0.0 -0.0 -0.0 0.0 0.0 0.0 -0.0 -0.0 -0.005477384 0.0 -0.0 0.0 -0.0 0.0 -0.0 0.0 0.0 0.0 -0.0 -0.0 -0.0 0.0 0.0 0.0 -0.0 0.0 0.0 0.0 -0.0 -0.0 -0.0 -0.0 0.0 -0.0 0.0
0.0 -0.0 -0.0 -0.0 0.0 -0.0 -0.05505933 -0.0 0.0 -0.11889333 -0.0 -0.0 -0.0 -0.21721528 0.0 -0.0 0.0 -0.0 -0.0 0.3288195 -0.24334495 -0.0 -0.0 -0.0 0.0 0.0 0.0 0.0 -0.0 0.0 -0.23803592 0.3434244 0.0 0.0 0.0 0.0 -0.0 -0.0 0.0 0.0 -0.0 -0.0 -0.0 -0.074274085 0.2274462 0.2993904 -0.0 0.0 -0.20009416 0.0 0.0 -0.2358166 -0.0 0.0 -0.023536995 -0.0 0.0 0.0 -0.2293603 -0.0 -0.0 0.16943659 0.41063946 0.4251651
0.0 0.0 0.0 0.0 -0.0 -0.0 0.0 0.0 0.0 0.0 -0.0 0.0 0.086639404 -0.0 -0.0 -0.0 -0.0 0.0 -0.0 -0.0 0.0 0.15935354 -0.0 -0.0 -0.0 -0.0 0.0 -0.0 -0.0 -0.0 -0.0 -0.0 0.18849407 0.0 -0.0 -0.080256805 -0.08528632 -0.0 -0.0 -0.0 0.0 0.0 -0.0 -0.0 -0.0 0.0 -0.0 -0.0 -0.0 -0.0 -0.0 0.0 0.0 -0.0 -0.0 -0.0 0.0 -0.0 0.0 -0.0 -0.061033975 0.0 -0.0 0.0
0.0 -0.0 0.0 0.18454018 -0.24947706 -0.0 -0.0 -0.0 -0.0 0.0 -0.0 -0.0 0.0 -0.0 0.0 -0.30277637 0.0 0.0 -0.0 0.0 0.27782333 0.76858276 0.0 -0.0 -0.0 -0.0 0.0 0.0 0.0 0.0 -0.0 0.0 -0.0 0.0 -0.23382002 -0.02847261 -0.0 0.0 0.0 0.0 0.0 -0.0 0.0 0.0 -0.0 0.0 -0.0 -0.0 -0.0 -0.0 0.0 -0.0 0.48299932 -0.0 -0.0 -0.0 0.0 0.0 -0.0 0.0 -0.0 0.0 -0.0 -0.0
0.0 -0.0 0.6025494 -0.0 0.0 0.0 -0.0 -0.0 0.3540551 0.07055276 -0.0 0.39037025 -0.37403372 0.6027321 -0.0 0.0 -0.0 0.0 0.0 -0.43067926 0.0 0.2409592 0.0 0.0 0.0 0.47263637 -0.0 -0.0 -0.18962955 0.0 -0.33117685 -0.5092093 0.0 0.0 -0.19544633 -0.2866571 -0.0 0.0 -0.0 -0.54425716 -0.0 -0.0 0.2597909 -0.30639285 0.19189468 0.0 -0.0 0.0 -0.0 0.0 0.0 -0.0 0.0 -0.21417952 -0.0 -0.0 -0.0 -0.0 -0.0 -0.0 -0.0 0.0 0.48248374 0.3273936
-0.0 -0.0 0.1915402 0.0 0.0 -0.0 -0.0 0.0 -0.0 -0.28502128 -0.0 0.0 0.0 0.0 -0.0 -0.15070441 -0.0 0.0 0.0 0.0 0.157666 -0.0 -0.0 -0.59731984 -0.0 -0.0 0.0 0.0 0.0 0.0 0.0 -0.36279356 -0.0 0.09082563 0.0 -0.0 -0.0 0.0 -0.0 -0.0849384 0.17886867 -0.0 -0.0 -0.0 -0.0 0.0 0.0 0.0 -0.0 0.0 0.0 0.0 0.14980192 -0.10653965 0.0 0.23473977 0.0 -0.0 0.0 0.0 -0.15669331 -0.0 -0.0 -0.0
-0.0 0.0 -0.0 0.0 -0.0 0.18519942 -0.31222898 0.24936192 -0.12277308 0.0 0.0 -0.20716454 -0.0 0.0 0.0 -0.0 0.0 0.37684637 0.0 -0.0 -0.0 -0.0 0.0 -0.13710189 -0.0 0.0 -0.0 -0.0 -0.0 0.0 -0.059049323 -0.09427877 0.0 0.0 -0.0 -0.0 0.0 -0.0 0.0 -0.0 -0.0 0.0 0.0 0.0 -0.0 0.1997181 0.08904817 -0.25024143 -0.0 -0.0 -0.09895891 0.0 -0.0 0.0 0.15599416 -0.0 -0.0 0.0 -0.0 0.0 -0.0 -0.0 -0.0 -0.16419451
0.0 -0.0 -0.08629849 0.0 0.0 -0.0 -0.0 0.0 -0.0 0.0 0.0 -0.0 -0.0 -0.0 0.0 0.0 0.0 -0.0 0.0 -0.0 0.038620163 0.0 0.0 0.0 -0.0 -0.0 -0.0 -0.0 -0.0 0.0 0.0 -0.04876412 -0.0 0.0 -0.0 0.0 -0.0 0.0 0.0 -0.0 0.0 -0.0 0.0 0.0 -0.05097065 -0.0 0.0 -0.0 0.0 -0.0 -0.0 -0.0 0.0 -0.0 -0.05688237 -0.0 -0.0 0.0 -0.0 0.0 -0.0 0.0 -0.0 0.0
0.0 0.0 0.0 -0.0 -0.0 -0.0 -0.0 0.0 -0.0 -0.0 -0.0 0.0 -0.0 0.0 0.0 0.0 -0.0 -0.0 -0.0 0.0 0.06360241 -0.09369761 0.0 -0.0 -0.0 -0.0 0.38114512 -0.0 -0.0 -0.50906616 0.0 0.0 0.0 0.3347826 0.0 -0.0 0.0 -0.0 0.0 0.0 -0.0 0.49611765 -0.0 -0.0 -0.0 -0.0 -0.0 -0.0 0.17259824 -0.0 -0.0 0.27216646 -0.0 -0.0 -0.0 0.0 -0.0 -0.0 -0.40629712 0.0 -0.0 0.0 -0.0 -0.20694801
-0.0 0.44730616 0.0 -0.0 -0.0 -0.0 0.0 -0.0 0.0 -0.0 0.0 -0.0 -0.0 -0.0 0.0 0.0 -0.0 0.0 0.0 0.0 -0.0 -0.0 0.0 -0.0 0.0 0.0 -0.43801907 0.0 -0.0 -0.2653499 -0.0 -0.0 -0.0 0.0 0.0 0.0 0.0 0.0 -0.0 -0.0 -0.0 0.2580527 -0.0 -0.0 0.3678888 -0.0 0.0 -0.0 0.0 -0.0 0.0 -0.0 -0.0 -0.0 -0.0 -0.0 -0.0 -0.0 -0.5029491 -0.0 -0.05673171 0.0 0.0 -0.18141516
-0.0 -0.0 -0.0 0.0 -0.0 0.0 0.0 -0.0 0.0 -0.0 -0.0 0.0 -0.0 0.0 0.0 -0.0 -0.0 0.0 -0.0 -0.0 0.0 -0.0 -0.0 0.0 -0.0 -0.0 0.0 0.0 0.0 0.0 -0.0 -0.0 0.0 0.0 0.0 -0.0 0.0 -0.0 -0.0 0.0 -0.0 0.0 -0.0 -0.0 0.0 0.0 -0.0 0.0 -0.0 -0.0 -0.0 0.0 -0.0 -0.0 -0.0 0.0 -0.0 0.0 0.0 0.0 0.0 0.0 -0.0 0.0
0.0 -0.0 -0.0 0.0 0.0 -0.0 -0.0 0.0 -0.0 -0.0 -0.0 0.0 -0.0 -0.0 -0.0 -0.0 0.0 -0.0 -0.0 -0.0 -0.0 -0.0 0.0 0.0 -0.0 0.0 0.18048356 0.0 0.0 0.0 -0.0 0.0 0.0 0.0 -0.0 -0.0 -0.0 0.0 0.0 -0.0 0.0 0.0 0.0 0.0 0.0 -0.0 -0.0 -0.0 -0.0 -0.0 0.0 -0.26362208 -0.0 0.0 0.0 0.0 -0.0 0.0 0.0 -0.11460555 -0.0 0.0 0.0 -0.0
-0.0 0.0 -0.37465414 0.0 -0.21357758 0.0 -0.27657136 -0.34858206 -0.0 -0.0 -0.0 -0.0 -0.0 -0.35945156 0.0 -0.0 0.0 -0.0 0.0 0.0 -0.0 0.26019722 -0.0 0.29333466 -0.0 0.39103878 -0.0 -0.0 0.0 0.0 -0.0 0.23694748 -0.0 -0.0 0.0 -0.0 -0.0 -0.0 -0.0 0.0 -0.25107455 0.26748133 -0.0 -0.0 -0.0 -0.0 -0.0 -0.0 -0.0 -0.0 0.0 0.0 0.0 0.0 -0.0 0.0 -0.0 -0.0 0.20953305 0.0 -0.0 -0.1912359 0.0 0.36910003
0.0 -0.0 -0.0 0.0 -0.0 0.0 -0.0 -0.0 -0.0 0.0 0.0 0.0 0.0 -0.0 -0.0 -0.0 -0.0 0.0 0.0 -0.0 0.0 -0.0 -0.0 0.0 0.0 -0.0 0.45598757 0.0 0.0 -0.0 -0.0 -0.0 -0.0 0.0 -0.0 0.0 0.0 0.0 -0.0 -0.0 0.0 0.39016467 0.0 0.0 0.0 0.0 0.0 -0.0 -0.0 0.0 0.0 -0.21830003 0.0 0.0 0.0 0.0 -0.0 0.0 0.4189387 -0.0 -0.0 -0.0 0.0 -0.0
0.0 0.0 0.0 -0.31404564 -0.21859 -0.19261864 0.1907992 -0.0 -0.0 -0.0 -0.0 -0.0 0.0 0.0 0.0 0.46092477 0.0 -0.0 -0.0 -0.0 -0.18495463 0.0 -0.0 -0.15915601 0.18080339 -0.1384572 -0.0 0.0 0.0 -0.0 -0.26682898 -0.0 0.0 -0.0 -0.0 -0.12323093 0.0 -0.15961598 -0.0 -0.0 -0.0 -0.0 0.0 -0.17944871 -0.0 -0.122728996 -0.0 0.0 -0.0 0.0 -0.0 0.0 0.0 0.0 -0.0 -0.0 -0.0 -0.0 0.0 -0.0 0.0 -0.0 -0.1731101 -0.0
-0.0 -0.0 -0.0 0.17777926 -0.0 -0.0 -0.1647535 0.28983214 0.0 -0.20241733 0.1770577 0.16360058 -0.0 -0.20466726 0.0 0.0 -0.0 -0.0 -0.11293683 -0.18898915 -0.0 -0.12876438 0.0 -0.0 0.0 -0.19442338 -0.0 -0.31498495 -0.20426954 0.0 -0.0 -0.0 -0.0 0.0 -0.0 0.0 0.0 -0.0 0.0 -0.13901353 -0.0 0.0 0.0 -0.0 -0.0 -0.16238165 -0.06483307 -0.0 0.0 0.0 0.0 0.0 -0.18593124 0.0 -0.14071462 -0.0 -0.0 -0.0 0.0 -0.0 0.1852447 0.17626208 -0.21427912 -0.14529036
0.0 0.0 0.0 -0.0 0.0 -0.0 -0.0 -0.0 -0.0 -0.0 -0.1446515 -0.0 -0.081875265 0.0 0.0 0.0 0.12742831 -0.09648369 0.0 -0.0 0.0 0.0 -0.0 -0.14307883 -0.15556419 -0.0 -0.0 0.0 0.0 0.0 -0.16741385 0.0 -0.21712728 -0.0 0.3199445 0.06940241 -0.14978074 0.0 -0.0 -0.0 -0.0 -0.03432526 0.09984733 -0.0 -0.0 0.0 0.0 -0.0 0.0 -0.0 0.0 -0.0 -0.09006869 -0.0 0.0 -0.09164921 0.0 -0.0 0.0 0.0 -0.0 -0.0 -0.0 0.0
-0.0 -0.0 -0.0 0.07111154 0.15710087 -0.10295375 0.0 0.0 -0.0 -0.0 0.0 -0.15679693 -0.0 -0.0 -0.0 -0.0 0.0 -0.0 -0.0 0.0 -0.0 0.0 -0.0 -0.0 -0.0 0.0 0.0 -0.0 -0.0 -0.0 -0.13736662 -0.10040896 0.0 -0.0 -0.0 -0.0 -0.0 -0.0 0.0 -0.0 -0.0 -0.06287465 -0.0 -0.0 0.0 0.0 0.0 -0.0 -0.0 -0.0 -0.0 0.0 -0.078789435 -0.0 0.14058438 -0.14139666 0.0 -0.0 -0.0 0.0 -0.0 0.0 -0.0 -0.0
-0.0 -0.0 -0.20423606 -0.29104787 -0.5029154 -0.0 -0.0 0.32186866 0.0 -0.0 0.0 0.0 -0.0 -0.33499196 0.42083883 -0.0 -0.0 -0.0 -0.42850506 -0.0 -0.12946792 -0.5804974 -0.0 -0.0 -0.0 -0.0 -0.0 0.0 -0.0 0.0 -0.0 -0.24692155 0.2938827 -0.0 -0.5298892 0.0 0.0 -0.0 -0.0 -0.31704164 0.0 0.0 -0.0 -0.0 -0.0 -0.29775548 -0.0 0.30596417 -0.0 0.5041774 0.26128897 -0.0 -0.3994694 0.0 -0.0 -0.0 -0.2720289 -0.0 0.0 0.0 -0.0 0.0 -0.0 -0.0
-0.0 -0.0 0.0 0.0 0.0 0.0 -0.0 -0.0 0.0 0.0 0.0 0.0 0.0 0.0 -0.0 0.0 -0.0 -0.0 -0.0 -0.0 -0.0 -0.0 -0.0 -0.0 0.0 0.0 -0.0 -0.0 0.0 0.0 0.0 -0.0 0.0 -0.0 0.0 0.0 0.0 -0.0 0.0 0.0 -0.0 0.0 0.0 -0.0 0.0 0.0 -0.0 -0.0 -0.0 -0.0 0.0 0.0 -0.0 -0.0 -0.0 -0.0 0.0 -0.0 -0.0 -0.0 -0.0 -0.0 -0.0 0.0
0.0 -0.0 -0.0 -0.0 0.0 0.0 0.0 0.0 -0.0 -0.0 0.0 0.0 -0.0 -0.0 -0.0 0.2540014 -0.0 0.0 0.0 -0.0 -0.0 -0.0 -0.0 0.0 0.0 0.0 0.0 0.0 0.0 -0.0 -0.14433762 -0.0 -0.0 -0.0 0.0 0.0 -0.0 0.27955002 0.2612246 -0.0 -0.0 -0.0 0.0 -0.0 -0.0 0.0 -0.0 0.0 0.0 0.0 0.0 0.0 -0.0 0.0 0.0 0.0 0.0 -0.0 -0.0 0.0 0.0 -0.0 -0.0 0.0
0.0 0.0 -0.0 0.0 0.0 -0.0 -0.0 0.0 0.0 0.0 0.0 -0.0 0.0 0.0 -0.0 0.0 0.012287237 0.0 0.0 -0.0 -0.0 -0.0 -0.0 0.0 0.0 -0.0 -0.0 -0.0 0.0 -0.0 -0.0 -0.0 0.0 0.0 0.0 0.0 0.0 0.0 0.0 -0.0 -0.0 -0.0 -0.0 0.0 0.0 0.0 0.0 0.0 0.0 0.0 -0.0 0.0 -0.0 -0.0 -0.0 -0.0 -0.0 0.0 -0.0 0.0 -0.0 0.0 0.0 0.0
-0.0 0.0 0.30043975 -0.3873622 0.0 -0.43172878 0.43802342 -0.2186579 0.0 -0.5442565 -0.0 -0.3260372 -0.0 0.18096222 -0.0 0.0 -0.0 -0.0 -0.0 0.1744132 -0.13145159 -0.2887706 -0.3984544 -0.0 -0.20417398 0.23006417 -0.0 0.0 0.54889715 -0.17772557 -0.0 -0.0 0.43022817 0.0 0.0 -0.0 -0.29724488 -0.0 -0.0 -0.28406113 -0.0 -0.10612205 0.0 0.50234324 0.0 0.0 0.0 0.1905353 0.0 -0.0 -0.0 -0.0 -0.0 -0.0 0.0 -0.0 0.613378 -0.0 -0.0 -0.0 0.0 -0.0 -0.0 -0.0
0.0 -0.0 -0.0 -0.0 -0.0 -0.0 -0.0 -0.0 0.0 -0.0 -0.0 -0.0 -0.0 0.0 0.0 0.0 -0.0 -0.0 -0.0 0.0 -0.0 -0.16134678 -0.0 -0.25855175 -0.0 -0.0 0.0 0.0 -0.0 -0.0 -0.0 -0.0 -0.0 0.0 0.0 0.0 -0.0 -0.0 0.0 0.0 -0.0 -0.0 0.0 -0.0 0.19438863 -0.0 0.0 -0.0 0.0 0.0 0.0 0.0 -0.0 -0.0 0.0 0.0 -0.0 0.0 0.0 -0.0 -0.24132039 -0.0 0.0 0.0
-0.0 0.0 -0.0 -0.0 0.0 -0.0 -0.0 -0.0 -0.0 0.0 -0.0 -0.0 -0.0 -0.0 0.065545455 0.0 -0.0 -0.0 0.0 -0.0 -0.0 -0.3067456 0.13487345 0.0 -0.0 0.0 0.18435535 0.0 0.0 -0.0 0.0 0.0 -0.0 -0.0 -0.0 0.10714003 -0.0 0.15340985 0.0 0.0 -0.092670456 0.0 0.0 0.0 -0.0 -0.0 0.0 -0.0 -0.0 0.15137291 0.0 -0.0 -0.0 -0.0 0.0 0.0 0.0 0.0 -0.0 -0.0 0.0 -0.0 0.0 0.0
-0.0 0.27345318 -0.0 0.0 -0.0 -0.31953886 0.0 0.119086675 -0.0 -0.0 0.0 0.0 0.0 0.0 0.0 0.0 0.0 -0.0 0.0 -0.0 -0.0 0.0 -0.0 0.0 -0.0 -0.0 -0.0 -0.18047734 0.2718737 -0.0 -0.0 -0.0 -0.0 -0.0 0.1846559 -0.0 0.0 -0.0 0.0 0.0 -0.12708963 0.0 -0.0 -0.14372061 -0.19201468 -0.0 0.31497988 0.0 0.0 -0.0 -0.0 0.0 -0.0 -0.0 0.0 0.16983715 -0.0 -0.0 0.35784253 0.0 -0.12221868 -0.0 0.0 -0.0
0.0 -0.0 0.0 0.0 -0.0 -0.0 0.0 -0.0 0.0 0.0 0.21914855 -0.0 0.0 -0.0 -0.0 0.0 -0.0 0.0 -0.0 -0.0 0.0 -0.0 0.0 -0.0 0.0 0.0 0.32404688 -0.0 -0.0 0.0 -0.0 0.0 -0.0 0.26838362 0.0 -0.0 0.0 0.0 0.0 0.0 0.0 0.0 0.0 -0.0 -0.0 -0.0 0.0 0.0 -0.0 -0.0 0.0 -0.23765047 -0.0 -0.0 -0.0 0.0 -0.0 -0.0 0.46394718 0.0 -0.0 0.0 0.0 -0.0
0.0 0.0 0.0 -0.0 0.0 -0.0 -0.0 0.0 -0.0 -0.0 0.0 -0.0 0.0 -0.0 -0.0 -0.0 0.0 -0.0 -0.0 -0.0 0.0 -0.0 -0.0 -0.0 0.0 0.0 -0.0 -0.0 0.0 0.0 0.0 0.0 0.0 0.0 -0.0 0.0 -0.0 0.093300045 -0.0 -0.0 0.0 0.0 0.0 0.0 -0.0 0.0 0.0 0.0 0.0 0.0 0.0 0.0 -0.0 -0.0 0.0 0.0 -0.0 -0.0 0.0 0.0 -0.0 0.0 -0.0 -0.0
0.0 0.10935084 -0.0 0.0 -0.0 0.0 0.0 0.0 -0.0 -0.0 0.260579 -0.0 0.0 -0.0 -0.0 -0.0 -0.0 -0.0 -0.0 -0.0 0.0 -0.0 -0.0 -0.0 0.0 0.0 -0.0 0.5847426 -0.0 -0.0 -0.0 0.0 0.0 -0.0 -0.0 -0.0 0.0 0.0 1.3437494 0.0 0.0 -0.0 0.0 0.0 0.0 0.0 -0.0 -0.3792676 -0.0 -0.0 0.33704418 -0.0 0.0 0.0 0.3784163 0.0 -0.0 -0.0 0.0 -0.9620979 -0.0 0.0 -0.0 -0.0
0.0 0.0 -0.0 0.0 -0.0 -0.0 -0.0 0.0 -0.0 -0.10471763 0.0 -0.0 0.0 0.0 -0.0 -0.15668306 0.2669238 -0.0 0.0 0.0 -0.0 -0.0 -0.0 0.0 -0.28140095 -0.0 0.0 -0.0 0.0 0.0 0.0 -0.0 0.15166794 0.1269985 0.0 -0.0 -0.0 -0.0 -0.0 0.0 -0.0 0.0 -0.0 0.0 0.0 -0.0 0.0 -0.0 0.0 -0.0 -0.0 -0.0 -0.24131233 -0.0 0.0 -0.0 -0.21269813 0.0 -0.0 -0.0 -0.06584743 0.0 0.0 -0.0
-0.0 0.0 -0.0 -0.5052441 -0.0 -0.0 0.0 -0.0 0.0 0.0 0.0 0.39501652 0.0 -0.0 0.0 0.34525973 -0.0 -0.0 -0.0 -0.114518255 -0.0 0.0 0.0 -0.0 -0.0 0.0 -0.0 -0.0 0.0 0.0 -0.0 -0.0 -0.09927693 -0.0 0.0 -0.0 -0.0 -0.0 0.0 -0.12102308 -0.0 -0.0 -0.0 -0.16203004 -0.0 -0.0 -0.0 -0.0 0.0 -0.0 0.0 -0.0 0.0 0.3838988 -0.0 -0.0 0.0 0.0 0.0 0.0 0.29294682 0.0 -0.0 -0.0
-0.0 -0.0 0.0 0.0 0.34396967 0.0 -0.0 -0.0 -0.0 -0.0 -0.0 -0.0 0.0 0.0 0.2423235 0.0 -0.0 -0.0 -0.0 -0.0 -0.0 -0.19399364 0.0 0.12572093 0.0 -0.0 0.0 0.0 0.0 0.0 0.18830286 0.0 -0.18205012 -0.0 -0.0 0.0 0.0 0.0 0.0 0.0 -0.0 0.0 0.0 0.20349555 -0.0 -0.0 -0.0 0.0 0.0 0.0 0.0 0.0 0.0 -0.0 -0.0 0.0 0.0 0.0 -0.0 0.0 0.22409481 0.0 0.0 0.0
-0.0 0.0 0.1132256 -0.0 -0.0 0.0 -0.0 -0.0 -0.0 -0.0 0.0 -0.0 -0.0 0.45814285 0.17880303 -0.0 0.0 0.24540535 0.5079968 0.36818245 -0.37469196 -0.17024037 0.47882682 0.0 0.0 0.0 -0.0 0.0 0.0 -0.0 -0.2642959 0.38817123 -0.0 -0.0 0.0 0.0 0.7541112 -0.0 0.0 0.0 -0.1315331 -0.0 0.0 -0.0 0.0 0.0 -0.0 0.0 -0.0 0.15707344 -0.0 -0.0 -0.80155396 0.0 -0.0 -0.0 -0.18980554 -0.0 -0.0 -0.0 -0.45702147 -0.0 0.0 0.0
