56 56 64 64 1 0 1 1
0.0 0.0 -0.0 0.0 0.0 0.0 0.0 -0.0 0.0 -0.0 0.0 -0.0 0.0 -0.0 0.0 -0.0 -0.0 0.0 0.0 0.0 -0.0 0.0 0.0 0.0 0.0 -0.0 0.0 -0.0 -0.0 -0.0 0.0 -0.0 -0.0 -0.0 0.0 -0.0 0.0 -0.0 0.0 0.0 0.0 0.0 -0.0 0.0 0.0 0.0 -0.0 0.0 -0.0 -0.0 0.0 0.0 0.0 0.0 -0.0 -0.0 0.0 0.0 0.0 -0.0 -0.19014542 -0.0 -1.2109421 0.0
0.0 -0.0 -0.0 -0.0 0.0 0.0 -0.0 0.0 0.0 0.0 0.0 0.0 0.0 -0.0 -0.0 -0.0 0.0 -0.0 -0.0 0.0 -0.0 -0.0 -0.0 -0.0 0.0 -0.0 -0.0 0.0 -0.19115143 -0.0 -0.0 -0.0 -0.0 -0.0 0.0 -0.0 0.0 -0.0 0.0 -0.0 0.0 -0.0 -0.0 -0.0 0.0 -0.0 -0.0 -0.0 -0.0 -0.0 0.0 -0.0 -0.0 0.0 -0.0 -0.0 -0.0 0.0 0.0 -0.0 -0.25808033 -0.0 -0.28238314 -0.0
-0.0 -0.0 0.0 -0.0 0.0 -0.0 -0.0 0.0 -0.0 -0.0 0.0 0.0 0.0 -0.0 -0.0 -0.0 0.0 -0.0 0.0 0.0 0.117855415 -0.0 -0.11015111 0.0 0.0 -0.0 -0.4345014 0.0 -0.0 -0.0 0.0 0.0 -0.0 0.19166987 0.0 -0.0 0.2616022 0.0 -0.0 0.0 0.0 -0.11955838 -0.080117784 -0.27926874 -0.0 -0.0 0.0 -0.0 -0.26936266 0.0 0.0 0.0 0.0 -0.0 -0.0 0.0 -0.0 -0.0 0.0 0.0 0.0 0.0 0.0 -0.20039196
0.0 0.0 0.0 0.0 -0.0 -0.0 0.0 0.0 0.26481187 -0.0 0.0 0.0 -0.0 -0.0 0.0 -0.0 0.0 0.0 0.0 -0.0 0.0 0.0 -0.0 0.23973592 0.14832273 -0.0 0.0 0.0 -0.24287453 -0.0 -0.0 0.0 -0.0 0.0 0.0 -0.0 -0.0 0.0 0.0 0.0 0.0 0.0 -0.0 -0.0 0.25892034 0.0 -0.20580658 0.0 -0.0 -0.0 0.0 -0.0 0.0 0.0 -0.23656437 0.09172426 -0.0 -0.3117079 -0.27121738 -0.0 -0.0 -0.0 0.0 -0.0
-0.0 -0.0 0.0 -0.0 -0.0 -0.0 -0.0 0.0 -0.0 0.0 0.0 -0.0 0.0 -0.0 -0.18914899 -0.30605102 0.0 -0.0 -0.0 0.0 0.0 -0.0 0.0 0.0 0.0 -0.0 -0.0 0.0 0.20672163 0.0 0.0 0.0 -0.0 0.23811208 -0.0 -0.0 -0.0 0.0 -0.0 0.0 -0.0 0.25207826 0.0 0.141923 -0.0 -0.0 0.0 -0.0 -0.0 -0.0 0.0 0.0 0.0 0.0 -0.0 -0.0 -0.0 0.0 -0.0 -0.0 -0.2310969 -0.38591307 0.0 -0.0
-0.0 0.0 -0.0 0.0 -0.0 0.0 -0.0 -0.0 0.0 0.0 0.0 0.0 -0.0 -0.0 0.0 0.0 0.0 -0.0 0.0 0.0 -0.0 -0.0 0.0 0.0 0.0 0.0 0.0 -0.24105522 -0.0 -0.31161678 -0.0 0.29595697 -0.0 0.0 0.0 0.0 0.0 -0.0 -0.0 0.0 -0.0 0.0 -0.0 0.0 0.0 0.0 -0.0 0.0 0.0 -0.0 0.0 -0.0 -0.0 0.0 0.0 0.0 0.0 0.0 0.23397082 0.0 -0.0 0.0 -0.2930827 0.0
-0.0 -0.0 0.0 -0.0 0.0 -0.0 -0.23650914 -0.0 -0.0 -0.0 -0.0 0.0 0.0 -0.0 0.0 0.0 -0.0 0.0 -0.0 -0.0 -0.0 0.0 -0.0 -0.0 -0.0 0.0 0.0 0.0 0.0 0.0 -0.0 -0.0 -0.0 0.0 0.0 -0.0 0.0 0.0 -0.0 0.0 0.0 0.03416211 0.123695545 0.0 -0.1180669 -0.0 -0.4248649 0.0 0.073031716 0.0 0.074567385 -0.0 0.0 -0.05066764 0.14719857 0.0 0.0 0.0 -0.100452214 0.0 -0.0 -0.0 -0.0 0.0
0.0 0.0 0.16844545 0.0 0.0 0.19167796 -0.0 0.0 0.0 -0.0 -0.0 -0.0 -0.0 0.0 -0.0 0.0 0.0 0.0 0.07518039 0.0 -0.18024294 0.0 -0.0 -0.0 0.0 -0.0 0.0 0.0 -0.0 -0.0 0.0 -0.09531861 0.0 -0.0 -0.0 0.0 0.16515455 -0.0 -0.0 -0.0 0.0 -0.0 -0.0 0.0 -0.0 0.0 0.0 0.0 0.0 0.0 -0.0 0.0 0.0 -0.21669227 0.0 0.0 0.0 0.1505349 -0.0 0.0 0.0 -0.0 0.0 -0.0
-0.0 -0.0 -0.0 -0.0 -0.0 -0.0 0.0 0.0 -0.0 0.0 -0.0 0.0 -0.0 -0.0 0.0 0.0 -0.0 -0.0 0.0 -0.13415074 0.0 -0.0 -0.0 -0.0 0.0 -0.0 -0.15246755 -0.0 -0.0 -0.0 -0.0 -0.0 -0.0 -0.0 -0.0 -0.0 -0.0 -0.0 -0.0 -0.0 0.0 -0.0 -0.0 -0.21252549 -0.0 -0.0 -0.0 -0.0 -0.0 -0.0 -0.0 0.0 -0.0 -0.0 -0.0 0.0 -0.0 0.0 0.0 -0.0 0.0 0.0 -0.0 -0.0
-0.0 -0.0 -0.0 -0.0 -0.0 -0.0 0.0 0.0 0.0 -0.0 0.0 -0.0 -0.0 -0.0 -0.0 -0.0 0.0 0.0 0.0 0.0 0.0 0.0 -0.0 -0.0 -0.0 -0.0 -0.0 0.36749005 -0.0 0.31993094 0.0 -0.49602205 0.0 -0.0 0.0 -0.0 -0.0 0.0 0.0 0.0 0.0 0.0 -0.0 -0.0 0.0 -0.0 0.0 -0.0 -0.31051588 -0.0 -0.0 0.0 0.0 -0.0 -0.0 0.0 -0.0 -0.0 -0.0 0.0 0.0 0.0 0.0 0.0
0.0 0.0 0.0 0.0 -0.0 0.0 0.0 -0.0 0.0 0.0 0.0 -0.0 0.0 -0.0 0.0 -0.0 0.0 -0.0 -0.0 0.0 0.19277102 0.0 -0.0 0.0 0.0 -0.5881752 -0.0 0.0 -0.0 0.39642987 -0.0 -0.0 -0.0 0.0 0.0 0.0 0.0 -0.0 -0.0 0.0 -0.0 0.0 -0.0 -0.0 0.0 -0.0 -0.0 -0.0 -0.0 0.0 -0.0 0.0 -0.0 0.0 -0.0 0.0 0.0 0.0 0.0 -0.5748139 -0.0 0.0 -0.0 0.0
-0.0 -0.0 -0.0 0.0 0.0 -0.0 0.0 -0.0 0.0 -0.0 -0.5305476 -0.0 0.0 -0.0 -0.39380667 -0.113328815 -0.43953598 0.0 0.0 -0.16991495 0.0 0.0 0.0 0.0 0.0 -0.0 0.0 -0.0 -0.0 -0.0 -0.0 0.0 -0.0 -0.095625624 -0.0 0.0 -0.0 0.0 -0.0 0.0 0.0 -0.1556711 0.0 0.0 -0.0 0.0 0.12126399 0.0 0.093903616 0.25778612 -0.0 0.0 0.0 0.0 -0.0 0.0 -0.0 -0.0 0.08857092 0.0 -0.0 -0.0 0.12417928 0.0
-0.0 0.0 -0.50155133 -0.0 -0.0 0.0 -0.0 0.0 0.0 0.0 0.0 0.0 0.0 0.0 0.0 0.0 0.0 -0.0 -0.0 0.0 -0.0 0.0 0.0 0.0 -0.0 -0.0 0.0 -0.0 -0.0 -0.0 -0.0 -0.0 0.0 -0.0 -0.0 -0.0 -0.0 -0.0 -0.0 -0.0 0.0 0.0 -0.0 0.0 0.0 -0.0 0.0 0.0 -0.0 -0.0 -0.02815373 -0.0 0.0 -0.0 -0.0 -0.0 -0.0 -0.62964827 0.0 -0.0 -0.0 0.0 -0.37535375 -0.0
0.0 0.0 0.0 0.0 -0.0 0.0 0.0 -0.1585092 -0.0 0.0 0.0 -0.0 0.0 -0.0 -0.0 0.0 0.0 0.0 -0.0 0.0 0.0 -0.0 -0.0 -0.0 -0.0 -0.0 0.0 -0.0 0.0 0.0 0.0 -0.0 -0.0 0.0 -0.0 0.0 0.0 0.0 -0.0 0.0 0.0 0.0 0.0 0.0 0.0 0.0 0.0 -0.0 0.0 0.0 -0.0 0.0 -0.81695163 -0.0 0.0 -0.0 -0.0 0.0 0.0 0.0 -0.0 -0.0 0.0 -0.0
0.07044146 -0.0 0.0 0.0 0.0 -0.0 0.0 0.0 -0.0 -0.0 -0.0 -0.0 -0.0 -0.22016852 -0.0 -0.0 -0.0 -0.0 -0.0 0.0 0.0 0.0 -0.0 -0.0 -0.0 0.0 -0.0 0.0 -0.0 0.0 0.200637 0.0 -0.0 -0.0 0.0 0.06481239 -0.0 0.0 -0.0 0.0 0.0 -0.0 -0.0 -0.0 -0.0 -0.0 0.0 0.0 -0.0 0.0 0.0 -0.0 0.0 -0.0 0.0 0.0 -0.03834151 0.0 0.0 0.0 0.0 0.0 -0.0 -0.0
0.0 0.0 -0.0 0.0 -0.0 0.0 0.0 0.0 -0.0 0.0 0.0 -0.0 -0.0 0.0 0.0 0.0 0.0 0.0 0.0 -0.0 0.0 -0.0 0.0 -0.0 -0.0 0.0 -0.0 -0.0 0.0 -0.0 0.0 -0.0 0.0 -0.0 -0.0 -0.0 -0.0 -0.0 0.0 0.0 0.0 0.0 -0.0 -0.0 -0.0 -0.0 0.0 0.0 -0.0 -0.0 -0.35854846 0.0 0.0 -0.0 -0.0 -0.0 0.0 0.0 0.21007939 0.0 0.51991284 0.0 0.0 -0.0
0.0 0.0 0.0 0.0 0.0 0.0 0.0 0.0 -0.0 -0.0 0.0 0.0 -0.0 0.0 -0.0 -0.0 -0.0 0.0 -0.0 0.0 0.0 -0.0 0.0 -0.0 -0.0 0.0 -0.0 -0.0 -0.0 0.0 0.0 0.0 0.0 -0.0 0.51186055 0.0 0.0 0.0 0.0 -0.0 0.0 -0.0 0.0 -0.0 -0.0 0.0 -0.0 0.0 -0.0 -0.0 0.0 0.0 0.0 0.0 0.0 0.0 0.0 0.0 -0.0 0.0 -0.0 -0.0 -0.0 -0.0
-0.1093955 -0.0 0.0 -0.0 0.0 -0.0 -0.0 -0.0 -0.0 -0.0 -0.0 -0.0 -0.0 0.13897847 -0.0 -0.0 -0.0 0.0 0.03582295 0.0 0.0 -0.0 0.0 0.0 -0.0 -0.0 -0.0 -0.0 0.0 0.0 -0.15352817 0.0 -0.0 0.0 0.0 -0.056201927 0.0 -0.0 -0.0 0.0 -0.0 -0.0 0.0 -0.0 -0.0 0.0 0.0 -0.0 0.0 0.0 0.0 0.065329805 0.0 -0.0 -0.0 0.0 0.0292483 0.0 0.0 0.0 0.0 -0.0 0.0 -0.0
-0.0 0.0 -0.07492237 -0.0 0.0 0.0 -0.0 -0.0 0.23878361 -0.0 0.0 0.0 -0.0 -0.0 -0.0 0.0 0.0 0.0 0.0 -0.0 -0.0 0.0 0.0 0.0 0.0 0.0 0.0 0.0 -0.10478054 0.0 -0.0 -0.0 -0.0 0.0 0.0 0.0 0.0 0.0 -0.0 -0.0 0.0 0.2201297 0.118902415 0.14630426 0.0 0.0 -0.372257 0.0 0.0 -0.0 -0.0 0.0 0.0 -0.0 -0.0 -0.011186466 -0.0 -0.0 -0.0 0.0 -0.18384656 -0.0 -0.41884258 0.1939459
-0.0 0.0 0.0 0.0 0.0 -0.0 -0.0 0.0 0.0 0.0 0.0 -0.0 -0.0 -0.0 0.0 0.21837182 0.0 0.0 0.0 -0.0 -0.0 0.0 0.0 0.0 -0.0 -0.0 0.0 0.0 0.0 0.0 -0.0 -0.0 -0.0 0.20286846 -0.7349652 -0.0 -0.0 -0.0 -0.0 -0.0 0.0 0.0 -0.0 0.0 0.0 0.0 -0.0 0.0 0.0 -0.0 -0.21749344 0.0 -0.0 0.0 -0.0 -0.14034332 0.0 0.0 -0.0 0.0 0.0 0.0 -0.0 0.0
-0.0 -0.0 -0.5662883 -0.0 0.0 -0.0 -0.0 0.0 0.0 -0.0 -0.0 0.0 0.0 -0.0 0.17353348 0.0 0.0 -0.0 0.0 -0.0 -0.0 0.0 -0.0 0.0 0.0 0.0 0.0 0.0 0.0 -0.0 -0.0 -0.0 -0.0 0.0 0.0 -0.0 -0.102092415 -0.0 -0.0 -0.0 0.0 0.0 -0.0 0.0 0.0 -0.0 -0.0 0.0 -0.0 -0.0 -0.0 -0.0 -0.0 -0.0 -0.0 -0.0 -0.0 -0.2777624 0.0 0.0 0.0 0.0 0.0 0.0
0.0 -0.0 0.0 0.0 0.0 -0.0 0.0 0.0 0.0 -0.0 -0.0 -0.0 0.0 -0.0 -0.0 -0.0 -0.0 -0.0 -0.0 -0.0 0.0 0.0 -0.0 0.17736074 0.0 -0.37468523 -0.0 0.0 -0.0 -0.547103 -0.0 0.0 -0.0 -0.0 -0.0 -0.0 -0.0 -0.0 0.0 0.0 0.0 -0.0 -0.41831067 -0.0 0.0 -0.0 0.0 0.0 -0.0 -0.0 0.0 -0.0 0.0 0.0 -0.0 0.46218416 0.0 0.0 0.0 -0.0 -0.0 -0.33284846 -0.23774952 -0.0
0.0 -0.0 0.0 -0.0 0.0 -0.0 0.20318554 0.0 0.0 -0.0 -0.0 -0.0 0.0 -0.0 0.0 0.0 0.0 -0.0 0.0 -0.0 0.0 0.0 -0.0 -0.0 -0.0 -0.0 0.0 0.0 0.0 -0.0 -0.0 -0.0 -0.0 0.0 -0.17107546 -0.0 -0.25657132 -0.0 -0.0 0.0 0.0 -0.0 -0.27757752 -0.0 0.0 -0.0 -0.0 -0.0 -0.0 0.0 0.14363682 -0.0 -0.0 -0.0 0.0 0.0 -0.0 0.22708607 0.0 0.0 -0.0 -0.0 0.0 0.0
-0.0 0.0 -0.18797722 0.0 -0.0 -0.0 -0.0 0.0 -0.0 -0.0 0.0 -0.0 -0.0 -0.0 -0.0 -0.0 -0.0 0.0 0.0 0.0 0.090862654 0.0 0.0 0.0 -0.0 0.0 -0.0 -0.0 -0.0 0.0 0.0 0.0 0.0 0.0 0.3965445 -0.0 0.0 0.0 -0.0 -0.0 0.0 0.0 0.0 0.0 0.0 0.14752197 0.0 0.0 -0.0 0.0 -0.0 0.0 0.0 0.0 -0.0 -0.0 -0.0 -0.1036607 0.0 -0.0 -0.0 0.0 0.0 -0.0
0.0 -0.0 -0.0 0.0 0.0 -0.0 0.0 -0.0 0.0 0.0 0.0 -0.0 0.0 -0.0 -0.0 0.22303002 -0.0 -0.0 -0.0 0.0 -0.0 0.0 -0.0 -0.0 -0.0 0.0 0.0 0.0 -0.46385604 0.0 -0.161338 -0.0 -0.0 -0.40690938 0.0 0.0 -0.08303602 -0.0 -0.0 0.0 0.0 -0.0 -0.10927295 -0.0 0.0 -0.0 0.0 0.0 -0.0 -0.0 0.0 -0.0 0.0 -0.0 0.0 0.0 -0.0 0.0 0.1293586 0.0 0.37159786 0.35425413 -0.18107381 0.0
-0.0 0.0 -0.0 -0.0 0.0 -0.0 -0.0 0.0 0.0 0.0 -0.0 0.0 0.0 -0.0 -0.0 -0.0 -0.0 0.0 -0.0 -0.0 -0.0 -0.0 0.0 0.0 -0.0 0.0 0.0 -0.0 -0.0 -0.0 0.0 0.0 -0.0 -0.0 0.0 -0.0 -0.0 0.0 -0.0 0.0 -0.0 -0.0 -0.0 0.0 0.0 0.0 -0.0 0.0 -0.0 -0.0 -0.0 -0.0 0.0 0.0 -0.0 -0.0 -0.0 -0.0 -0.9446727 -0.0 -0.0 -0.0 -0.88775736 0.0
-0.0 -0.0 0.0 -0.0 0.0 -0.0 0.47731638 -0.0 -0.0 -0.0 0.0 -0.0 -0.0 -0.0 0.0 -0.0 0.0 -0.0 -0.0 0.0 -0.0 -0.0 -0.0 -0.0 -0.5482603 -0.0 -0.0 -0.0 -0.0 0.0 -0.0 -0.0 -0.0 -0.0 -0.0 -0.0 -0.0 0.0 -0.0 0.0 -0.0 0.0 -0.0 -0.0 0.0 -0.0 -0.0 0.0 -0.45747963 -0.0 0.3881691 -0.0 0.0 0.0 0.0 0.0 -0.0 0.0 0.0 -0.0 -0.0 -0.0 -0.0 0.0
-0.0 -0.0 -0.0 -0.0 -0.0 0.0 0.0 -0.0 -0.37131467 -0.0 0.0 0.0 0.0 -0.0 0.0 -0.0 -0.0 -0.0 -0.0 0.11691986 -0.0 -0.0 0.0 -0.0 -0.2921219 0.0 -0.0 0.0 0.0 0.0 -0.0 -0.0 -0.0 -0.0 0.0 -0.0 0.0 -0.0 -0.0 0.0 0.0 0.0 -0.0 -0.0 -0.31171194 -0.0 0.23945041 0.0 -0.0 -0.0 0.15912093 -0.0 0.0 0.0 -0.0 -0.0 -0.0 0.0 0.0 -0.0 -0.0 0.0 -0.0 0.0
0.0 0.0 0.0 0.0 -0.0 -0.0 0.0 -0.16114539 -0.0 0.0 0.0 -0.0 0.0 -0.0 0.0 0.0 0.0 0.0 -0.0 0.0 0.20387758 0.0 0.0 -0.0 0.0 -0.0 -0.0 -0.7440622 0.0 0.0 -0.0 -0.14935248 -0.0 0.0 0.0 0.0 0.0 0.0 -0.0 -0.0 -0.0 0.0 0.0 -0.0 0.0 -0.0 -0.0 -0.0 0.0 0.0 0.0 0.0 -0.0 -0.0 -0.0 -0.0 -0.0 0.0 -0.0 0.17696495 0.0 -0.0 0.0 0.0
-0.0 0.0 -0.7014613 0.0 -0.0 -0.5532437 -0.24588053 0.0 -0.0 0.0 -0.0 0.0 0.0 -0.0 0.0 0.30723208 0.0 0.0 0.0 0.0 0.0 0.0 -0.0 -0.0 -0.21275544 0.0 -0.0 -0.0 0.0 0.0 -0.0 0.0 0.0 -0.0 0.0 -0.0 -0.0 -0.0 0.0 -0.0 0.0 0.0 0.0 -0.0 -0.0 0.0 -0.0 -0.0 -0.0 -0.0 -0.0 0.0 -0.0 -0.0 -0.0 -0.0 0.0 -0.0 0.0 0.0 0.0 0.0 0.0 -0.0
0.0 0.0 0.0 -0.0 0.0 0.0 -0.0 -0.0 0.0 0.0 0.0 -0.0 0.0 -0.0 0.0 0.119677424 0.0 -0.0 -0.0 0.0 -0.0 -0.0 0.0 -0.0 -0.0 -0.0 0.0 -0.0 -0.19537945 0.0 -0.0 -0.0 0.0 -0.0 0.0 0.0 0.0 -0.0 0.0 0.0 0.0 0.0 -0.0 0.0 0.0 -0.0 -0.0 -0.0 -0.0 -0.0 0.08748984 -0.0 0.0 0.0 0.0 -0.0 -0.0 -0.0 -0.60692906 -0.0 -0.11256579 -0.18980685 -0.0 0.0
-0.0 -0.0 -0.41356224 0.0 0.0 -0.0 -0.0 -0.0 -0.0 0.0 -0.0 0.0 0.0 -0.0 -0.0 0.0 -0.0 -0.0 -0.0 0.0 -0.0 0.0 0.0 -0.0 -0.52211946 0.0 0.0 0.0 0.0 0.0 0.0 -0.0 -0.0 -0.24683769 0.0 -0.0 -0.0 -0.0 0.0 0.0 0.0 0.0 0.0 0.0 -0.0 -0.0 0.0 0.0 0.0 -0.0 -0.0 -0.0 0.0 -0.0 0.0 -0.0063083638 -0.0 0.2666262 0.0 0.0 -0.3208083 -0.0 -0.0 0.0
-0.0 0.0 0.0 0.0 0.0 -0.0 -0.0 -0.0 0.0 0.0 0.0 0.0 0.0 -0.0 0.0 -0.0 0.0 0.0 0.0 0.0 -0.0 0.0 0.0 -0.0 -0.0 -0.0 0.0 0.0 -0.0 -0.0 -0.0 -0.0 -0.0 0.0 -1.2360574 -0.0 -0.0 -0.0 0.0 -0.0 0.0 -0.0 -0.0 0.0 0.0 0.0 0.0 -0.0 -0.0 -0.0 -0.0 0.0 -0.0 0.0 -0.0 -0.0 0.0 0.0 -0.0 0.0 -0.0 0.0 -0.0 -0.0
0.35185018 -0.0 -0.0 0.0 -0.0 -0.0 -0.0 0.0 0.0 -0.0 0.0 0.0 -0.0 -0.0 0.0 0.0 0.0 0.0 0.0 0.0 0.0 0.4892773 0.0 -0.0 0.0 0.0 0.0 0.0 -0.0 0.0 0.0 -0.0 0.0 0.0 -0.0 1.0114667 -0.0 -0.0 0.0 0.0 0.65643007 -0.0 -0.0 0.0 0.0 0.0 0.0 -0.0 -0.0 -0.0 0.0 0.0 0.0 0.0 0.0 0.0 0.0 0.0 -0.0 -0.0 0.0 0.0 -0.0 0.0
-0.0 0.0 -0.0 0.0 0.0 -0.31209376 -0.21024598 0.0 -0.0 0.0 0.0 0.0 0.0 0.0 0.0 -0.0 0.0 0.0 0.0 0.0 -0.0 0.0 -0.44649303 -0.103237346 -0.0 -0.0 -0.0 -0.0 0.19820473 -0.0 0.0 -0.0 -0.0 0.0 -0.0 -0.0 -0.29030806 0.0 -0.0 0.0 0.0 -0.0 -0.0 -0.0 0.0 -0.0 -0.0 0.0 -0.13529733 0.0 -0.44210854 -0.0 0.0 -0.3891203 -0.08331509 0.0 0.0 -0.15491828 0.123482056 -0.0 0.21895078 0.0 0.0 -0.059738204
0.13276069 0.10398147 0.0 0.06481336 0.0 -0.0 -0.0 0.0 0.0 0.0 0.0 -0.0 -0.0 0.11886737 0.0 0.0 0.089765556 0.04964425 0.043320887 0.13971412 0.0 0.040485788 0.0 0.0 0.0 0.07878688 0.0 0.0 0.0 0.0 0.0 0.090438575 0.06636538 0.0672815 0.0 0.08967523 -0.0 0.0 0.06882507 0.0 0.0 0.065952905 0.0 0.0 0.0 0.06339476 0.0 0.0 0.0 0.0 0.0 0.06923565 0.0 -0.0 0.0 0.0 0.029403405 0.0 0.0 0.0 0.0 0.0 0.0 0.0
-0.0 -0.48070866 0.0 0.0 -0.0 0.0 0.0 0.0 0.0 -0.15472466 0.0 0.6002123 -0.1633397 0.50329494 0.0 -0.0 0.0 0.13300444 0.25200722 -0.0 0.0 -0.0 0.0 0.0 0.0 0.0 0.0 -0.0 0.0 -0.0 -0.0 0.0 0.0 0.0 0.0 0.0 0.0 0.0 0.0 -0.0 0.0 0.0 0.0 0.0 0.0 0.36481246 0.0 0.0 0.0 0.0 -0.0 -0.0 -0.0 0.0 0.0 0.0 0.16619243 -0.0 -0.0 0.0 -0.0 -0.0 0.0 -0.0
0.0 -0.0 -0.0 -0.0 -0.0 0.0 -0.0 0.0 0.0 -0.0 -0.0 0.0 -0.0 -0.0 0.0 0.0 0.0 0.0 0.0 -0.0 0.0 -0.0 0.0 0.0 0.0 -0.0 0.0 0.0 0.0 -0.0 -0.0 -0.0 0.0 0.0 0.0 -0.0 0.0 0.0 0.0 0.2738954 -0.0 0.0 0.0 0.0 0.0 -0.0 -0.0 -0.0 -0.0 -0.0 -0.0 -0.0 -0.4321063 0.0 0.0 -0.0 -0.0 -0.0 -0.0 -0.0 0.0 0.0 0.0 -0.0
0.0 0.0 -0.0 0.0 0.0 -0.0 -0.0 -0.0 0.0 0.0 0.0 -0.0 0.0 0.0 0.0 0.0 0.0 0.6101653 0.6550242 -0.0 0.0 0.0 0.0 -0.0 0.0 -0.0 0.0 -0.0 0.0 0.0 -0.0 0.0 -1.401534 0.0 0.0 -0.0 0.0 0.0 -0.0 -0.0 0.0 0.0 0.0 -0.0 0.0 2.3555248 0.0 0.0 0.0 0.0 -0.0 0.9419465 -0.0 0.0 -0.0 -0.0 0.0 0.0 0.0 0.0 -0.0 -0.0 -0.0 0.0
-0.0 0.0 0.0 0.0 -0.0 -0.0 0.0 0.0 0.0 0.0 -0.0 0.0 -0.0 -0.0 -0.0 -0.0 0.0 0.0 0.0 -0.0 -0.0 0.0 0.0 0.0 0.0 0.0 0.0 0.0 0.0 0.0 -0.0 -0.0 -0.0 0.0 -0.0 0.0 0.0 0.0 -0.0 0.0 0.0 0.0 0.0 -0.0 -0.0 0.0 -0.0 -0.0 -0.0 -0.0 0.0 0.0 -0.0 -0.0 -0.0 -0.0 0.0 -0.0 -0.31057575 -0.0 0.0 -0.0 0.44066858 -0.0
-0.0 -0.0 -0.0 0.0 0.0 -0.0 0.0 -0.0 0.0 -0.0 0.0 0.0 -0.0 0.0 0.0 -0.2731133 0.0 -0.0 0.0 0.26875654 0.0 -0.0 0.0 -0.0 -0.2592177 -0.0 -0.0 0.0 0.0 -0.0 0.0 -0.0 -0.0 -0.0 0.0 -0.0 -0.0 -0.0 -0.0 0.0 0.0 -0.0 0.29022807 0.0 0.0 0.0 0.0 0.0 0.34548673 -0.6811602 0.0 -0.0 0.0 0.0 -0.0 0.38559133 -0.0 0.0 -0.0 0.0 0.0 0.0 0.0 -0.3191089
0.0 0.0 -0.67124903 0.0 0.0 -0.0 0.0 -0.0 0.0 0.0 0.0 0.0 0.0 -0.0 0.0 0.0 0.0 0.0 0.0 -0.0 0.0 0.0 -0.0 0.0 -0.0 -0.0 0.0 0.0 0.0 0.0 0.0 0.0 -0.0 0.18597056 0.0 -0.0 -0.12102361 0.0 0.0 -0.0 0.0 0.0 -0.31502813 0.0 0.0 0.0 0.0 0.0 -0.0 -0.0 -0.35780978 0.0 -0.0 0.0 -0.0 -0.26654083 0.0 -0.6735718 0.18787926 0.0 0.0 0.0 0.31624904 0.0
-0.0 -0.0 0.23865826 0.0 0.0 -0.0 -0.0 0.0 -0.0 -0.0 0.0 0.0 0.0 -0.0 -0.15219687 -0.30591202 -0.0 -0.0 0.0 0.0 0.0 0.0 -0.0 0.0 0.0 -0.16483974 -0.0 0.0 -0.0 -0.0 0.0 0.2314943 0.0 0.0 0.1707281 -0.40688092 0.0 0.0 -0.0 0.0 0.0 -0.0 -0.6528875 -0.0 -0.0 0.0 -0.0 0.0 -0.5256593 -0.0 -0.0 0.0 0.0 -0.0 -0.25212908 0.0 -0.0 -0.0 0.0 0.0 -0.0 0.0 -0.0 -0.13825358
-0.0 -0.0 0.15503292 0.0 0.0 0.0 0.0 -0.0 -0.0 -0.0 -0.0 0.0 -0.0 0.0 -0.3599405 -0.39715904 -0.0 0.0 0.0 0.0 0.0 -0.0 -0.0 0.0 0.0 -0.0 -0.0 -0.0 -0.6598102 0.0 -0.0 0.0 0.0 -0.2936244 0.0 -0.0 0.26857364 0.0 0.0 0.0 -0.0 -0.14308804 -0.0 -0.0 0.0 0.0 0.0 0.0 -0.0 -0.0 0.0 0.0 0.0 0.0 -0.0 0.0 0.0 -0.035830025 -0.0 -0.0 -0.41030726 -0.42396903 -0.0 -0.0
0.0 -0.0 -0.0 -0.0 -0.0 -0.0 -0.0 -0.0 0.0 -0.0 -0.0 0.0 0.0 -0.0 0.0 -0.0 -0.0 -0.0 -0.0 -0.0 0.0 -0.0 0.0 0.0 0.0 -0.0 0.0 0.0 0.0 -0.0 -0.0 0.0 0.0 -0.0 -0.0 -0.0 0.0 -0.0 -0.0 -0.0 -0.0 -0.0 0.0 0.0 0.0 -0.0 0.0 -0.0 0.0 -0.0 -0.6038562 -0.0 -0.0 0.0 -0.35514662 -0.0 -0.0 -0.0 0.0 -0.0 0.0 0.28268644 0.0 -0.0
0.0 -0.0 -0.0 -0.0 0.0 0.0 0.0 -0.0 -0.0 -0.0 -0.0 0.0 -0.0 -0.0 0.0 -0.0 -0.0 -0.0 0.0 -0.0 0.0 -0.0 0.0 0.17751303 0.0 -0.29211178 0.0 0.0 0.0 -0.21869737 -0.0 0.0 0.0 0.0 0.0 0.032504264 0.07864847 0.0 -0.0 0.0 -0.0 0.0 -0.0 0.0 -0.0 0.0 0.0 -0.0 0.0 -0.0 -0.14325854 0.0 0.0 -0.0 -0.0 -0.25183365 -0.0 0.264826 0.17782155 0.0 -0.37873748 0.0 0.2037258 -0.0
-0.0 -0.0 0.0 0.0 -0.0 0.0 -0.0 0.0 -0.0 -0.0 0.0 0.0 -0.0 -0.0 0.0 0.0 0.0 0.0 0.0 0.0 -0.32455185 -0.0 0.0 0.0 0.0 0.0 0.0 0.35739803 -0.0 -0.0 -0.0 -0.0 -0.0 0.0 -0.0 -0.0 0.0 0.0 -0.0 0.0 -0.0 0.0 0.0 0.0 -0.0 0.0 -0.0 -0.0 0.0 -0.0 -0.0 -0.0 0.0 -0.0 -0.0 -0.0 0.0 -0.0 -0.3897235 -0.0 -0.0 -0.0 0.0 0.0
0.0 -0.0 -0.17115436 -0.0 0.0 -0.0 -0.0 0.0 -0.0 0.0 -0.0 0.0 0.0 -0.0 -0.0 -0.0 -0.0 0.0 0.0 -0.0 -0.17253028 -0.0 -0.0 -0.0 -0.28068656 0.30791354 0.0 0.0 0.0 0.1653733 0.0 -0.23222815 -0.0 -0.1570149 0.0 -0.0 -0.0 0.0 0.0 -0.0 0.0 -0.0 0.0 -0.0 -0.0 0.0 -0.0 -0.0 0.0 -0.23172295 0.27213928 0.0 -0.0 -0.0 0.26519653 -0.5162743 -0.0 0.2649713 -0.19928783 0.0 -0.44660714 -0.3495462 -0.0 0.0
-0.0 -0.0 -0.5977832 -0.0 0.0 -0.0 -0.0 0.0 0.0 -0.0 -0.0 0.0 -0.0 0.0 0.0 0.0 -0.0 0.0 0.0 0.0 -0.0 -0.0 -0.0 -0.0 -0.0 0.0 0.0 0.0 0.0 0.0 0.0 -0.0 0.0 -0.0 -0.6258408 -0.0 -0.20139381 0.0 0.0 0.0 0.0 0.0 -0.0 0.0 0.0 -0.0 0.0 -0.0 -0.0 -0.0 -0.39353734 -0.0 -0.0 -0.0 -0.0 -0.15772682 -0.0 0.0 0.0 0.0 0.28660658 -0.0 0.0 -0.0
-0.0 0.0 -0.0 0.0 -0.0 0.0 -0.0 0.0 -0.0 0.0 -0.0 0.0 -0.0 -0.0 -0.092550345 -0.0 -0.0 0.0 0.0 -0.0 0.0 0.0 0.0 -0.0 -0.0 -0.0 -0.0 -0.0 -0.29368418 -0.0 -0.0 0.0 0.0 -0.07351415 0.0 -0.0 0.0 -0.0 0.0 0.0 0.0 -0.0 -0.0 -0.0 -0.0 -0.0 -0.0 0.0 -0.0 -0.0 0.0 -0.0 -0.0 0.0 0.0 -0.0 -0.0 0.0 0.0 -0.0 -0.5196373 -0.25032702 -1.2303272 0.0
-0.0 -0.0 -0.10508469 -0.0 0.0 -0.0 -0.0 0.0 0.0 0.0 -0.0 0.0 0.0 -0.0 -0.0 0.0 0.0 -0.0 -0.0 -0.0 -0.0 -0.0 0.29950753 0.18796086 0.0 -0.0 -0.0 0.0 -0.0 0.0 -0.0 -0.0 -0.0 0.0 -0.0 0.0 0.20766805 0.0 0.0 0.0 -0.0 -0.0 0.0 0.0 0.0 -0.0 0.0 0.0 0.0 0.0 -0.34788635 -0.0 0.0 -0.0 -0.0 -0.26298708 -0.0 -0.0 0.0 0.0 0.0 0.0 0.0 -0.0
-0.0 -0.0 0.0 -0.0 0.0 0.0 -0.0 -0.0 -0.0 0.0 -0.0 0.0 0.0 -0.0 -0.0 -0.0 -0.0 -0.0 0.0 0.0 -0.2881808 -0.0 -0.0 -0.08810178 -0.0 0.0 0.0 0.0 0.0 0.0 -0.0 -0.45571133 0.0 -0.0 -0.0 -0.0 -0.0 0.0 -0.0 0.0 -0.0 0.0 0.0 0.0 -0.0 -0.0 0.0 0.0 0.0 -0.0 -0.0 0.0 0.0 -0.0 0.0 -0.19763203 -0.0 0.0 -0.0 0.0 0.0 -0.0 0.0 -0.0
-0.0 0.0 0.23923767 0.0 0.0 0.0 0.0 0.0 0.0 0.0 -0.0 -0.0 0.0 0.0 0.0 -0.0 -0.0 0.0 0.09778065 0.0 -0.0 -0.0 0.0 0.0 0.0 -0.0 0.0 0.0 -0.0 -0.0 -0.3371421 0.0 0.0 -0.0 -0.0 -0.0 0.0 0.0 -0.0 0.0 0.0 -0.0 -0.0 0.0 -0.0 0.0 -0.0 0.0 0.0 -0.0 0.0 0.0 0.0 0.0 0.0 -0.0 0.0 0.0 -0.0 0.0 -0.0 -0.0 -0.0 0.0
-0.0 -0.0 0.0 -0.0 -0.0 0.0 -0.0 -0.0 0.0 0.0 -0.0 0.0 0.0 -0.0 -0.20055752 -0.16969989 -0.0 -0.0 -0.0 0.0 0.0 -0.0 -0.0 -0.0 0.0 -0.0 -0.0 0.0 -0.0 -0.0 -0.0 0.0 -0.0 -0.0 0.0 -0.0 0.0 -0.0 0.0 -0.0 -0.0 -0.0 -0.0 -0.0 0.0 -0.0 0.0 -0.0 -0.119664274 0.0 -0.0 -0.0 -0.0 0.0 -0.3369884 0.0 -0.0 -0.087625496 -0.0 0.0 0.0 -0.0 0.0 -0.0
-0.0 0.0 0.0 0.0 -0.0 -0.0 -0.0 0.0 -0.0 0.0 -0.0 0.0 -0.0 -0.0 0.0 0.0 0.0 0.0 0.0 -0.0 -0.0 0.0 -0.0 -0.22465794 -0.0 -0.0 -0.0 0.0 0.0 -0.0 -0.0 -0.0 -0.0 -0.0 -1.1900005 -0.0 -0.0 0.0 -0.0 0.0 -0.0 0.0 -0.0 -0.0 -0.0 0.0 -0.0 -0.0 -0.0 -0.0 -0.39239946 0.0 -0.0 -0.23120321 -0.0 -0.0 0.0 0.0 0.0 0.0 0.0 0.0 0.0 -0.0
-0.0 0.0 0.0 0.0 -0.0 0.0 0.0 0.0 -0.0 -0.0 -0.0 0.0 0.0 -0.0 -0.0 -0.0 -0.0 0.0 0.0 -0.0 -0.0 0.0 0.0 0.0 0.0 0.0 -0.0 -0.0 -0.14597052 0.0 0.0 -0.0 -0.0 -0.0 0.0 -0.0 0.0 0.0 0.0 -0.0 0.0 -0.0 -0.0 -0.0 -0.0 0.0 0.0 0.0 -0.0 -0.0 0.0 0.0 0.0 0.0 -0.0 -0.0 0.0 -0.0 -1.3911737 -0.0 -0.0 -0.0 0.0 0.0
-0.0 -0.0 0.0 0.0 0.0 0.0 0.0 0.0 0.0 -0.0 0.0 0.0 0.0 -0.0 -0.0 0.0 -0.0 0.0 0.0 0.0 -0.0 0.0 0.0 -0.0 -0.0 -0.0 0.0 0.0 -0.18887141 0.0 -0.0 -0.0 -0.0 -0.0 -0.0 -0.0 0.0 -0.0 0.0 0.0 0.0 -0.0 -0.0 0.0 0.0 0.0 0.0 -0.0 0.0 -0.0 0.0 0.0 0.0 0.0 -0.0 -0.0 0.0 -0.0 -1.2525371 0.0 -0.0 -0.0 0.0 0.0
0.21898037 -0.0 -0.050628625 -0.0 0.0 -0.1536411 0.0 -0.0 0.0 0.0 -0.0 -0.0 0.0 -0.0 0.0 0.0 -0.0 -0.0 -0.0 -0.0 0.0 0.0 -0.0 -0.0 -0.0 0.0 0.0 -0.0 0.12233643 0.0 -0.2181779 0.0 0.0 0.0 -0.10571717 0.0 -0.74074596 -0.0 -0.0 -0.0 -0.0 0.0 -0.0 -0.0 0.0 -0.0 0.0 -0.0 -0.13735753 0.0 0.0 -0.0 -0.0 -0.0 0.0 0.0 -0.0 -0.0 0.0 -0.0 0.0 -0.0 0.0 0.20470142
-0.0 -0.0 -0.0 0.0 -0.0 -0.0 -0.0 0.0 -0.24881294 0.0 -0.0 -0.0 0.0 -0.0 0.0 0.0 -0.0 0.0 0.0 -0.0 -0.0 0.0 -0.0 -0.36767733 -0.33889532 0.0 -0.0 -0.0 0.0 0.0 -0.0 -0.0 -0.0 -0.0 0.19134746 -0.0 0.0 0.0 0.0 0.0 0.0 -0.0 0.0 -0.0 -0.19763274 0.0 -0.0 -0.0 0.0 0.0 -0.0 0.0 0.0 -0.30200115 0.0 -0.28547743 -0.0 0.18357958 0.0 -0.0 -0.0 0.0 0.0 -0.0
0.032275606 0.08062969 0.0 0.028737454 0.0 0.0 0.0 0.0526335 0.05450633 0.0 -0.0 0.0 -0.0 0.10005923 -0.0 0.0 -0.06484846 0.0470463 0.045007136 -0.06375366 0.06411172 0.025405673 0.0 0.08870673 0.05234998 0.0 0.07258702 0.0 -0.0 0.0 0.079375185 0.0 0.07197238 0.0 -0.0 0.017781265 -0.0 0.0 0.08189479 0.0 0.0 0.0 0.07666871 0.08875295 0.0 0.089225605 0.0 0.0 0.08674391 -0.0 0.0 0.043049246 -0.0 0.0 0.0 0.056214254 0.030140571 0.0 0.0 0.0 -0.0 -0.0 0.0 0.07751897
-0.0 -0.0 -0.0 0.0 -0.0 0.0 0.0 -0.10381423 -0.0 -0.0 0.0 0.0 0.0 -0.0 0.0 0.0 0.0 0.0 -0.0 0.0 -0.2203807 -0.0 0.0 0.0 -0.0 -0.0 0.0 0.0 0.0 0.0 -0.0 0.25171697 0.0 0.0 0.0 0.0 0.0 -0.0 -0.0 -0.0 -0.0 0.0 0.0 -0.0 0.0 -0.0 0.0 -0.0 0.0 0.0 0.0 -0.0 0.0 0.0 0.0 -0.0 0.0 0.0 -0.0 -0.7601688 -0.0 0.0 0.0 0.0
0.0 -0.0 0.18184417 -0.0 -0.0 -0.0 -0.0 0.0 0.0 -0.0 0.0 0.0 0.0 -0.0 -0.0 -0.0 0.0 -0.0 0.0 -0.0 0.0 0.0 -0.17513396 -0.0 -0.0 -0.40318352 -0.0 0.0 -0.0 -0.30536944 -0.0 0.13382052 0.0 0.0 -0.0 -0.0 -0.0 -0.0 0.0 0.0 0.0 -0.0 -0.17131518 -0.0 0.0 -0.0 0.0 -0.0 -0.0 0.0 -0.33363354 -0.0 -0.0 -0.0 -0.0 -0.0 0.0 0.0 0.0 -0.0 0.0 0.0 -0.0 -0.0
0.0 0.0 -0.0 0.0 -0.0 0.0 0.0 0.0 0.0 0.0 0.0 -0.0 0.0 -0.0 -0.0 0.0 0.0 0.0 -0.0 0.0 -0.0 0.0 0.0 0.0 0.0 0.0 -0.0 -0.0 -0.0 -0.0 -0.0 0.0 -0.0 0.0 0.0 0.0 -0.0 -0.0 -0.0 -0.8768958 -0.0 0.0 -0.0 -0.0 0.0 0.0 -0.0 -0.0 0.0 0.0 0.0 0.0 0.0 0.0 -0.0 0.0 0.0 -0.0 0.0 0.0 0.0 0.0 0.0 0.0
-0.0 0.0 -0.0 0.0 0.0 -0.0 0.0 0.0 -0.0 -0.0 -0.0 -0.0 -0.0 -0.0 0.0 -0.0 -0.0 0.0 0.0 0.0 0.06991269 0.0 0.0 0.0 -0.0 -0.18935892 0.0 0.0 0.0 0.0 0.0 0.0 -0.0 0.0 -0.0 -0.0 0.0 -0.0 -0.0 -0.0 0.0 -0.0 -0.0 0.0 0.0 0.10989022 0.0 -0.0 0.0 0.0 -0.0 0.0 0.0 -0.0 0.0 0.0 0.0 0.0 0.33316606 -0.0 -0.0 0.10896377 -0.17385882 -0.0
