56 56 64 256 1 0 1 1
-0.0 0.0 -0.0 -0.0 0.0 0.264317 -0.0 0.0 -0.08786111 0.14925186 -0.0 0.0 0.0 0.0 0.0 -0.0 0.13822468 -0.17551345 0.0 0.0 -0.0 0.07366663 -0.0 -0.0 -0.0 0.0 0.0 0.1774478 0.0 0.0 0.0 -0.0 -0.0 0.0 0.0 0.0 0.20851181 -0.0 0.0 -0.0 -0.075022385 0.0 -0.0 0.11175702 -0.0 -0.0 -0.15994982 0.0 -0.0 0.0 -0.0 -0.0 0.0 -0.0 0.0 0.0 -0.16243629 -0.0 -0.0 -0.0 0.0 -0.0 -0.0 0.0
-0.0 0.0 -0.0 0.0 0.0 0.0 -0.0 -0.0 0.0 0.0 0.0 0.0 -0.0 0.0 -0.0 -0.0 0.0 -0.0 -0.0 0.0 0.1782579 -0.0 -0.0 0.36553508 -0.0 -0.0 -0.0 -0.0 -0.0 0.0 0.0 0.0 0.0 0.0 0.0 0.0 0.440064 0.0 0.0 -0.0 0.2859719 -0.0 0.0 0.0 -0.0 -0.0 -0.0 -0.25731543 0.20330837 0.0 0.0 -0.0 0.0 -0.0 -0.0 0.0 0.0 -0.0 0.0 -0.0 -0.0 -0.0 -0.20445228 0.0
-0.0 0.0 0.0 0.68166006 0.0 0.071701154 0.0 0.0 -0.0 -0.0 0.0 0.0 0.0 -0.0 -0.0 -0.0 0.0 0.0 0.0 0.16367045 -0.0 -0.23623767 0.0 -0.0 0.0 0.0 -0.0 0.0 -0.20348644 0.0 -0.0 0.0 0.0 -0.0 -0.3363224 -0.0 -0.0 -0.0 -0.0 0.0 -0.0 -0.061190467 -0.0 0.0 -0.0 -0.0 -0.0 -0.0 0.0 -0.0 0.0 -0.0 -0.0 0.0 0.0 -0.0 -0.0 0.0 0.0 -0.19996373 0.0 0.0 0.0 -0.0
-0.0 0.0 -0.0 0.0 -0.0 0.0 -0.0 -0.0 -0.20303036 0.0 0.15058826 0.0 0.0 0.0 -0.0 -0.0 0.0 0.0 -0.0 0.0 -0.0 -0.0 -0.0 0.4122495 0.33357075 0.17781924 0.0 0.0 -0.0 -0.0 0.0 -0.0 0.22635967 0.0 0.20285676 0.0 0.0 0.0 -0.0 0.0 0.35150933 -0.0 0.0 -0.0 0.0 -0.0 -0.0 0.0 0.20998263 0.0 -0.0 0.0 0.3669876 -0.0 0.36096704 0.0 0.0 0.26824272 0.0 -0.0 0.0 -0.0 0.2127438 0.0
-0.32794237 0.0 -0.0 -0.0 0.0 0.0 -0.0 0.0 0.7462646 0.0 0.0 -0.0 -0.0 -0.0 -0.0 0.0 0.0 0.0 -0.0 -0.0 -0.0 -0.0 0.0 0.0 0.0 -0.0 -0.0 -0.0 0.0 0.0 -0.0 -0.0 0.0 -0.0 -0.0 -0.0 -0.0 0.0 0.32917815 0.0 0.0 -0.0 0.0 -0.30961823 0.0 0.33034593 0.0 0.0 0.0 -0.0 0.0 0.0 -0.0 0.0 0.0 0.0 -0.0 -0.0 0.0 -0.0 -0.0 0.0 0.0 -0.0
0.0 0.0 0.12213254 -0.0 -0.0 -0.0 0.0 0.0 0.0 -0.0 0.0 0.0 0.0 -0.48188666 0.0 -0.0 0.0 -0.0 -0.0 -0.0 -0.0 -0.0 0.0 0.14500305 0.17077954 -0.0 0.0 -0.0 -0.0 0.0 0.17088008 0.14384544 -0.15530325 0.0777405 0.0 -0.0 -0.0 0.1338154 -0.0 -0.11806147 0.0 0.43908885 0.0 -0.0 -0.0 -0.0 0.0 0.0 -0.0 -0.0 0.0 0.0 -0.0 0.1275429 -0.0 0.0 -0.092373766 -0.0 0.0 0.0 0.1905188 0.0 -0.101665154 0.24515635
0.0 0.0 -0.0 -0.0 0.0 0.0 -0.0 -0.0 0.0 0.0 0.0 0.0 0.0 0.0 -0.0 0.0 -0.0 0.0 0.0 -0.0 0.0 0.0 -0.0 -0.0 -0.0 -0.0 -0.0 0.0 -0.0 -0.0 -0.0 -0.0 -0.0 0.0 0.0 -0.0 0.0 0.0 0.0 0.0 -0.0 0.0 -0.0 -0.0 0.0 -0.0 -0.0 -0.0 -0.0 0.0 0.0 0.0 -0.0 0.0 -0.0 -0.0 -0.0 0.0 0.0 -0.0 -0.0 0.0 0.0 -0.0
0.0 -0.0 0.0 -0.0 0.0 0.0 -0.0 -0.0 0.0 0.0 -0.0 -0.0 -0.0 0.0 -0.0 0.0 -0.0 0.0 0.0 0.0 -0.0 -0.0 -0.0 -0.0 -0.0 0.0 0.0 -0.0 -0.0 -0.0 -0.0 0.0 0.0 0.0 -0.0 0.0 0.0 0.0 0.0 0.0 -0.0 -0.0 -0.0 0.0 0.0 0.0 0.0 0.0 0.0 -0.0 0.0 -0.0 0.0 -0.0 -0.0 -0.0 0.0 0.0 0.0 0.0 -0.0 0.0 0.0 -0.0
-0.0 -0.0 0.0 -0.15086526 -0.0 -0.0 0.0 0.0 0.0 0.1997699 -0.0 -0.0 0.0 -0.0 0.0 0.0 -0.0 -0.0 0.0 -0.0 0.0 -0.11220908 -0.08710391 -0.0 0.0 0.0 -0.0 -0.0 0.1984786 -0.0 0.0 -0.0 -0.0 -0.0 0.0 -0.0 0.0 -0.0 -0.0 0.0 -0.0 -0.0 0.0 -0.0 -0.0 -0.0 0.0 -0.0 0.0 0.0 -0.0 -0.0 -0.0 0.0 -0.0 0.0 0.0 -0.0 -0.0 0.0 0.0 -0.0 0.0 0.0
0.0 -0.21618794 -0.0 0.0 -0.0 0.20898114 -0.0 -0.21277548 -0.0 0.0 -0.0 -0.0 0.0 0.0 -0.0 -0.0 0.0 0.0 -0.0 -0.0 -0.0 0.0 0.0 0.0 -0.0 0.0 -0.14750296 0.062243823 0.0 -0.0 -0.0 0.0 0.0 -0.0 0.43495008 0.0 0.30563396 0.0 0.0 0.0 -0.0 0.0 -0.0 -0.0 -0.0 -0.0 0.0 0.0 0.0 -0.0 -0.0 0.0 0.0 -0.0 -0.0 0.0 0.20245335 0.0 -0.0 -0.0 0.0 -0.0 -0.0 0.0
0.0 -0.0 -0.0 -0.0 -0.0 0.0 -0.0 0.0 0.0 -0.0 -0.0 -0.0 0.0 -0.0 0.0 -0.0 0.0 0.0 0.0 0.0 -0.0 0.0 0.0 0.0 0.0 0.0 0.0 -0.0 -0.0 -0.0 0.0 0.0 0.0 0.0 -0.0 -0.0 -0.0 -0.0 0.0 0.0 -0.0 0.0 0.0 0.0 -0.0 -0.0 0.0 0.0 -0.0 -0.0 -0.0 0.0 0.0 0.0 -0.0 -0.0 -0.0 -0.0 -0.0 -0.0 -0.0 -0.0 0.0 0.0
0.0 -0.0 0.0 -0.0 -0.0 -0.29875365 -0.0 -0.0 0.0 -0.45517722 -0.0 -0.0 -0.0 -0.84382194 -0.40630257 -0.0 -0.2655833 -0.0 -0.30902037 0.13987361 0.21628895 -0.0 -0.0 0.0 -0.18839869 0.0 -0.0 -0.0 -0.0 -0.27009156 0.31039315 0.0 -0.0 -0.0 -0.1733258 -0.0 0.0 0.0 -0.0 -0.0 -0.0 -0.9340328 -0.0 0.0 0.0 0.49989992 0.0 0.0 -0.0 -0.0 -0.0 -0.0 0.0 0.0 -0.12807544 -0.0 -0.0 -0.0 -0.2306143 0.0 -0.0 0.0 -0.0 0.0
-0.0 -0.0 0.0 -0.0 -0.0 0.0 0.24579422 -0.0 0.0 0.0 -0.0 0.0 -0.0 -0.0 -0.0 -0.0 -0.0 0.0 0.0 -0.0 0.0 0.0 -0.0 0.0 0.0 -0.0 -0.0 -0.0 -0.0 0.0 0.0 0.0 -0.0 0.0 -0.0 0.0 0.0 -0.0 -0.0 -0.0 -0.0 -0.0 -0.0 0.0 0.0 0.0 0.0 0.0 0.0 -0.0 -0.0 -0.0 -0.0 0.0 -0.0 -0.0 -0.0 -0.0 -0.177169 -0.0 0.0 -0.0 -0.0 -0.0
0.0 -0.0 0.0 0.0 0.0 -0.0 -0.0 0.0 -0.0 0.0 0.0 0.0 -0.0 -0.0 0.0 0.06504344 -0.0 0.0 -0.0 0.0 -0.0 -0.0 -0.0 -0.0 0.0 0.0 -0.0 -0.0 -0.0 0.0 0.0 0.0 -0.0 -0.0 -0.2306572 0.0 -0.0 -0.09870505 0.0 -0.14155857 -0.0 0.0 -0.0 0.0 0.0 -0.0 0.0 0.09083382 0.0 -0.0 0.0 -0.0 -0.0 -0.0 -0.0 -0.0 0.0 0.0 -0.0 0.23675719 0.2622995 -0.0 -0.0 0.0
-0.0 -0.0 -0.0 -0.0 0.0 0.0 0.0 -0.0 0.0 0.0 -0.0 0.0 -0.0 -0.0 0.0 0.0 -0.0 0.0 0.0 0.0 0.0 0.0 -0.0 -0.0 -0.0 0.0 -0.0 -0.0 0.0 -0.0 -0.0 -0.0 -0.0 0.0 -0.0 -0.0 0.0 -0.0 -0.0 0.0 -0.0 0.0 -0.0 -0.0 -0.0 -0.0 0.0 -0.0 -0.0 -0.0 -0.0 -0.0 0.0 -0.0 0.0 -0.0 -0.0 -0.0 0.0 -0.0 -0.0 0.0 0.0 -0.0
-0.0 0.0 -0.0 -0.0 -0.0 0.0 0.0 -0.0 0.0 0.0 -0.0 -0.0 -0.0 0.0 0.0 -0.0 0.0 -0.0 0.0 0.0 -0.0 0.0 -0.0 -0.0 0.0 0.0 -0.0 0.0 0.0 -0.0 0.0 -0.0 -0.0 0.0 -0.0 -0.0 0.0 -0.0 0.0 0.0 0.0 0.0 -0.0 0.0 -0.0 0.0 -0.0 -0.0 -0.0 0.0 -0.0 0.0 -0.0 0.0 -0.0 0.0 -0.0 -0.0 0.0 -0.39948103 0.0 -0.0 0.0 -0.0
0.0 -0.0 -0.0 -0.0 0.0 0.0 0.0 -0.0 0.0 0.0 0.0 0.0 0.0 -0.0 0.0 0.0 0.0 -0.0 0.0 -0.0 0.0 -0.0 0.0 0.0 0.0 -0.0 -0.0 0.0 -0.0 -0.0 0.0 -0.0 -0.0 0.0 0.0 0.0 -0.0 -0.0 0.0 0.0 -0.0 -0.0 -0.0 -0.0 0.0 0.0 0.0 -0.0 -0.0 0.0 -0.0 0.0 0.0 -0.0 -0.0 -0.0 0.0 -0.0 0.0 -0.0 0.0 0.0 0.0 -0.0
0.0 -0.0 0.0 0.0 -0.0 -0.0 0.0 0.0 -0.0 -0.0 -0.0 0.0 -0.0 -0.0 0.0 0.0 -0.0 -0.0 -0.0 0.0 -0.0 -0.0 -0.0 0.0 -0.0 -0.0 -0.0 -0.0 0.0 0.0 -0.0 0.0 0.0 0.0 -0.0 0.0 0.0 0.0 0.0 0.0 -0.0 -0.0 -0.0 -0.0 0.0 0.0 -0.0 0.0 -0.0 -0.0 -0.0 -0.0 -0.0 -0.0 -0.0 -0.0 -0.0 -0.0 -0.0 0.0 -0.0 -0.0 -0.0 0.0
-0.09517266 -0.0 -0.0 0.1702292 0.0 -0.0 0.0 0.0 0.0 0.0 0.0 -0.0 -0.0 0.0 -0.0 0.0 -0.0 0.2429411 0.0 0.0 -0.0 -0.0 -0.093145914 0.0 0.0 -0.0 0.22332999 0.0 0.0 0.16084385 -0.0 0.0 -0.0 -0.0 -0.0 -0.0 0.0 0.1887026 -0.0 -0.0 0.0 0.2597892 -0.20198084 -0.0 -0.0 -0.0 0.0 0.0 -0.0 -0.5102409 -0.30363068 -0.510871 -0.0 -0.0 -0.0 -0.0 -0.0 -0.0 -0.2514651 0.0 -0.35488054 0.0 -0.0 -0.0
-0.0 0.0 0.0 0.0 0.0 -0.0 -0.0 0.0 -0.0 0.0 -0.0 0.0 -0.0 0.0 0.0 0.10951657 0.0 -0.0 0.0 0.0 -0.0 -0.0 0.0 0.0 0.0 0.0 -0.0 0.0 0.0 -0.0 -0.0 -0.15356714 -0.0 0.0 -0.0 -0.0 -0.0 -0.0 -0.0 -0.0 0.0 -0.0 -0.0 0.0 0.0 -0.0 0.0 0.17156935 -0.0 -0.0 0.0 -0.0 -0.0 -0.0 0.0 0.0 0.0 0.0 -0.0 -0.0 -0.0 -0.0 0.0 -0.0
-0.0 -0.0 -0.0 -0.13700037 -0.0 0.0 0.0 0.0 0.0 -0.0 0.0 -0.18913782 0.0 -0.0 -0.09474809 -0.0 -0.0 0.26536041 -0.0 -0.0 0.0 -0.042727727 0.0 -0.0 0.0 0.0 -0.0 -0.0 0.18401493 -0.0 -0.0 -0.0 0.0 0.0 -0.0 -0.0 -0.0 -0.0 0.09293369 0.0 -0.0 0.0 -0.0 0.0 0.0 -0.0 -0.0 0.0 0.0 -0.0 0.0 -0.0 -0.0 0.0 0.0 0.0 -0.0 0.0 -0.0 0.0 0.0 -0.0 -0.0 0.0
-0.0 -0.0 0.0 -0.04219944 -0.0 -0.0 0.0 -0.0 -0.0 -0.0 0.0 -0.0 0.0 0.0 0.0 0.0 -0.0 -0.0 -0.0 -0.0 0.0 -0.0 -0.0 -0.0 0.0 0.0 0.0 0.0 0.30374435 -0.21812028 -0.0 -0.0 -0.0 -0.0 -0.0 -0.17037642 -0.0 0.0 0.0 -0.0 -0.0 0.0 -0.0 0.15927486 -0.0 -0.0 -0.0 0.0 -0.0 -0.0 -0.0 0.0 -0.0 0.0 -0.0 -0.0 -0.0 -0.0 -0.22242408 0.0 -0.0 -0.22640066 0.0 0.0
-0.0 -0.12860593 -0.0 -0.0 0.0 -0.0 0.0 0.0 0.0 -0.0 -0.0 0.0 0.0 -0.0 -0.0 0.0 -0.0 -0.20896734 0.18631297 0.078937024 0.0 -0.0 0.0 0.22615364 0.0 0.0 0.0 -0.0 -0.0 -0.0 -0.11179854 -0.0 -0.0 -0.0 -0.0 -0.0 0.0 0.0 -0.0 0.0 0.3242818 -0.13854629 -0.0 -0.0 -0.0 -0.0 0.20632677 -0.17095205 -0.0 -0.0 -0.0 -0.0 0.0 0.0 0.0 -0.0 -0.0 0.0 0.0 -0.057483993 -0.0 0.0 0.16712695 -0.0
0.20863716 -0.0 -0.0 -0.0 -0.0 -0.0 0.036323115 -0.0 -0.0 -0.0 0.42003754 0.0 -0.15585463 0.0 -0.0 -0.0 -0.0 0.0 -0.0 0.291248 -0.0 -0.0 -0.0 0.0 0.0 -0.0 -0.0 -0.0 -0.0 -0.0 0.0 0.16158295 0.33912265 -0.0 0.0 0.0 0.0 -0.0 -0.06092767 -0.0 -0.0 0.0 -0.0 -0.0 0.0 0.0 -0.0 0.0 0.22841504 -0.0 -0.0 -0.0 0.0 -0.0 -0.0 0.0 0.0 -0.21403536 0.0 -0.0 -0.0 -0.0 -0.0 0.0
0.0 0.0 0.0 0.0 -0.0 -0.0 -0.0 -0.0 -0.0 0.0 -0.0 -0.0 0.5587508 -0.0 -0.0 0.0 0.0 -0.0 -0.0 0.0 -0.0 0.0 0.0 -0.34523073 -0.033500303 0.0 -0.0 0.0 0.0 -0.0 0.0 -0.0 -0.0 -0.0 -0.0 -0.46960145 0.0 0.0 0.2269408 -0.0 0.20759965 0.0 0.0 0.0 -0.24292423 -0.0 0.0 -0.0 -0.15013883 0.0 -0.0 -0.0 -0.0 -0.0 -0.0 0.0 -0.0 0.1930858 0.0 0.0 -0.0 -0.16918457 -0.4116109 -0.52386385
0.0 -0.20148921 -0.0 -0.0 0.3886859 -0.0 0.0 -0.4450279 0.0 -0.0 0.0 -0.0 0.0 0.0 0.0 0.0 0.28591052 0.23016189 0.0 -0.3037941 -0.0 0.0 -0.82731473 0.0 -0.0 -0.0 -0.0 -0.0 -0.0 0.0 0.2933737 0.0 -0.0 0.3449293 -0.2674425 0.0 0.0 -0.0 -0.0 0.0 0.0 0.0 -0.0 0.0 -0.0 0.0 0.066622995 0.0 0.0 0.0 -0.2992915 0.0 0.0 -0.0 -0.0 0.0 -0.0 -0.0 -0.0 -0.0 0.26972562 0.078427866 0.0 -0.0
0.0 0.0 0.0 -0.0 -0.0 0.0 -0.0 -0.0 0.0 0.0 0.0 0.0 0.0 -0.0 0.0 0.0 -0.0 0.0 -0.0 0.0 -0.0 -0.0 0.0 -0.0 -0.0 0.0 0.0 0.0 -0.0 -0.0 0.0 0.0 -0.0 -0.0 -0.0 -0.0 -0.0 -0.0 0.0 0.0 0.0 0.0 0.0 0.0 0.0 0.0 0.0 0.0 -0.0 -0.0 0.0 0.0 0.0 -0.0 -0.0 -0.0 0.0 0.0 0.0 -0.0 -0.0 0.0 -0.0 -0.0
0.0 -0.0 -0.0 0.0 0.0 -0.19822596 0.0 -0.0 -0.0 0.0 0.0 -0.0 -0.0 0.0 0.16240494 -0.0 -0.0 -0.0 0.0 -0.0 -0.20130987 0.0 0.0 -0.0 0.0 0.0 -0.36670226 0.0 0.0 -0.45708326 0.19727817 0.0 -0.0 -0.28679237 -0.20702979 -0.0 -0.0 -0.0 -0.0 0.0 -0.0 0.0 -0.0 -0.0 0.0 0.0 -0.0 0.0 -0.0 0.0 -0.30685586 -0.0 -0.0 -0.0 -0.26776758 -0.0 0.0 -0.0 0.0 0.0 0.0 0.0 0.0 -0.0
0.0 0.32144138 -0.23842224 -0.0 -0.56842977 -0.0 -0.0 -0.0 0.0 0.31680074 -0.0 -0.0 0.0 0.0 -0.0 0.0 -0.3406674 -0.2825669 0.0 -0.0 0.0 0.0 0.9341153 0.0 -0.0 0.0 0.0 0.0 0.2805965 0.23081699 -0.27543545 0.0 -0.0 0.0 0.0 -0.0 0.0 0.0 0.0 0.0 0.0 0.0 -0.0 -0.0 0.0 -0.0 0.0 -0.19197917 0.0 -0.0 -0.0 -0.0 -0.0 -0.0 -0.0 -0.0 0.44819358 -0.0 -0.0 0.0 -0.0 0.0 -0.0 -0.013636246
-0.0 0.0 0.0 0.0 -0.0 -0.0 0.0 0.0 0.0 0.0 0.0 0.0 -0.0 0.0 -0.0 -0.0 0.0 0.0 0.0 0.0 -0.0 0.0 -0.0 -0.0 -0.0 -0.0 0.0 0.0 0.0 0.0 0.0 0.0 -0.0 0.0 0.0 0.0 0.0 -0.0 -0.0 -0.0 0.0 0.0 -0.0 0.0 -0.0 -0.0 -0.0 -0.0 0.0 0.0 -0.0 -0.0 0.0 -0.0 0.0 0.0 -0.0 -0.0 -0.0 -0.0 0.0 -0.0 -0.0 -0.0
0.0 -0.0 -0.0 -0.0 0.0 -0.0 0.0 -0.0 0.0 -0.0 -0.0 -0.0 -0.0 -0.0 0.2179425 -0.0 0.0 -0.12660098 -0.0 0.0 -0.0 0.0 -0.14360054 0.3243506 -0.0 -0.0 0.0 -0.0 0.0 -0.0 -0.0 -0.0 -0.0 0.0 -0.0 0.0 0.0 -0.0 0.0 -0.0 0.38620886 0.0 -0.0 -0.0 -0.0 0.0 -0.16838908 -0.3211495 0.0 -0.0 -0.0 -0.0 -0.0 0.0 0.0 -0.0 0.0 -0.0 0.0 -0.0 -0.0 0.0 -0.22559296 0.16871516
-0.0 -0.0 -0.0 0.0 -0.0 0.0 -0.0 0.0 0.0 -0.0 -0.0 0.0 -0.0 0.0 0.0 -0.0 0.0 0.0 -0.0 0.0 -0.0 0.0 -0.0 -0.0 0.0 -0.0 -0.0 -0.0 0.0 0.0 -0.0 -0.0 0.0 -0.0 -0.0 0.0 -0.0 0.0 0.0 -0.0 -0.0 0.0 -0.0 0.0 -0.0 0.0 -0.0 0.0 -0.0 -0.0 -0.0 -0.0 -0.0 -0.0 -0.0 0.0 -0.0 -0.0 0.0 -0.0 0.0 -0.0 0.0 0.0
-0.0 0.0 0.21048099 0.0 0.0 -0.19027072 0.0 0.0 0.0 -0.0 -0.0 -0.0 -0.0 0.0 -0.0 -0.0 0.1890888 0.0 -0.0 0.0 0.0 0.0 -0.058838706 -0.0 -0.0 -0.0 0.1127654 -0.23736651 -0.0 0.11454864 -0.0 -0.0 0.0 0.0 -0.0 -0.0 -0.095371075 0.17695017 -0.0 0.0 -0.0 -0.0 0.24048156 -0.0 -0.0 -0.0 -0.0 0.0 -0.0 0.0 0.0 -0.0 -0.42616412 0.0 -0.0 0.24004695 -0.13824202 -0.0 -0.0 -0.0 -0.0 -0.12560828 -0.0 -0.0
-0.0 0.0 -0.0 -0.0 -0.0 -0.0 0.0 -0.0 0.0 -0.0 -0.0 0.0 0.2472048 0.0 -0.0 -0.0 0.0 -0.0 -0.06653909 0.0 -0.0 0.0 -0.0 0.0 -0.0 -0.1429807 0.0 -0.0 -0.0 -0.0 0.15867752 -0.0 -0.0 0.0 0.19303173 0.0 0.0 -0.0 -0.0 0.0 -0.0 -0.19026227 0.0 -0.0 -0.0 -0.0 -0.0 -0.09940502 -0.12825908 -0.0 0.0 0.0 0.0 0.106104635 -0.0 0.0 0.0 -0.0 -0.0 0.0 -0.0 0.0 -0.17258379 0.23915525
0.0 -0.0 -0.0 0.0 0.0 -0.0 0.17511596 -0.0 -0.0 0.0 0.0 0.0 0.0 0.0 -0.22532207 0.0 -0.0 -0.0 0.5420023 0.0 0.0 -0.0 0.17517321 -0.07816427 0.0 0.0 -0.0 -0.0 0.0 -0.0 0.28149447 0.0 -0.0 -0.0 0.0 -0.0 -0.0 -0.0 -0.0 -0.0 -0.0 -0.29343748 -0.0 -0.0 -0.0 0.0 0.0 0.0 -0.0 -0.0 0.0 -0.0 -0.0 0.0 -0.0 0.0 0.0 -0.0 0.0 -0.0 -0.0 -0.0 0.17473172 -0.0
-0.0 -0.0 0.0 -0.0 0.11785827 -0.16865547 -0.0 -0.15178622 0.0 0.0 0.0 -0.0 -0.075107545 0.0 0.0 0.4843236 -0.24344222 -0.0 -0.052678052 -0.0 -0.0 0.0 0.0 0.0 0.0 0.0 -0.0 0.0 -0.0 -0.0 -0.0 0.0 0.0 -0.0 0.17230026 0.0 -0.0 0.0 -0.0 -0.0 -0.0 0.0 0.0 -0.0 0.0 -0.0 0.0 -0.1607248 -0.0 -0.0 -0.0 0.0 0.0 -0.0 0.0 -0.0 0.20103471 0.0 -0.0 0.0 -0.0 0.0 0.0 0.14855117
-0.17719132 0.0 0.0 -0.0 -0.0 -0.0 0.0 -0.0 0.0 -0.0 -0.11981674 0.0 -0.5024588 -0.0 0.0 -0.0 -0.0 -0.0 -0.0 0.0 -0.0 -0.0 -0.0 0.28926742 0.0 0.0 -0.0 0.0 -0.0 0.0 -0.0 -0.0 0.0 -0.0 -0.0 0.0 0.0 -0.0 -0.23925894 -0.0 -0.3390398 0.0 -0.0 0.0 0.14717528 -0.0 -0.0 0.0 -0.0 0.0 -0.0 -0.0 0.0 -0.0 -0.0 0.0 -0.0 -0.17445765 0.0 0.0 -0.0 -0.0 0.45779434 0.45175648
-0.0 0.0 0.0 -0.0 -0.0 -0.0 0.0 -0.0 -0.0 -0.0 -0.068192445 0.17023318 -0.0 -0.0 -0.0 0.0 -0.0 -0.0 -0.03242303 0.0 -0.0 0.0 -0.0 0.2059737 -0.14152196 -0.0 -0.0 -0.0 -0.0 0.0 -0.0 0.0 -0.0 -0.0 -0.0 -0.0 -0.0 -0.0 -0.0 -0.10360964 0.0 -0.0 0.0 0.0 -0.0 -0.0 0.22009651 0.0 -0.0 -0.0 -0.0 -0.0 0.0 -0.0 -0.0 0.0 -0.0 -0.0 -0.0 0.0 0.0 0.0 0.0 0.0
-0.0 0.0 0.0 0.0 -0.0 0.0 -0.0 -0.0 -0.0 0.0 -0.0 0.0 0.0 0.0 -0.0 -0.0 0.0 0.0 0.0 -0.0 -0.0 -0.0 0.43755478 -0.0 -0.0 -0.0 0.35602203 0.0 -0.0 0.0 -0.27006143 -0.0 0.25414446 -0.86903286 0.0 0.0 0.0 0.0 0.0 0.37816355 0.0 0.0 -0.2269263 -0.0 -0.0 -0.0 -0.0 0.0 0.0 -0.0 0.87575656 -0.0 0.0 0.0 -0.0 -0.0 0.0 0.0 -0.0 -0.0 -0.4129926 0.0 -0.0 -0.0
0.0 -0.0 0.0 -0.0 -0.0 0.0 -0.0 -0.0 -0.0 -0.0 -0.0 -0.0 0.0 -0.0 0.0 -0.0 0.0 -0.0 0.0 0.0 -0.0 -0.0 0.0 0.0 0.0 -0.0 -0.0 -0.0 -0.0 0.0 0.0 -0.0 0.0 -0.0 0.0 -0.0 -0.0 0.0 -0.0 -0.0 -0.0 -0.0 -0.0 0.0 -0.0 0.0 0.0 0.0 -0.0 -0.0 0.0 0.0 0.0 0.0 0.0 0.0 -0.0 0.0 -0.0 -0.0 -0.0 0.0 0.0 -0.0
-0.0 -0.0 -0.0 -0.0 -0.0 0.0 0.0 -0.0 0.0 0.0 0.0 0.0 -0.0 -0.0 -0.0 0.0 0.0 -0.0 0.0 0.0 -0.0 0.0 -0.0 0.0 0.0 0.0 -0.0 0.0 0.0 -0.0 -0.0 -0.0 -0.0 -0.0 0.0 0.0 -0.0 -0.0 0.0 0.0 0.0 0.0 -0.0 0.0 -0.0 -0.0 -0.0 -0.0 0.0 0.0 -0.0 -0.0 0.0 -0.0 -0.0 0.0 -0.0 -0.0 0.0 -0.0 0.0 0.0 0.0 -0.0
0.0 -0.0 0.0 0.0 0.0 -0.0 -0.0 -0.0 0.0 -0.0 -0.0 0.0 -0.0 -0.0 0.0 -0.0 0.0 -0.0 -0.0 -0.0 0.0 0.0 0.0 0.0 0.0 -0.0 -0.0 0.0 0.0 0.0 -0.0 -0.0 0.0 0.0 -0.0 0.0 0.0 0.0 -0.0 -0.0 -0.0 0.0 -0.0 -0.0 -0.0 0.0 0.0 -0.0 0.0 -0.0 0.0 -0.0 -0.0 0.0 -0.0 0.0 0.0 0.0 -0.0 -0.0 -0.0 -0.0 0.0 0.0
-0.0 -0.5138601 -0.0 0.0 -0.32327935 0.0 -0.0 0.0 -0.0 0.0 0.0 -0.0 -0.0 -0.0 -0.0 -0.5600568 0.0 -0.0 0.0 0.0 -0.4097581 -0.0 0.79427344 -0.0 0.0 -0.0 -0.531548 0.0 -0.0 0.0 -0.0 0.0 -0.0 -0.28413936 0.3199438 0.0 -0.0 -0.41947696 -0.0 0.0 -0.0 0.0 0.0 -0.0 -0.0 -0.0 -0.0 0.0 -0.0 0.5705873 0.33390638 0.0 0.0 0.42620257 0.0 0.28352222 0.27824077 0.0 -0.26180184 -0.0 0.0 0.0 -0.0 0.0
0.0 -0.0 -0.0 0.0 -0.0 0.0 -1.5347685 0.0 -0.0 0.0 -0.0 0.0 -0.62847483 -0.0 0.4195858 -0.48273894 0.0 -0.0 -0.4904227 -0.23619412 0.0 0.0 -0.0 -0.0 0.0 -0.0 -0.0 0.0 -0.0 -0.0 -0.23551987 -0.25735572 0.0 0.0 -0.29940546 0.08850031 0.0 -0.0 -0.0 -0.38288057 0.0 -0.37237883 -0.0 0.0 -0.0 0.0 -0.0 -0.49314132 -0.0 -0.0 -0.0 -0.0 0.0 0.0 -0.0 -0.0 -0.0 0.0 -0.0 -0.0 -0.0 0.0 -0.4905475 0.5201254
0.0 0.0 -0.0 0.36260733 0.0 -0.0 -0.0 0.15698962 0.0 -0.0 -0.0 -0.0 -0.0 -0.038744718 -0.0 0.0 -0.0 -0.0 -0.0 -0.0 0.0 -0.4150272 -0.0 -0.0 -0.0 -0.0 -0.13152097 -0.16636282 0.0 0.0 -0.0 -0.0 0.0 -0.0 -0.0 -0.12359265 0.1361315 0.0 -0.0 0.0 0.0 -0.21034959 0.2193184 0.0 0.0 -0.0 -0.0 0.1647882 0.0 0.0 -0.08432667 0.0 -0.0 0.0 0.0 0.0 0.11456026 -0.0 -0.0 0.114575006 -0.15902902 -0.0 0.0 -0.0
0.20737839 -0.0 -0.0 0.3109033 0.0 -0.0 0.0 0.0 0.0 -0.26957232 0.0 0.0 -0.0 -0.2152359 -0.0 -0.0 -0.0 0.40802866 -0.0 0.0 0.0 -0.0 -0.0 -0.0 0.0 0.0 -0.0 -0.3789036 -0.0 0.0 0.0 -0.0 -0.0 -0.17091426 -0.0 0.0 -0.0 0.0 0.0 0.0 -0.0 -0.2756375 0.0 -0.0 0.22736257 -0.2735203 -0.15871945 0.0 -0.0 -0.0 -0.0 0.0 0.0 -0.0 -0.0 0.0 0.0 0.0 0.0 0.31421843 -0.0 0.0 -0.0 0.0
-0.0 -0.0 0.0 -0.0 0.0 0.0 0.0 -0.0 -0.0 0.0 -0.0 -0.0 -0.0 0.0 0.0 0.0 0.0 -0.0 0.0 -0.0 0.0 0.0 -0.0 0.0 0.0 0.0 -0.0 0.0 0.0 0.0 -0.0 -0.0 -0.0 -0.0 0.0 0.0 0.0 0.0 -0.0 0.0 -0.0 -0.0 -0.0 -0.0 -0.0 -0.0 -0.0 -0.0 0.0 0.0 0.0 -0.0 -0.0 -0.0 0.0 0.0 0.0 -0.0 -0.0 0.0 -0.0 0.0 0.0 0.0
-0.0 0.0 -0.0 -0.0 -0.0 -0.0 -0.1512468 -0.0 0.16362827 -0.0 -0.1366139 -0.0 -0.17270546 -0.0 -0.24240012 -0.0 0.0 0.0 -0.0 -0.0 0.0 0.0 -0.0 -0.0 0.20691107 0.0 0.0 -0.0 -0.0 0.0 0.19478485 -0.13966386 -0.15926005 -0.0 0.0 -0.0 -0.0 -0.0 0.05865963 0.18241706 -0.12048902 -0.0 -0.0 -0.0 0.0 0.0 -0.0 0.0 -0.09531612 -0.0 -0.0 -0.0 0.1835624 0.0 -0.0 0.0 0.0 0.23481959 0.0 0.0 0.0 0.22218077 0.21384451 0.0
0.0 0.0 0.0 0.0 0.0 -0.0 0.0 0.0 -0.0 0.0 -0.0 -0.0 -0.0 0.0 0.0 0.0 -0.0 -0.0 0.0 0.0 0.0 0.0 -0.0 -0.0 -0.0 -0.0 0.0 -0.0 0.0 0.0 -0.0 -0.0 -0.0 0.0 -0.0 0.0 0.0 0.0 -0.0 -0.0 0.0 -0.0 0.0 0.0 -0.0 -0.0 -0.0 0.0 0.0 -0.0 0.0 0.0 -0.0 0.0 -0.0 -0.0 -0.0 -0.0 -0.0 -0.0 0.0 -0.0 0.0 0.0
-0.0 -0.069256715 0.23556526 0.0 -0.0 -0.121866874 0.0 -0.0 0.0 0.0 0.15142137 -0.0 0.0 -0.0 0.0 -0.0 0.0 0.0 0.0 -0.0 -0.0 0.0 -0.0 -0.0 -0.0 -0.0 0.0 -0.0 0.0 0.0 0.0 0.0 -0.0 -0.10462438 -0.0 0.21060497 -0.0 0.0 0.0 -0.0 -0.0 0.11004569 -0.0 0.0 -0.0 0.0 -0.0 0.0 -0.24744897 -0.0 0.0 -0.13211128 -0.0 -0.0 0.0 0.0 -0.0 0.26388258 -0.0 -0.0 -0.0 -0.0 -0.0 0.0
-0.0 -0.0 -0.14399272 -0.0 -0.0 0.0 -0.20601825 -0.0 -0.0 0.0 -0.10833455 -0.0 -0.0 0.16512927 0.33383602 0.0 -0.19132821 -0.21657546 0.0 0.0 -0.0 -0.0 0.0 -0.0 -0.0 -0.0 -0.0 -0.0 -0.0 -0.10768061 0.19330914 0.20336041 0.0 -0.0 -0.1609947 -0.0 -0.0 -0.0 -0.0 0.17894168 -0.0 -0.20900318 0.0 0.0 0.0 0.0 0.0 -0.0 0.34863824 -0.0 -0.0 -0.2548951 0.0 -0.0 0.0 0.0 -0.14004894 0.0 -0.0 0.0 -0.18083441 0.28311682 0.16388388 -0.17388959
-0.0 0.0 -0.0 0.0 -0.0 -0.0 0.0 -0.0 -0.0 0.0 0.34371978 0.1272342 0.0 -0.42855108 -0.0 -0.0 0.0 0.0 -0.0 0.0 -0.0 -0.0 0.0 0.0 0.47806087 -0.0 0.0 -0.0 -0.0 0.0 -0.0 0.0 -0.0 -0.0 0.0 0.0 0.0 -0.0 -0.0 -0.25017765 -0.0 0.0 -0.0 -0.0 -0.0 -0.0 0.0 0.0 -0.0 -0.12735787 -0.0 -0.0 0.0 -0.0 -0.0 -0.0 -0.0 0.0 0.0 -0.0 0.0 0.0 -0.0 0.0
-0.0 0.0 0.0 0.0 -0.0 -0.12097802 0.0 0.0 0.0 0.0 -0.0 -0.0 0.0 0.0 0.0 0.0 -0.0 0.118216254 -0.0 -0.0 0.3508904 0.21837594 -0.0 -0.0 -0.0 -0.0 0.0 -0.0 0.0 0.0 0.0 -0.0 -0.0 0.0 0.0 -0.0 -0.0 0.4965494 -0.0 -0.0 -0.0 0.0 -0.0 -0.0 -0.0 -0.0 -0.2737647 -0.0 0.0 0.0 -0.0 -0.22103982 0.0 -0.37526774 -0.0 -0.0 -0.0 0.0 -0.12601972 -0.0 -0.0 -0.0 -0.0 -0.0
-0.0 0.17220832 -0.0 0.0 0.0 0.0 -0.0 -0.0 -0.0 0.0 -0.0 0.0 0.0 -0.0 -0.0 -0.0 0.0 0.0 -0.0 0.0 -0.0 -0.0 -0.0 0.0 0.0 -0.0 0.0 -0.0 0.0 -0.0 -0.0 -0.0 0.0 0.0 0.0 0.0 0.0 0.0 0.0 -0.0 0.0 -0.0 -0.0 -0.0 -0.0 -0.19893046 0.0 -0.0 0.0 0.0 0.0 0.0 0.3130663 0.0 -0.0 0.0 0.0 -0.0 0.0 -0.45480707 0.0 -0.0 0.0 -0.0
0.0 0.0 0.0 0.0 -0.0 0.0 -0.0 0.0 0.0 -0.0 -0.0 0.0 0.0 -0.0 -0.0 -0.0 -0.0 -0.0 0.0 0.0 0.0 -0.0 0.0 -0.0 0.0 0.0 -0.0 0.0 -0.0 0.0 0.0 -0.0 -0.0 0.0 0.0 -0.0 -0.0 0.0 -0.0 0.0 0.0 -0.0 -0.0 -0.0 -0.0 -0.0 0.0 -0.0 -0.0 0.0 0.0 -0.0 0.0 -0.0 -0.0 0.0 -0.0 0.0 -0.0 -0.0 -0.0 0.0 0.0 0.0
0.0 -0.0 -0.0 -0.0 -0.0 -0.0 0.0 -0.0 0.0 0.0 -0.0 -0.0 -0.0 0.0 0.0 -0.0 -0.0 -0.0 0.0 -0.0 0.0 0.0 0.0 0.0 0.0 -0.0 -0.0 0.0 -0.0 0.0 -0.0 -0.0 -0.0 0.0 -0.0 0.0 0.0 0.0 0.0 -0.0 -0.0 0.0 -0.0 -0.0 0.0 0.0 0.0 -0.0 0.0 -0.0 -0.0 -0.0 -0.0 0.0 0.0 -0.0 0.0 -0.0 0.0 0.0 -0.0 0.0 0.0 -0.0
0.0 -0.0 0.0 0.0 -0.0 0.0 0.0 -0.0 -0.0 -0.0 0.0 0.0 0.0 -0.0 0.0 0.093627006 -0.0 -0.0 -0.0 0.0 0.0 -0.0 0.0 0.0 -0.0 -0.0 -0.0 -0.0 -0.096449114 0.0 -0.0 0.0 0.0 -0.0 0.0 0.0 -0.0 0.0 0.0 -0.0 0.0 -0.0 0.0 -0.0 -0.0 -0.0 -0.0 0.13582903 0.0 -0.0 -0.0 -0.0 0.0 0.0 0.0 0.0 -0.0 0.0 -0.0 -0.0 -0.0 0.0 -0.0 0.0
-0.0 -0.0 0.0 -0.21288168 -0.0 -0.0 -0.0 0.0 0.0 0.0 -0.0 -0.22187965 0.0 0.0 0.08782338 0.0 -0.0 0.0 0.0 -0.0 0.0 -0.18951443 -0.0 0.0 0.0 0.0 0.0 -0.0 0.51261485 -0.0 0.0 -0.0 -0.0 -0.0 -0.0 0.0 0.0 -0.106021225 -0.0 -0.0 0.0 0.0 0.0 0.0819217 -0.0 -0.13108753 -0.0 0.0 0.0 -0.0 0.0 0.0 -0.0 0.0 0.0 0.0 0.0 -0.0 -0.0 -0.0 -0.0 -0.0 0.0 0.0
0.0 0.0 -0.0 -0.0 -0.0 0.0 0.0 0.0 0.0 -0.0 -0.0 -0.0 -0.0 0.0 0.0 -0.0 0.0 -0.0 0.0 -0.0 0.0 0.0 0.0 0.0 0.0 -0.0 -0.0 0.0 0.0 0.0 0.0 -0.0 -0.0 -0.0 0.0 0.0 -0.0 0.0 -0.0 -0.0 -0.0 0.0 -0.0 0.0 0.0 0.0 0.0 0.0 0.0 -0.0 0.0 -0.0 -0.0 -0.0 -0.0 -0.0 0.0 -0.0 0.0 -0.0 0.0 0.0 0.0 0.0
0.0 0.0 -0.0 -0.0 -0.06495929 0.0 -0.0 0.0 -0.0 -0.0 -0.0 0.0 0.5980043 0.0 0.0 -0.0 -0.0 -0.0 -0.22418013 -0.0 0.0 -0.0 -0.0 0.15396921 0.0 -0.0 0.0 0.0 -0.0 -0.0 -0.08978232 0.0 0.0 0.0 0.0 -0.0 0.0 0.0 0.0 -0.0 -0.18036675 -0.0 -0.0 0.0 -0.26996577 0.0 -0.0 -0.0 -0.0 -0.0 -0.0 -0.0 0.0 0.0 0.0 0.0 -0.0 -0.0 0.0 -0.0 -0.0 -0.0 0.3534342 0.0
0.0 0.0 -0.0 -0.0 0.0 -0.0 -0.0 -0.0 0.0 -0.0 -0.0 0.0 -0.0 0.0 -0.44357795 0.0 0.0 0.0 -0.40570658 0.0 0.0 -0.0 -0.27926677 -0.13848136 0.0 -0.0 -0.26527414 -0.34257153 -0.0 0.0 0.0 -0.0 0.0 -0.0 -0.0 -0.30872872 -0.15602197 -0.0 0.0 0.0 0.0 -0.0 -0.0 -0.0 0.0 -0.0 -0.0 0.0 0.0 0.0 0.0 -0.0 0.0 -0.0 0.0 -0.0 0.0 -0.0 0.0 0.0 -0.0 0.0 -0.0 0.0
-0.0 -0.0 0.0 0.0 -0.0 -0.0 0.0 0.0 0.0 -0.0 -0.0 -0.0 -0.0 -0.0 -0.0 0.0 0.0 -0.0 0.0 -0.0 -0.0 -0.0 0.0 0.0 -0.0 -0.0 -0.0 0.0 -0.0 0.0 -0.0 -0.27476048 -0.28252098 0.0 -0.10357971 0.47436252 -0.25143367 -0.0 0.0 -0.0 -0.0 -0.0 -0.0 0.0 -0.0 -0.0 -0.0 0.0 0.16907391 -0.0 -0.0 -0.0 0.0 0.0 0.0 0.0 -0.0 -0.0 -0.61288977 -0.0 0.0 0.0 -0.0 0.0
0.0 0.0 -0.0 0.0 -0.0 -0.0 0.0 -0.0 -0.0 0.0 0.0 0.0 0.0 0.0 0.0 -0.0 -0.0 0.0 0.0 0.0 -0.0 -0.0 0.0 -0.0 0.0 -0.0 -0.0 -0.0 0.0 0.0 0.0 0.0 0.0 -0.0 -0.0 -0.0 0.0 0.0 0.0 0.06791532 -0.0 0.0 -0.0 0.0 0.0 0.0 0.0 -0.0 -0.0 -0.0 -0.0 0.0 0.0 0.0 -0.0 -0.0 0.0 0.0 -0.0 0.0 -0.0 0.0 0.0 -0.0
0.0 0.0 0.0 -0.0 -0.0 -0.0 -0.0 0.0 0.0 -0.0 0.0 0.0 0.0 0.0 -0.0 0.0 -0.0 -0.0 0.0 -0.0 -0.0 -0.0 0.0 0.0 0.0 -0.0 -0.0 -0.0 -0.0 0.0 -0.0 0.0 0.0 0.0 0.0 -0.0 0.0 -0.0 0.0 0.0 -0.0 -0.0 -0.0 -0.0 -0.0 0.0 -0.0 -0.0 -0.0 -0.0 -0.0 0.0 -0.0 0.0 0.0 0.0 -0.0 0.0 0.0 -0.0 -0.0 0.0 0.0 0.0
-0.0 -0.0 -0.0 0.079538114 -0.05613363 -0.0 0.0 -0.0 -0.0 0.0 -0.18946584 0.0 0.12863946 -0.0 -0.0 0.0 -0.0 0.0 -0.0 -0.0 0.0 -0.19079684 -0.0 -0.0 -0.085008435 0.0 -0.0 -0.0 0.0 -0.0 0.0 -0.0 0.0 -0.0 0.0 -0.0 0.0 0.0 -0.0 0.0 -0.0 -0.0 0.0 0.0 0.0 -0.0 -0.0 0.0 0.21479195 -0.0 -0.0 0.0 -0.0 0.0 0.0 0.0 -0.08492823 -0.22377008 -0.0 0.0 0.0 0.0 -0.0 0.0
0.0 -0.23319072 -0.0 0.0 -0.0 -0.0 0.0 0.19291748 -0.0 -0.0 -0.0 -0.0 -0.0 -0.0 -0.0 -0.0 0.0 0.0 -0.0 -0.0 -0.0 0.0 0.32190478 0.0 -0.0 -0.0 0.0 -0.0 -0.0 -0.0 -0.0 -0.0 0.0 0.0 -0.0 -0.0 -0.0 -0.0 0.0 -0.0 -0.0 -0.0 -0.0 0.0 0.0 0.0 0.0 0.0 -0.0 -0.0 -0.0 -0.0 0.0 -0.0 -0.0 0.0 -0.26984957 -0.0 -0.21650177 0.0 -0.0 -0.06751559 -0.0 -0.0
0.0 -0.0 0.0 -0.0 0.0 -0.0 -0.0 -0.0 -0.23973067 0.0 -0.19552936 -0.0 -0.0 -0.0 -0.0 0.0 -0.0 -0.0 0.51594394 -0.32120124 0.0 0.0 0.0 -0.36886957 -0.0 0.39168978 -0.0 -0.0 0.0 -0.0 -0.0 -0.3808953 -0.0 -0.0 0.0 0.0 -0.0 -0.0 -0.0 0.0 -0.18371579 0.0 -0.0 0.0 -0.0 0.0 0.0 -0.0 0.0 -0.0 -0.0 0.0 -0.122002326 -0.0 0.0 -0.0 0.0 -0.0 -0.0 -0.0 -0.0 0.0 0.33023542 -0.0
-0.0 -0.0 -0.0 -0.0 -0.0 0.0 0.0 0.0 0.0 -0.0 -0.0 -0.0 -0.0 0.0 -0.0 -0.0 -0.0 0.0 -0.0 -0.0 -0.0 -0.0 0.0 0.0 -0.0 0.0 -0.0 -0.0 0.0 -0.0 -0.0 -0.0 -0.0 -0.0 0.0 0.0 -0.0 -0.0 -0.0 0.0 -0.0 -0.0 -0.0 0.0 0.0 0.0 0.0 -0.0 -0.0 -0.0 -0.0 -0.0 -0.0 -0.0 0.0 -0.0 -0.0 -0.0 -0.0 -0.0 -0.0 -0.0 -0.0 0.0
0.0 0.0 0.0 0.0 -0.0 -0.0 0.0 -0.0 -0.0 -0.0 -0.43341005 -0.0 -0.0 -0.24990526 0.0 0.0 0.0 -0.0 0.34997362 -0.0 -0.0 0.0 0.0 -0.0 -0.0 0.0 0.0 -0.0 -0.0 0.0 -0.35928822 -0.0 -0.27439058 -0.26708892 -0.5060344 0.0 0.0 -0.0 -0.0 -0.0 -0.0 -0.0 -0.0 0.0 0.0 0.0 0.0 -0.0 -0.0 -0.0 -0.0 -0.0 0.0 -0.0 -0.0 -0.0 -0.0 -0.4788491 -0.0 -0.73971015 -0.0 -0.0 -0.0 -0.0
-0.31914648 0.0 -0.0 0.0 -0.0 0.0 0.0 0.0 0.0 0.025497187 -0.0 0.0 -0.72130144 -0.0 0.0 -0.0 0.0 0.0 0.0 0.0 -0.1001411 -0.0 -0.0 -0.0 0.0 0.2830299 0.0 0.0 0.0 0.0 -0.0 -0.0 -0.32667604 -0.0 -0.0 0.0 0.0 -0.0 -0.0 -0.0 -0.0 0.0 0.0 0.0 0.35984275 -0.0 0.0 -0.0 -0.0 -0.0 0.0 -0.0 -0.0 0.0 0.0 -0.0 -0.0 -0.0 -0.0 0.0 -0.0 -0.0 0.0 -0.0
-0.0 0.0 -0.0 0.0 -0.0 -0.0 -0.0 -0.0 0.0 -0.0 0.0 -0.0 0.0 -0.0 -0.0 -0.0 0.0 0.0 -0.0 -0.0 -0.0 -0.0 -0.0 -0.0 0.0 -0.0 0.0 0.0 -0.0 0.0 -0.0 0.0 0.0 -0.0 -0.0 -0.0 0.0 0.0 0.0 0.0 -0.0 0.0 0.0 -0.0 -0.0 0.0 0.0 0.0 -0.0 -0.0 -0.0 0.0 -0.0 -0.0 0.0 0.0 0.0 0.0 -0.0 -0.0 -0.0 -0.0 -0.0 -0.0
-0.23951977 -0.0 0.0 0.0 -0.0 0.0 0.3124311 -0.0 0.0 -0.0 0.0 0.0 -0.0 -0.0 0.49379176 0.0 -0.0 -0.0 -0.47470227 0.1560472 -0.0 -0.0 -0.0 0.0 -0.0 -0.0 -0.0 -0.0 -0.0 0.0 -0.25186 -0.0 0.0 0.0 -0.0 -0.0 0.1648512 -0.0 -0.0 -0.09120525 0.0 0.0 0.0 0.0 0.0 -0.0 -0.34635317 -0.19738348 0.0 -0.0 0.0 -0.0 0.0 0.0 0.0 -0.0 0.0 -0.16482435 -0.0 -0.0 -0.0 -0.33212608 -0.42887425 0.16699834
-0.0 -0.0 -0.0 -0.0 0.0 -0.0 -0.0 -0.0 0.0 0.0 0.0 -0.0 0.0 0.0 -0.0 -0.0 0.0 0.0 -0.0 -0.0 -0.0 -0.0 -0.0 -0.0 -0.0 -0.0 -0.0 0.0 0.0 -0.0 0.0 0.0 -0.0 0.0 0.0 -0.0 -0.0 -0.034293313 -0.0 0.0 0.0 -0.0 0.0 0.0 0.0 -0.0 0.0 -0.0 -0.0 0.0 0.0 0.0 -0.0 -0.0 -0.0 -0.0 0.0 0.0 -0.0 0.0 -0.0 0.0 -0.0 -0.0
-0.0 0.0 -0.0 -0.0 -0.0 -0.0 0.0 0.0 -0.0 -0.0 -0.0 0.0 0.0 -0.0 0.0 -0.0 0.0 0.0 0.0 0.0 -0.0 -0.0 0.0 -0.0 -0.0 0.0 0.0 -0.0 -0.0 -0.0 0.0 -0.0 -0.0 0.0 -0.0 -0.0 0.0 -0.0 -0.0 0.0 -0.0 -0.0 -0.0 0.0 0.0 0.0 0.0 0.0 0.0 -0.0 -0.0 -0.0 0.0 0.0 -0.0 0.0 -0.0 0.0 -0.0 0.0 -0.0 0.0 0.0 -0.0
0.0 0.0 -0.0 -0.0 -0.0 0.0 0.0 0.0 0.0 -0.0 -0.0 -0.0 -0.0 0.0 0.0 -0.0 -0.0 0.0 0.0 0.0 -0.0 -0.0 0.0 0.0 -0.0 -0.0 0.0 -0.0 0.0 0.0 -0.0 0.0 -0.0 0.0 0.0 0.0 -0.0 -0.0 0.0 -0.0 0.0 -0.0 -0.0 -0.0 -0.0 0.0 -0.0 -0.0 0.0 0.0 -0.0 0.0 -0.0 0.0 0.0 0.0 -0.0 -0.0 -0.0 -0.0 0.0 -0.0 -0.0 0.0
-0.0 0.0 -0.0 -0.0 0.0 0.0 0.0 -0.0 -0.0 -0.0 0.0 -0.0 0.0 -0.0 -0.0 0.0 0.0 0.0 0.0 -0.0 0.0 0.0 0.0 -0.0 0.0 0.0 0.0 0.0 0.0 0.0 0.0 -0.0 -0.0 0.0 0.0 -0.0 -0.0 0.0 -0.0 0.0 0.0 0.0 0.0 0.0 -0.0 -0.0 0.0 0.0 0.0 0.0 0.0 0.0 0.0 -0.0 0.0 0.0 0.0 0.0 0.0 0.0 -0.0 -0.0 -0.0 -0.0
0.0 -0.0 -0.0 -0.0 0.0 -0.31286356 -0.0 0.0 0.0 0.0 -0.0 -0.0 -0.0 -0.3187902 0.0 0.0 -0.0 -0.47569376 0.2658278 -0.0 -0.0 0.0 0.0 -0.0 -0.0 -0.0 0.0 -0.0 -0.0 0.0 -0.49151215 0.0 -0.0 -0.0 -0.0 0.0 0.0 -0.4018262 0.0 -0.0 -0.0 -0.0 -0.0 -0.0 -0.0 0.6161943 -0.22627084 -0.0 0.0 0.0 0.0 -0.2655437 -0.0 -0.0 0.0 -0.0 -0.0 0.0 0.0 -0.6174435 -0.0 0.0 0.0 -0.0
0.0 -0.0 -0.0 -0.0 -0.0 -0.0 0.0 -0.0 0.1673936 -0.04269184 0.0 -0.0 -0.0 -0.0 -0.0 0.019356942 -0.0 0.0 0.0 0.0 -0.0 -0.0 -0.0 0.0 0.0 -0.0 -0.0 -0.14361942 0.0 -0.0 -0.0 0.0 0.0 -0.0 0.0 0.0 -0.0 -0.0 0.0 0.0 -0.0 -0.0 -0.0 -0.21740112 0.0 0.13372602 0.0 0.0 0.0 -0.051594973 -0.0 0.0 -0.0 -0.0 -0.0 -0.0 0.0 0.0 -0.0 0.24167114 -0.0 0.0 0.0 -0.0
-0.0 0.0 -0.0 -0.0 -0.0 0.0 -0.0 0.0 -0.0 0.0 0.0 -0.0 -0.0 -0.0 -0.0 0.0 0.0 -0.0 -0.0 -0.0 0.0 0.0 0.0 0.0 0.0 -0.0 0.0 0.0 0.0 0.0 -0.0 -0.0 -0.0 0.0 0.0 -0.0 -0.0 -0.0 -0.0 0.0 0.0 -0.0 -0.0 0.0 0.0 -0.0 0.0 -0.0 -0.0 0.0 0.0 -0.0 0.0 0.0 -0.0 -0.0 0.0 0.0 0.0 0.0 -0.0 0.0 -0.0 0.0
0.0 0.0 0.0 -0.0 -0.0 -0.0 -0.0 -0.0 0.0 -0.0 -0.25990707 -0.24707466 0.0 -0.0 0.0 -0.0960923 0.0 -0.0 -0.0 -0.0 -0.1131548 0.0 -0.0 0.43832812 -0.0 -0.0 0.0 -0.0 0.0 -0.0 0.0 0.0 -0.21410333 -0.0 -0.0 -0.0 -0.0 -0.0 -0.0 -0.0 0.26301143 -0.0 0.0 -0.0 0.0 -0.0 -0.44299358 -0.0 -0.31393373 -0.0 -0.0 -0.0 -0.0 -0.0 -0.0 -0.0 -0.0 -0.0 -0.0 0.0 -0.0 0.5396624 -0.5635174 0.3943516
-0.0 -0.0 -0.0 -0.0 0.0 -0.0 -0.0 -0.0 0.0 0.0 -0.41787255 0.33842158 -0.0 0.0 0.0 0.0 -0.0 -0.0 -0.16421103 -0.0 0.0 -0.0 0.0 -0.0 -0.0 -0.0 -0.0 -0.0 0.0 -0.23093702 0.0 -0.45336255 -0.30998388 -0.1835616 -0.0 -0.42839566 0.0 0.0 0.0 -0.09922519 -0.0 0.0 -0.0 0.0 -0.0 -0.2493799 -0.0 0.0 -0.36363265 -0.0 -0.0 -0.0 0.0 -0.0 -0.0 -0.0 -0.0 -0.0 -0.27081442 0.0 -0.0 -0.48839313 0.0 0.0
0.0 -0.0 0.0 -0.0 0.0 -0.0 -0.0 -0.0 0.0 -0.0 0.0 0.0 0.0 0.0 -0.0 -0.0 0.0 -0.0 -0.0 -0.0 -0.0 0.0 -0.0 0.0 -0.0 0.0 0.0 -0.0 -0.0 0.0 -0.0 0.0 0.0 -0.0 0.0 -0.0 0.0 0.0 0.0 -0.0 -0.0 0.0 0.0 -0.0 -0.0 -0.0 -0.0 0.0 -0.0 -0.0 -0.0 0.0 0.0 -0.0 0.0 0.0 -0.0 0.0 0.0 -0.0 -0.0 0.0 -0.0 0.0
-0.0 -0.2538531 -0.0 -0.0 -0.0 0.0 0.0 -0.0 -0.22519659 -0.0 -0.0 0.0 0.0 -0.0 -0.0 0.0 -0.0 -0.0 0.24466497 -0.0 -0.0 -0.14138725 -0.0 -0.0 -0.0 -0.0 -0.0 -0.0 -0.0 -0.0 0.0 -0.0 -0.0 0.0 0.0 -0.0 0.29428273 -0.0 -0.18078648 -0.0 -0.0 0.0 -0.0 0.19433455 -0.13153934 -0.2922526 -0.0 -0.0 -0.0 -0.0 -0.0 -0.0 0.2288404 -0.0 -0.0 -0.13329557 -0.22838731 0.0 -0.12454667 0.0 -0.0 -0.0 -0.0 0.13823111
-0.0 0.0 -0.0 0.16396011 -0.0 0.45536497 0.0 -0.0 -0.076417126 -0.0 -0.0 0.25013885 0.0 0.0 -0.0 0.16016102 0.0 -0.0 0.0 0.29411942 0.0 0.24526808 -0.0 -0.0 -0.0 0.1734772 -0.0 0.0 -0.29352105 -0.0 -0.0 0.0 -0.0 0.0 0.0 0.0 -0.0 -0.0 0.0 -0.0 0.0 0.0 -0.0 0.0 -0.0 -0.0 -0.0 0.0 -0.0 -0.0 0.0 -0.0 0.0 0.0 0.0 0.0 -0.035985537 -0.0 0.0 -0.0 -0.08597401 0.0 -0.0 -0.0
-0.0 -0.0 0.0 0.0 -0.0 -0.0 -0.1219152 -0.0 0.0 0.0 -0.0 0.0 -0.0 0.0 0.10406154 0.20880494 -0.0 -0.0 -0.0 -0.0 -0.0 0.0 0.0 -0.0 -0.0 0.110251874 -0.0 -0.0 0.0 0.0 -0.0 -0.0 -0.0 0.0 -0.10298649 -0.0 -0.03313334 0.0 0.0 -0.0 -0.0 -0.0 0.14329754 0.0 -0.0 -0.12193364 -0.0 0.24592087 -0.0 0.0 0.0 0.0 -0.0 -0.0 0.0 -0.0 -0.0 -0.0 0.0 0.0 0.0 0.0 -0.0 0.0
0.0 0.0 0.0 0.36671412 0.0 -0.0 0.0 0.0 -0.0 0.0 0.0 0.0 0.0 0.25858784 -0.0 0.0 -0.0 -0.0 -0.0 -0.0 0.0 -0.26162666 -0.0 0.0 0.0 0.0 -0.0 -0.19357727 0.22304133 0.0 0.0 -0.0 -0.36639017 -0.0 0.0 0.0 0.14407569 0.0 -0.0 -0.3620096 -0.0 -0.2950299 0.0 0.0 -0.0 -0.0 -0.0 -0.0 -0.25187534 -0.0 -0.0 0.0 -0.0 -0.0 0.0 0.0 -0.0 0.0 0.0 -0.0 -0.0 -0.0 0.0 -0.0
0.0 -0.0 0.0 -0.0 0.0 -0.0 -0.0 0.0 0.0 0.0 -0.0 0.0 -0.0 -0.0 0.0 0.0 -0.0 -0.0 -0.0 -0.0 0.0 -0.0 0.0 -0.31594926 -0.0 0.0 -0.0 -0.0 0.0 -0.0 0.0 0.0 -0.0 -0.0 0.0 -0.0 -0.0 -0.0 0.0 0.0 -0.0 -0.0 -0.0 -0.0 0.0 -0.0 -0.0 0.0 0.0 -0.0 0.0 -0.0 -0.0 -0.0 -0.0 0.0 -0.0 -0.0 -0.0 0.0 -0.0 -0.0 -0.0 0.0
-0.0 0.0 -0.0 0.0 0.0 0.0 -0.0 0.0 -0.0 -0.0 0.0 -0.0 0.0 -0.0 0.0 -0.0 -0.0 0.0 -0.0 -0.0 -0.0 -0.0 -0.0 0.0 -0.0 -0.0 0.0 -0.0 -0.0 -0.0 0.0 0.0 0.0 0.0 0.0 -0.0 0.0 0.0 -0.0 -0.0 0.0 -0.0 -0.0 -0.0 0.0 -0.0 -0.0 0.0 -0.0 -0.0 -0.0 0.0 -0.0 -0.0 -0.0 0.0 -0.0 -0.0 0.0 0.0 0.0 -0.0 0.0 0.0
-0.18222733 -0.0 0.0 -0.0 -0.0 -0.0 0.61510646 -0.0 0.0 -0.0 -0.0 -0.0 -0.71893007 -0.0 0.0 0.0 -0.0 0.0 -0.0 0.0 0.25712997 -0.0 -0.0 -0.0 -0.14776258 0.0 -0.0 0.0 0.0 -0.0 -0.0 0.0 0.0 0.0 -0.0 0.3287256 0.26231182 0.0 -0.0 -0.36007726 0.0 -0.0 0.0 0.0 0.0 -0.26848975 0.0 0.0 0.3129176 0.0 -0.0 0.0 0.0 -0.0 -0.26616943 -0.0 -0.0 -0.0 0.0 -0.0 -0.0 -0.0 0.0 -0.0
0.0 -0.0 0.0 0.0 -0.0 -0.0 0.0 -0.0 0.0 -0.0 0.21930632 0.0 0.0 -0.0 0.0 -0.0 0.0 -0.0 -0.0 0.0 -0.0 0.0 0.0 0.0 0.0 -0.0 0.0 -0.0 -0.0 -0.0 0.0 0.0 0.38179496 0.0 -0.0 0.0 0.0 0.0 -0.0 -0.0 0.0 0.0 -0.0 -0.0 -0.0 0.18699941 -0.0 -0.0 -0.0 0.0 -0.0 0.0 0.13579589 -0.0 -0.34214658 0.0 0.0 -0.0 0.0 -0.0 0.0 -0.0 -0.0 -0.0
0.0 -0.0 -0.0 0.47615847 0.14545386 -0.14191617 -0.0 0.0 0.0 0.0 0.0 0.0 -0.0 -0.33382547 0.26682875 0.0 -0.0 -0.1409314 -0.0 0.0 -0.0 -0.19808426 -0.0 0.0 0.0 0.0 -0.18252353 0.0 -0.23867531 -0.0 0.0 -0.0 0.0 -0.200548 0.25277618 -0.0 0.0 0.0 0.0 -0.0 0.0 -0.33363995 -0.0 -0.0 0.0 0.0 -0.0 -0.0 -0.0 -0.1637861 -0.17932934 -0.0 0.0 0.0 0.0 0.0 0.20579976 0.0 -0.0 -0.0 -0.16695546 -0.0 -0.0 -0.0
0.0 -0.0 -0.0 -0.0 -0.0 -0.0 0.0 0.0 -0.0 -0.0 0.0 -0.0 0.0 0.0 0.10483159 0.0 0.0 -0.0 0.0 -0.0 -0.0 0.0 0.0 0.0 0.0 -0.09367705 -0.0 0.0 0.0 -0.0 -0.0 0.0 -0.0 0.0 -0.0 0.0 -0.14621654 -0.0 -0.0 0.0 -0.0 -0.0 -0.0 -0.0 -0.0 -0.0 0.0 0.3445597 -0.0 -0.17355326 -0.0 0.0 -0.0 0.0 -0.0 -0.0 0.0 -0.0 -0.16311808 0.0 -0.0 0.0 -0.0 0.0
-0.1357619 -0.0 0.0 -0.16814405 -0.0 -0.0 0.08604319 0.0 0.0 -0.1306066 -0.0 -0.19510826 0.072868794 -0.23966502 0.3197792 -0.11847007 -0.0 -0.0 0.4958005 0.0 0.0 -0.0 -0.0 0.0 0.0 0.0 -0.0 -0.0 -0.054072708 -0.0 -0.43448412 0.0 0.0 0.0 -0.29989418 -0.0 -0.0 0.0 -0.0 0.0 -0.0 -0.309159 0.0 0.0 -0.19474643 -0.0 0.0 -0.3429903 0.0 -0.0 0.0 0.0 0.0 0.0 0.19775248 0.0 -0.2551737 -0.0 0.0 -0.30230847 0.0 -0.0 0.0 -0.0
0.0 -0.0 -0.0 0.0 0.0 -0.0 -0.0 0.0 0.0 -0.0 -0.0 0.0 -0.0 -0.0 -0.11816759 -0.0 0.0 0.0 -0.0 -0.0 -0.069788754 -0.0 -0.0 0.0 -0.0 -0.0 0.0 0.0 0.0 0.0 0.0 0.0 -0.0 -0.0 -0.0 -0.0 -0.0 0.0 -0.0 -0.0 -0.0 -0.0 0.0 -0.07814005 0.0 -0.0 0.0 -0.0 -0.0 0.0 -0.0 0.0 0.0 -0.0 -0.050236035 -0.1983808 0.0 -0.0 0.0 0.5157015 0.0 -0.0 0.0 0.0
0.0 0.0 -0.0 -0.0 0.0 0.0 0.0 -0.0 -0.0 0.0 0.0 -0.0 -0.0 0.0 -0.0 0.0 0.0 -0.0 0.0 -0.0 0.0 0.0 -0.0 -0.0 -0.0 0.0 -0.0 -0.0 -0.0 0.0 0.0 -0.0 -0.0 0.0 -0.0 -0.0 0.0 0.0 -0.0 0.0 0.0 -0.0 -0.0 -0.0 0.0 0.0 0.0 0.0 -0.0 -0.0 -0.0 -0.0 -0.0 0.0 0.0 -0.0 -0.0 -0.0 0.0 -0.0 -0.0 0.0 -0.0 0.0
0.16571575 -0.0 -0.0 -0.0 0.0 -0.2791508 -0.0 0.0 0.0 0.25986084 0.0 0.0 0.0 0.0 -0.0 -0.0 0.0 -0.0 0.0 -0.0 -0.0 0.0 -0.0 -0.0 0.0 0.0 0.0 -0.0 -0.0 -0.0 -0.0 0.100067146 0.0 0.0 -0.0 0.0 0.1350683 -0.09776048 -0.0 0.0 0.0 -0.0 0.0 -0.0 -0.0 0.1219595 0.0 0.0 0.0 0.0 0.0 -0.0 -0.0 -0.2804089 -0.0 -0.0 0.12226484 0.0 0.0 -0.27378726 0.0 0.0 -0.0 0.0
0.0 -0.0 -0.0 0.0 -0.0 0.0 0.0 -0.0 0.0 -0.0 -0.058595363 0.0 -0.0 0.0 -0.0 -0.17720704 -0.0 0.12473123 -0.0 -0.0 -0.0 0.0 0.0 -0.0 0.0 -0.0 -0.0 -0.0 -0.0 0.0 0.0 -0.0 -0.0 -0.08597363 0.0 -0.0 -0.0 -0.0 -0.07009764 0.0 -0.0 -0.0 -0.0 -0.0 -0.0 0.0 -0.0 -0.0 -0.0 -0.0 -0.0 -0.0 -0.0 0.0 -0.0 0.05706715 0.0 -0.0 -0.0 0.0 -0.0 -0.0 -0.0 0.0
0.0 -0.0 0.0 0.11829868 -0.0 -0.0 -0.0 -0.0 0.0 -0.0 -0.16824988 -0.0 0.0 -0.0 -0.0 -0.0 -0.0 0.0 -0.0 -0.0 0.0 -0.0 0.0 -0.102994874 -0.21587569 -0.0 -0.0 -0.021358864 0.0 0.0 0.0 0.0 0.062849805 -0.0 -0.0 -0.11867786 0.0 0.069036506 0.0 0.0 -0.0 0.0 0.0 0.0 -0.0 -0.0 -0.0 -0.0 0.08363172 0.0 0.0 0.0 -0.0 0.0 0.0 -0.0 -0.0 -0.14355928 -0.0 0.0 -0.0 -0.0 0.0 0.0
0.0 -0.0 -0.0 0.0 -0.0 0.0 -0.0 -0.0 -0.0 0.0 0.0 0.0 0.0 0.0 -0.0 0.0 0.0 0.0 -0.0 -0.0 0.0 0.0 0.0 0.0 -0.0 0.0 0.0 0.0 -0.0 0.0 0.0 0.0 -0.0 -0.0 -0.0 -0.0 -0.0 -0.0 0.0 0.0 0.0 0.0 -0.0 0.0 -0.0 0.0 -0.0 0.0 -0.0 -0.0 -0.0 0.0 0.0 0.0 0.0 0.0 -0.0 0.0 -0.0 0.0 0.0 0.0 0.0 -0.0
-0.0 -0.0 -0.0 -0.0 -0.2694605 0.0 0.0 -0.33260974 0.0 -0.0 0.0 0.0 -0.0 0.0 0.0 -0.0 -0.0 -0.0 0.0 -0.0 0.0 0.0 -0.0 -0.0 0.0 -0.2606176 -0.0 0.0 -0.31574333 0.22386296 0.0 -0.0 0.0 0.32644543 0.0 -0.14267978 -0.0 0.32475308 0.0 0.0 -0.0 -0.0 -0.0 -0.0 -0.0 0.0 -0.0 -0.0 -0.0 0.0 0.24566399 0.18357775 0.10550168 0.3146786 -0.14217755 -0.0 -0.0 -0.0 0.21983801 -0.34837988 -0.0 0.0 -0.0 -0.0
0.0 -0.0 0.0 -0.0 -0.27027276 0.0 0.0 -0.0 0.0 -0.13078992 -0.12758029 -0.2889988 0.0 -0.2860215 0.0 0.0 -0.0 -0.0 0.0 -0.0 0.0 -0.13643458 -0.0 0.0 -0.0 0.0 -0.0 0.0 -0.0 -0.0 -0.0 -0.2994299 -0.0 0.0 -0.0 -0.21550065 -0.0 0.0 0.0 -0.0 0.0 -0.20728742 -0.0 0.2355473 0.0 0.0 0.0 -0.0 -0.0 -0.0 -0.0 -0.0 0.0 0.0 0.0 -0.0 -0.240006 -0.0 -0.0 -0.0 -0.0 -0.18509693 -0.0 0.0
0.0 -0.0 -0.0 -0.0 0.0 -0.0 -0.0 0.0 0.0 0.0 -0.0 -0.0 -0.0 -0.0 -0.0 -0.0 -0.0 0.18995939 0.0 0.0 -0.0 -0.0 -0.0 0.0 -0.0 0.0 -0.0 -0.0 0.0 -0.0 -0.0 0.16787702 -0.0 -0.0 -0.0 -0.0 0.0 -0.0 -0.0 -0.0 0.16892797 -0.0 -0.0 -0.0 -0.0 -0.0 0.0 -0.0 -0.0 0.0 -0.0 -0.0 0.0 -0.0 -0.0 0.0 -0.12057209 -0.0 0.0 -0.0 -0.0 0.0 -0.0 -0.0
0.0 0.0 -0.0 0.0 -0.0 0.0 -0.0 -0.07582172 0.0 -0.0 -0.0 -0.42562056 -0.0 -0.0 0.0 0.0 -0.0 -0.0 0.0 0.0 0.0 -0.19635472 -0.0 0.0 -0.0 0.0 -0.0 0.0 -0.0 0.0 -0.0 -0.0 -0.0 -0.0 0.0 -0.0 -0.0 -0.0 -0.0 -0.0 0.0 -0.0 0.0 0.0 0.0 -0.0 0.0 0.0 0.0 -0.0 0.0 0.0 -0.0 -0.0 0.26367903 0.0 -0.0 -0.0 0.0 0.0 -0.0 -0.38975993 0.0 -0.0
0.2472718 -0.0 0.0 -0.0 -0.09881244 0.23901328 0.0 -0.0 -0.10966888 -0.0 0.0 -0.051217068 0.0 0.0 0.0 0.0 -0.0 0.14251128 0.11487616 -0.0 0.0 0.0 -0.0 -0.0 0.0 0.0 0.0 0.0 -0.0 -0.0 -0.0 -0.0 0.0 0.1020459 0.0 0.0 0.0 0.0 -0.0 0.0 -0.0 0.0 0.0 0.101981364 -0.0 0.18485059 0.0 -0.0 0.0 0.0 0.0 -0.0 -0.0 0.0 0.0 -0.0 -0.0 0.15906595 0.0 -0.27376607 -0.0 -0.0 0.0 0.22558305
-0.36999407 0.0 -0.0 -0.0 0.0 0.0 0.11381053 -0.0 0.0 -0.0 -0.0 -0.0 -0.65963155 0.0 -0.0 -0.0 0.0 0.0 0.0 0.0 -0.0 0.0 0.0 -0.09081756 -0.0 0.0 -0.0 -0.0 0.0 0.0 -0.0 -0.0 -0.0 0.0 -0.0 0.19111195 0.0 -0.0 -0.24875124 -0.0 0.0 -0.0 0.0 0.0 0.40333536 0.0 0.0 -0.0 -0.0 -0.0 0.0 0.0 -0.0 0.0 0.0 0.0 -0.0 -0.0 0.0 -0.0 -0.0 0.0 -0.0 -0.0
-0.0 -0.0 -0.0 -0.0 -0.0 0.0 -0.0 0.0 -0.0 -0.0 0.0 -0.0 0.0 0.4020924 -0.0 -0.0 0.0 0.42119792 -0.0 -0.0 -0.0 0.0 -0.0 -0.0 0.0 -0.0 -0.112217344 -0.0 0.0 -0.0 -0.0 -0.0 -0.0 0.0 0.0 -0.0 0.0 0.0 -0.0 -0.0 -0.0 0.20855345 -0.0 -0.0 -0.0 0.0 -0.0 0.0 -0.0 0.0 -0.0 0.0 -0.0 -0.0 -0.0 -0.0 -0.0 0.0 -0.0 -0.0 0.16409545 -0.0 -0.0 -0.0
-0.0 0.0 -0.0 0.0 0.0 -0.0 -0.0 0.05842402 -0.0 -0.0 0.0 -0.0 -0.0 0.13195015 0.0 -0.0 0.0 -0.0 -0.0 -0.0 -0.0 0.0 0.0 -0.0 -0.0 -0.0 0.18125917 0.23207054 0.0 0.35737503 0.0 -0.0 0.0 -0.0 0.0 -0.0 0.0 -0.0 0.0 -0.0 -0.0 0.12836277 -0.0 0.0 -0.0 -0.0 -0.0 0.0 -0.0 -0.0 -0.0 -0.0 -0.0 -0.0 0.28938565 0.0 0.0 -0.0 -0.11252985 0.0 -0.0 -0.0 0.0 0.0
-0.0 -0.0 -0.0 -0.0 0.0 0.0 0.0 0.0 -0.0 0.0 -0.0 -0.0 -0.23472059 0.0 0.0 0.0 0.0 -0.0 0.16534944 -0.0 0.0 -0.0 -0.0 -0.0 -0.0 0.0 0.0 0.0 0.0 0.0 0.0 -0.0 -0.0 0.0 -0.0 0.0 0.0 -0.0 -0.16088006 -0.0 0.13809891 -0.0 0.0 -0.0 0.1611156 -0.0 0.0 -0.0 0.0 0.0 0.0 -0.0 -0.0 0.0 -0.0 -0.0 -0.0 -0.0 0.0 -0.1319934 -0.0 0.0 -0.21920238 -0.17550877
-0.0 0.0 0.0 -0.0 -0.0 -0.0 0.0 -0.0 -0.0 0.0 -0.0 0.0 -0.0 0.0 -0.0 0.0 -0.0 -0.15023324 0.0 -0.0 -0.0 -0.0 -0.0 -0.0 -0.0 -0.0 0.0 -0.0 0.0 -0.0 -0.0 -0.0 -0.0 0.0 0.0 -0.0 0.0 0.0 -0.0 -0.0 -0.0 -0.0 0.0 0.0 -0.0 -0.0 -0.0 -0.0 -0.0 0.0 -0.0 -0.0 -0.0 0.0 -0.0 -0.0 -0.11715725 -0.0 0.0 0.0 0.0 -0.0 -0.0 0.0
0.0 -0.0 -0.0 -0.0 0.0 0.0 -0.0 0.0 0.0 0.0 0.0 -0.0 0.0 -0.0 0.0 0.0 0.30608556 -0.0 0.0 -0.0 0.30396098 -0.0 -0.0 0.0 -0.0 -0.0 0.0 -0.0 0.0 -0.17773408 -0.0 0.0 -0.0 0.26149067 0.0 -0.0 -0.0 -0.38599142 -0.0 -0.0 0.0 0.0 0.0 0.0 0.0 -0.0 -0.0 0.0 -0.0 0.0 0.48635858 0.4845516 -0.22136736 -0.0 -0.0 0.0 0.0 0.0 0.39001852 -0.0 -0.0 0.0 0.0 -0.0
-0.0 0.0 0.0 0.0 -0.0 -0.0 -0.0 0.0 -0.0 -0.0 -0.0 0.0 0.0 -0.0 0.0 0.0 -0.0 0.0 -0.0 -0.0 -0.0 -0.0 -0.0 -0.0 0.0 0.0 -0.0 -0.0 0.0 -0.0 0.0 0.0 -0.0 -0.0 -0.0 -0.0 -0.0 -0.0 -0.0 -0.0 -0.0 -0.0 0.0 -0.0 0.0 -0.0 -0.0 0.0 -0.0 -0.0 -0.0 -0.0 0.0 -0.0 0.0 -0.0 0.0 0.0 -0.0 0.0 -0.0 -0.0 0.0 0.0
0.0 -0.0983707 0.0 0.0 -0.0 -0.0 0.0 -0.0 0.0 -0.0 0.0 -0.0 0.0 -0.14494711 0.0 0.0 -0.0 -0.0 -0.0 -0.0 -0.0 -0.0 0.0 -0.0 -0.0 0.0 -0.0 -0.0 0.0 -0.0 0.0 -0.0 -0.0 0.0 -0.0 0.0 -0.0 -0.0 0.0 -0.0 -0.0 -0.0 -0.0 0.0 0.0 0.0 -0.0 -0.0 -0.0 -0.12498498 0.0 -0.0 -0.0 0.0 -0.0 -0.10604671 -0.0 -0.0 -0.0 -0.0 -0.0 -0.0 -0.0 0.067381784
-0.0 -0.0 -0.0 0.0 -0.0 -0.0 0.0 -0.0 -0.0 0.0 -0.0 -0.0 -0.32217443 -0.0 -0.0 0.0 0.0 -0.0 0.13638128 -0.0 0.0 -0.0 0.0 -0.45901492 0.0 0.0 -0.0 -0.0 0.0 0.0 0.0 -0.0 -0.0 -0.0 -0.0 -0.0 0.0 -0.0 -0.0 0.0 0.20853887 -0.0 0.0 0.0 0.24117148 0.0 -0.0 -0.0 0.0 -0.0 -0.0 0.0 -0.0 -0.0 -0.0 0.0 -0.0 -0.0 -0.0 -0.0 -0.0 -0.0 -0.77335745 -0.7207412
0.0 -0.0 -0.0 -0.0 -0.0 -0.0 -0.0 -0.0 -0.0 -0.0 0.0 -0.0 0.0 -0.0 -0.0 -0.0 0.0 0.0 -0.0 0.0 -0.0 0.0 -0.0 -0.0 -0.0 0.0 -0.0 0.0 0.0 -0.0 0.0 0.0 0.0 -0.0 -0.0 -0.0 -0.0 0.0 0.0 -0.0 0.0 -0.0 0.0 -0.0 -0.0 0.0 -0.0 0.0 -0.0 0.0 0.0 0.0 -0.0 -0.0 -0.0 -0.0 -0.0 0.0 0.0 0.0 -0.0 0.0 -0.21892019 -0.17403394
0.0 -0.0 0.0 0.0 0.0 -0.0 1.3742883 -0.0 -0.0 0.0 0.0 0.0 0.66004854 -0.0 -0.30171412 0.29650038 0.0 0.0 0.652074 0.0 0.0 -0.0 0.0 0.26353323 -0.0 -0.0 -0.0 -0.0 -0.30049127 0.0 0.2850082 -0.0 -0.0 -0.0 0.3848001 -0.3434001 0.0 0.0 0.0 0.32996902 -0.0 -0.0 0.0 0.0 -0.0 0.0 -0.3942281 0.0 -0.25771907 -0.0 -0.0 -0.0 -0.0 0.0 -0.0 -0.0 -0.0 -0.0 -0.0 0.0 -0.0 0.0 0.0 -0.0
-0.0 0.0 -0.0 0.12516718 -0.0 0.0 -0.0 0.0 -0.0 0.0 0.0 0.0 0.0 0.0 -0.0 0.11715527 -0.0 0.0 -0.0 0.0 0.0 -0.0 -0.0 -0.0 -0.0 -0.0 -0.0 -0.02424299 0.0 -0.0 -0.0 -0.0 -0.16116263 0.0 -0.0 0.17132418 -0.0 -0.0 0.0 -0.155745 -0.0 0.0 -0.0 -0.0 -0.0 -0.0 -0.0 0.12790939 -0.13376373 -0.0 -0.0 0.0 -0.0 0.0 0.0 -0.0 -0.12005443 0.14266177 0.0 0.0 0.0 -0.0 -0.0 -0.0
0.0 -0.0 0.0 0.0 0.0 -0.0 0.0 0.0 -0.0 -0.0 -0.0 0.0 -0.0 0.0 0.0 0.0 -0.0 0.0 0.0 0.0 0.0 -0.0 -0.0 -0.0 0.0 -0.0 0.0 -0.0 0.0 -0.0 0.0 -0.0 -0.0 -0.0 -0.0 0.0 0.0 0.0 -0.0 -0.0 0.0 0.0 0.0 0.0 -0.0 0.0 -0.0 0.0 0.0 -0.0 -0.0 0.0 -0.0 0.0 -0.0 0.0 0.0 -0.0 -0.0 -0.0 0.0 -0.0 0.0 0.0
-0.0 0.0 0.0 0.0 -0.0 -0.0 -0.0 0.0 0.0 0.0 0.0 0.0 0.0 -0.0 0.0 -0.0 -0.0 -0.0 -0.0 0.0 -0.0 -0.0 0.0 -0.0 -0.0 0.0 -0.0 -0.0 -0.0 -0.0 -0.011306874 -0.0 -0.0 -0.0 -0.0 0.0 0.0 -0.0 0.0 -0.0 0.0 0.0 -0.0 0.0 -0.0 -0.0 0.0 -0.0 0.0 0.0 -0.0 -0.0 -0.0 -0.0 0.0 0.0 -0.0 0.0 0.0 -0.0 -0.0 -0.0 -0.0 0.0
-0.0 -0.0 0.0 0.0 0.0 -0.0 -0.0 -0.0 -0.0 -0.0 -0.0 -0.0 0.0 -0.0 0.0 -0.0 -0.0 -0.0 -0.0 -0.0 0.0 -0.0 -0.0 0.0 0.0 0.0 -0.0 -0.0 0.0 0.0 0.0 -0.0 0.0 0.0 -0.0 -0.0 -0.0 0.0 -0.0 0.0 -0.0 -0.0 -0.0 0.0 0.0 0.0 -0.0 0.0 -0.0 -0.0 0.0 0.0 -0.0 0.0 0.0 -0.0 0.0 0.0 -0.0 -0.0 0.0 0.0 0.022203758 -0.0
0.0 -0.0 0.0 0.0 0.0 0.0 -0.0 0.0 0.0 -0.0 -0.0 -0.0 0.0 0.0 0.07949783 0.0 0.0 0.0 0.0 -0.0 -0.0 0.0 0.0 0.0 -0.0 0.0 0.0 0.07315339 -0.0 0.0 -0.0 -0.09490814 -0.0 0.0 0.0 -0.0 -0.0 0.0 0.0 -0.0 0.0 0.0 0.0 -0.0 -0.0 0.0 0.0 -0.0 -0.0 0.052156717 0.0 0.0 -0.0 -0.0 0.0 -0.0 0.0 -0.0 -0.0 -0.0 -0.0 -0.0 -0.0 0.0
0.0 -0.0 0.0 -0.0 -0.0 0.0 -0.0 0.0 -0.0 -0.0 -0.0 -0.0 0.0 0.0 0.0 0.0 0.0 -0.0 -0.0 -0.0 0.0 -0.0 0.0 -0.0 -0.0 -0.0 0.0 -0.17000733 0.0 0.0 0.24062227 0.0 -0.0 0.0 -0.0 -0.0 -0.17017613 -0.0 -0.0 0.0 -0.0 -0.0 0.0 0.0 -0.0 -0.12725252 -0.0 -0.0 -0.0 -0.0 0.0 -0.0 -0.0 0.0 -0.0 -0.0 -0.0 -0.0 -0.0 0.0 -0.09894657 -0.0 -0.0 -0.0
-0.0 -0.0 0.0 -0.0 0.0 -0.0 -0.0 -0.0 -0.0 -0.0 -0.09669066 0.0 -0.0 0.0 -0.0 0.0 0.0 -0.0 -0.0 0.0 0.0 -0.0 0.0 0.0 -0.0 -0.0 -0.0 0.0 0.0 0.0 0.0 -0.0 -0.0 0.0 -0.0 0.0 -0.0 0.0 -0.0 -0.0 -0.0 -0.0 -0.0 0.0 -0.0 -0.0 0.0 0.0 0.0 0.0 0.0 0.0 0.0 0.0 0.0 -0.0 0.0 -0.0 -0.0 -0.0 -0.0 -0.0 0.0 0.0
-0.0 0.0 0.0 0.0 -0.0 -0.0 -0.0 -0.0 -0.0 -0.0 0.0 0.0 0.0 -0.0 0.0 -0.0 0.0 0.0 0.0 -0.0 -0.0 -0.0 -0.0 -0.0 0.0 -0.0 -0.0 -0.0 -0.0 -0.0 0.0 -0.0 -0.0 0.0 -0.0 -0.0 0.0 -0.0 -0.0 -0.0 -0.0 0.0 0.0 -0.0 -0.0 -0.0 -0.0 0.0 -0.0 -0.0 -0.0 0.0 -0.0 0.0 -0.0 0.0 -0.0 0.0 -0.0 -0.0 0.0 0.0 -0.0 -0.0
0.0 -0.0 0.0 0.0 0.0 -0.0 0.0 0.0 0.0 0.0 0.1578194 -0.0 0.0 -0.15362103 -0.0 0.0 -0.0 0.0 -0.0 0.0 0.0 -0.19637214 -0.0 0.0 0.08872751 0.21799181 -0.0 -0.23041043 0.0 0.0 -0.035892017 -0.0 -0.0 -0.0 -0.0 0.0 -0.0 0.0 0.0 -0.0 0.0 -0.0 -0.0 -0.0 -0.0 0.0 -0.0 -0.0 -0.0 -0.21751398 -0.0 0.0 -0.0 0.0 -0.0 0.0 -0.0 0.0 -0.0 0.0 0.30129272 -0.0 0.0 -0.0
0.2800101 0.153288 0.0 -0.0 0.0 0.0 -0.57944727 -0.0 -0.21638952 -0.0 -0.0 -0.0 0.4510003 -0.0 -0.2509384 0.0 0.0 0.0 0.0 0.0 -0.16701792 -0.0 -0.0 -0.0 -0.30315897 -0.0 0.0 -0.0 -0.0 0.0 0.0 -0.0 0.0 -0.0 -0.30952522 -0.0 -0.12527701 -0.0 -0.0 -0.0 0.18706304 0.0 -0.0 -0.0 -0.28163803 -0.0 0.0 -0.0 -0.0 -0.0 0.0 -0.0 -0.0 0.4581207 0.19710319 -0.37793058 -0.0 0.0 -0.28021017 0.0 0.0 -0.0 -0.0 -0.0
-0.0 -0.0 0.0 0.0 0.0 0.0 -0.0 0.0 0.0 0.0 -0.0 0.0 -0.0 0.0 -0.0 -0.0 0.0 0.0 0.0 0.0 0.0 -0.0 -0.0 0.0 0.0 -0.0 0.0 0.0 0.0 0.0 0.0 -0.0 -0.0 0.0 0.0 0.0 0.0 0.0 0.0 -0.0 -0.0 -0.0 -0.0 0.0 0.0 0.0 0.0 0.0 -0.0 0.0 0.0 -0.0 0.0 -0.0 -0.0 0.0 0.0 0.0 0.0 -0.0 0.0 -0.0 0.0 -0.0
0.0 0.0 -0.0 -0.148082 0.0 -0.0 0.0 0.23765434 0.0 -0.0 0.0 0.0 -0.0 0.13242088 0.0 0.18633795 -0.0 -0.032466494 0.0 -0.0 -0.0 0.0 0.0 -0.0 -0.0 0.0 0.0 0.0 0.0 -0.06676797 -0.0 -0.0 0.0 0.0 -0.0 -0.0 -0.0 -0.0 0.0 -0.0 -0.0 0.0 -0.0 -0.0 -0.0 0.0 0.0 0.14486344 -0.0 0.0 -0.0 -0.0 -0.0 -0.0 -0.0 0.0 0.0 -0.0 -0.0 0.0 0.0 -0.0 -0.0 0.0
-0.0 -0.0 0.0 -0.0 -0.20078915 0.0 0.0 -0.0 -0.0 0.0 -0.0 0.0 -0.0 0.10307131 -0.088433735 0.0 -0.0 -0.0 -0.0 0.0 -0.0 0.18110958 0.0 0.0 -0.0 -0.0 0.0 -0.0 -0.0 -0.0 -0.0 -0.0 0.0 0.0 0.0 0.0 0.0 0.0 -0.0 -0.0 -0.0 -0.0 0.0 0.0 -0.0 0.0 0.0 0.0 0.0 0.0 -0.0 0.0 -0.31684306 0.0 -0.037474792 -0.09480033 0.118113324 -0.0 0.0 0.4005796 0.0 -0.16311578 -0.0 0.0
-0.0 0.0 0.0 -0.0 -0.0 -0.14907496 -0.0 -0.0 0.0 -0.0 -0.0 0.0 0.17089276 -0.0 0.0 -0.13676412 0.0 -0.0 -0.0 0.0 0.0 0.0 0.17691101 0.0 -0.0 0.0 -0.0 -0.0 -0.0 -0.0 0.27524662 -0.0 0.0 0.0964669 -0.13847797 0.0 0.0 0.0 0.0 0.0 -0.2359634 -0.0 0.0 -0.0 0.0 -0.0 0.0 -0.12114297 0.0 -0.0 0.0 0.10119868 0.08849412 0.0 -0.0 -0.0 0.14224152 0.0 -0.0 0.0 -0.0 0.0 -0.0 -0.0
0.0 -0.0 -0.0 0.0 -0.0 -0.0 -0.0 -0.0 0.0 -0.0 -0.0 0.0 -0.0 -0.0 0.0 -0.0 -0.0 -0.0 0.0 -0.0 -0.0 0.0 0.0 0.0 0.0 -0.0 -0.0 0.0 -0.0 -0.0 -0.0 -0.0 -0.0 0.0 -0.0 0.0 0.0 0.0 -0.0 0.0 -0.0 0.0 0.0 -0.0 0.0 0.0 -0.0 -0.0 0.0 -0.0 -0.0 0.0 0.0 0.0 -0.0 0.0 0.0 0.0 0.0 0.0 0.0 0.0 -0.0 0.0
-0.0 -0.0 -0.0 -0.0 -0.0 0.0 -0.0 0.0 -0.0 -0.0 -0.0 -0.0 0.0 0.0 -0.0 0.0 0.0 -0.0 -0.0 -0.0 -0.0 -0.0 0.0 -0.0 -0.0 -0.0 -0.0 0.0 -0.0 -0.0 0.0 -0.0 -0.0 -0.0 0.0 -0.0 -0.0 -0.0 -0.0 0.0 0.0 0.0 0.0 -0.0 0.0 0.0 0.0 0.0 -0.0 -0.0 -0.0 0.0 -0.0 0.0 0.0 0.0 -0.0 0.0 -0.0 0.0 0.0 0.0 0.0 -0.0
0.0 -0.0 -0.0 0.0 -0.0 -0.0 0.0 -0.0 0.0 -0.07496393 -0.0 0.0 0.0 -0.0 0.0 0.0 -0.0 -0.0 0.0 0.0 -0.0 -0.0 0.0 -0.0 -0.0 0.0 -0.12777 -0.0 -0.03819146 -0.0 -0.0 0.0 0.0 0.0 -0.0 0.0 -0.0 0.0 0.0 0.0 -0.0 -0.0 0.0 -0.0 0.0 0.0 0.0 0.0 0.0 0.0 -0.0 -0.0 0.0 0.0 0.0 -0.0 -0.0 0.0 -0.0 -0.0 -0.13812791 0.0 -0.0 -0.0
0.0 0.0 0.0 0.0 -0.0 0.0 -0.38426712 0.0 -0.0 0.0 -0.24005258 -0.0 0.1496129 0.0 -0.0 -0.0 0.0 -0.0 0.0 -0.0 -0.0 -0.0 -0.0 -0.24298649 0.0 0.20660718 0.0 0.0 0.0 -0.0 -0.0 -0.0 -0.19374321 0.0 -0.0 -0.17475343 0.0 0.0 0.0 0.2803234 -0.2168275 0.0 0.0 0.0 -0.0 -0.0 -0.0 -0.0 -0.35785338 0.0 -0.0 -0.0 -0.0 0.0 -0.0 0.0 -0.0 0.0 0.0 -0.0 -0.0 -0.0 0.0 -0.0
0.0 -0.0 -0.0 0.0 0.0 0.0 -0.0 0.0 -0.0 -0.0 -0.0 0.0 0.0 -0.0 0.0 -0.0 0.0 0.0 -0.0 -0.0 -0.0 0.0 -0.0 0.0 0.0 -0.0 0.0 0.0 0.0 0.0 -0.0 -0.0 -0.0 0.0 0.0 0.0 -0.0 0.0 -0.0 -0.0 -0.0 -0.0 0.0 -0.40174037 -0.0 -0.0 0.0 -0.0 -0.0 0.0 0.0 0.0 -0.0 -0.0 0.0 -0.0 0.0 -0.0 0.0 0.0 -0.0 0.0 0.0 0.0
0.0 0.0 -0.0 -0.0 -0.0 0.0 0.0 0.0 -0.0 -0.0 0.0 0.0 0.0 -0.0 0.0 0.0 -0.0 -0.0 -0.0 -0.0 0.0 -0.0 0.0 0.0 -0.0 -0.0 -0.0 -0.0 -0.0 0.0 -0.0 0.0 -0.0 0.0 0.0 0.0 -0.0 0.0 0.0 0.0 -0.0 -0.0 -0.0 -0.0 -0.0 0.0 -0.0 0.0 -0.0 -0.0 -0.0 -0.0 -0.0 0.0 -0.0 0.0 0.0 -0.0 -0.0 0.0 0.0 -0.0 0.0 0.0
-0.0 -0.0 -0.0 -0.0 -0.0 0.0 0.0 0.0 -0.0 -0.0 0.0 -0.0 -0.0 -0.0 -0.0 0.0 -0.0 0.0 0.0 0.0 -0.0 -0.0 0.0 0.0 0.0 0.0 0.0 -0.0 0.0 -0.0 -0.0 -0.0 -0.0 0.0 -0.0 0.0 -0.0 -0.0 0.0 0.0 0.0 0.0 -0.0 0.0 -0.0 0.19779764 0.0 0.0 0.0 -0.0 -0.0 -0.0 0.0 -0.0 -0.0 0.0 -0.0 0.0 -0.0 -0.0 -0.0 0.0 -0.0 0.0
-0.0 0.0 0.0 0.0 -0.0 0.0 -0.0 -0.0 -0.0 -0.0 0.0 -0.0 0.0 -0.0 -0.0 0.0 0.0 -0.0 -0.0 0.0 0.0 -0.0 0.0 0.0 -0.0 0.0 -0.0 -0.0 0.0 0.0 0.0 -0.0 -0.0 -0.0 0.0 -0.0 0.0 -0.0 -0.0 -0.0 0.0 -0.0 0.0 0.0 0.0 -0.0 -0.0 0.0 -0.0 0.0 -0.0 -0.0 -0.0 -0.0 0.0 -0.0 -0.0 0.0 0.0 0.0 -0.0 -0.0 -0.0 -0.0
0.0 0.0 0.0 0.0 -0.0 0.0 0.0 -0.0 -0.0 -0.0 0.0 -0.0 0.20709376 -0.0 0.0 -0.091837764 0.0 0.0 0.15687372 0.0 0.0 0.0 0.0 -0.0 0.0 0.0 -0.0 0.0 0.0 -0.0 -0.0 0.0 -0.0 0.0 -0.0 0.2537557 0.0 -0.0 0.0 -0.0 -0.0 0.0 0.0 0.0 0.0 -0.0 -0.0 -0.0 0.0 -0.0 0.0 0.0 0.0 -0.0 0.0 0.0 -0.31889796 0.0 -0.19954385 -0.14008133 -0.0 0.0 0.0 0.0
0.0 0.0 -0.1689042 -0.0 -0.0 -0.0 -0.0 -0.0 -0.0 -0.0 0.0 0.0 0.0 -0.0 0.0 -0.0 0.0 0.09600497 0.0 -0.0 -0.20433351 0.0 0.0 -0.0 0.0 -0.0 -0.0 -0.0 0.0 -0.2683393 -0.0 0.0 0.0 -0.0 -0.0 -0.0 -0.20537691 0.0 -0.0 0.0 0.0 0.0 -0.0 -0.0 -0.0 -0.0 0.0 0.16391808 -0.0 -0.0 -0.0 -0.2422276 -0.0 -0.08458056 -0.08657256 -0.03687616 0.0 -0.0 0.0 0.0 -0.0 0.0 -0.0 0.14438882
0.0 -0.0 -0.0 0.0 -0.16419816 0.0 -0.12896018 -0.0 -0.0 0.0 0.0 0.0 0.89386743 -0.0 -0.0 0.0 -0.0 0.0 -0.0 -0.0 0.0 0.0 -0.0 -0.27039462 -0.0 0.0 -0.0 -0.0 -0.0 -0.0 0.0 0.0 0.0 0.0 0.0 -0.0 0.0 0.18962958 0.16026329 -0.0 -0.0 0.0 -0.0 0.0 -0.28220224 -0.0 0.0 -0.0 -0.0 0.0 -0.0 -0.0 0.0 -0.0 -0.0 -0.0 -0.0 0.0 0.0 -0.0 0.0 0.0 0.0 -0.0
0.0 0.0 0.0 0.0 0.0 -0.0 -0.0 -0.0 -0.0 -0.0 -0.0 -0.0 -0.0 0.24871092 -0.0 0.22083282 -0.0 -0.0 0.0 -0.0 -0.0 0.0 -0.2100291 -0.0 -0.0 -0.0 -0.0 0.0 -0.0 0.0 -0.52743435 -0.0 0.0 0.3371486 -0.0 -0.0 -0.0 0.5248329 0.0 -0.0 0.0 0.0 0.0 -0.0 -0.0 0.0 0.0 0.0 -0.0 -0.0 -0.0 0.0 -0.24506848 0.40978813 0.0 0.0 -0.0 -0.0 -0.0 0.0 0.0 -0.0 0.0 -0.0
-0.0 0.0 -0.0 0.0 0.1541926 0.0 -0.0 0.0 -0.0 0.29451248 -0.0 -0.0 0.0 0.0 0.0 0.0 0.0 0.0 0.14828846 0.0 0.0 0.0 0.0 0.0 -0.0 0.0 0.0 0.0 0.0 0.0 -0.0 0.0 0.0 0.0 -0.0 0.0 0.0 0.0 0.0 -0.0 0.0 0.0 0.0 0.7529787 -0.0 0.0 0.0 0.0 0.0 0.0 0.0 0.0 0.0 -0.0 0.0 0.0 -0.0 0.0 0.0 -0.21996938 0.0 0.0 0.0 0.0
-0.0 0.0 -0.0 -0.17894267 -0.23960221 0.19180189 0.0 -0.2368359 0.0 -0.0 0.0 0.16701987 0.0 0.0 0.22720149 0.053374805 -0.0 -0.33830535 0.14055844 0.0 0.0 0.0 -0.0 0.0 -0.0 -0.0 0.0 0.46424806 -0.1502652 -0.34841764 -0.0 -0.0 -0.0 0.0 0.2145017 -0.0 -0.0 -0.0 0.0 -0.0 -0.0 0.0 -0.0 -0.0 -0.0 0.0 -0.0 -0.0 -0.0 -0.0 0.0 -0.0 -0.0 -0.0 0.0 -0.0 0.10774872 -0.0 -0.4370336 -0.0 -0.0 -0.0 0.0 -0.0
-0.0 -0.0 0.0 -0.0 0.0 -0.0 -0.0 -0.0 0.0 -0.0 -0.0 -0.0 0.0 -0.0 0.0 -0.0 0.0 -0.0 -0.0 0.0 0.0 -0.0 -0.0 -0.0 -0.0 -0.0 0.0 -0.0 0.0 -0.0 -0.0 -0.0 0.0 -0.0 -0.0 -0.0 -0.0 0.0 -0.0 0.0 0.0 -0.0 -0.0 -0.0 -0.0 -0.0 -0.0 -0.0 -0.0 -0.0 -0.0 -0.0 -0.0 -0.0 -0.0 -0.0 0.0 0.0 -0.0 -0.0 -0.0 0.0 0.0 -0.0
0.0 -0.0 -0.0 -0.0 -0.0 0.0 -0.0 -0.0 0.0 0.0 -0.0 -0.0 0.0 -0.0 0.0 -0.0 -0.0 0.0 -0.0 -0.0 0.0 -0.0 0.0 0.0 0.0 -0.0 -0.0 -0.0 -0.0 -0.0 -0.0 -0.0 -0.0 -0.0 -0.0 0.0 0.0 -0.0 0.0 0.0 -0.0 0.0 -0.0 0.0 0.0 0.0 0.0 -0.0 0.0 0.0 -0.0 -0.0 0.0 -0.0 -0.0 -0.0 -0.0 0.0 -0.0 -0.0 0.0 0.0 0.0 0.0
-0.0 -0.0 -0.0 -0.0 -0.0 -0.0 -0.0 -0.0 -0.0 0.0 -0.0 -0.0 0.0 0.0 -0.0 -0.0 0.0 0.0 0.0 -0.0 -0.0 -0.0 0.0 -0.0 -0.0 -0.0 -0.0 -0.0 -0.0 0.0 0.0 -0.0 0.0 0.0 -0.0 -0.0 -0.0 0.0 -0.0 0.0 -0.0 -0.0 0.0 -0.0 0.0 -0.0 0.0 0.0 -0.0 -0.0 0.0 0.0 0.0 0.0 0.0 0.0 0.0 0.0 -0.0 0.0 0.0 0.0 0.0 -0.0
0.0 -0.0 0.0 0.0 0.0 -0.0 -0.0 0.0 0.0 0.0 -0.0 -0.0 -0.0 -0.0 0.0 -0.0 -0.18116128 -0.27681553 -0.0 -0.0 -0.0 -0.0 0.0 -0.0 -0.0 0.0 -0.0 -0.0 0.0 0.0 0.0 -0.0 -0.0 -0.0 -0.17007591 -0.25588065 -0.0 -0.0 -0.0 -0.0 -0.120518595 -0.29709488 0.0 0.0 0.0 -0.0 -0.0 -0.0 -0.0 -0.0 0.0 -0.0 -0.12331322 -0.0 0.0 -0.0 -0.0 -0.0 -0.0 -0.0 -0.0 -0.0 0.0 0.0
0.0 -0.0 0.0 -0.12824999 0.0 -0.12749179 -0.0 0.0 -0.0 0.09322905 -0.0 -0.12645908 -0.0 -0.0 -0.0 0.0 0.0 -0.10162359 -0.0 -0.10097729 0.0 -0.0 -0.0 -0.10013268 -0.0 -0.063715994 -0.0 0.0 0.0 0.0 -0.0 -0.0 0.0 -0.0 0.15965003 -0.0 0.0 0.0 -0.0 0.0 -0.0 -0.0 0.0 -0.0 -0.0 -0.0 -0.0 -0.0 -0.0 -0.0 0.0 -0.0 -0.0 0.0 -0.0 -0.0 0.0 -0.0 0.0 0.0 0.0 -0.0 0.0 -0.0
0.0 0.0 -0.0 0.0 0.0 -0.0 -0.0 -0.0 0.0 0.0 0.0 0.0 -0.0 -0.0 0.0 0.0 -0.0 -0.0 0.0 -0.0 -0.0 -0.0 -0.0 -0.0 -0.0 0.0 0.0 -0.0 -0.0 -0.0 0.0 -0.0 -0.0 -0.0 -0.0 -0.0 -0.0 -0.0 0.0 -0.0 0.0 -0.0 0.0 0.0 -0.0 0.0 -0.0 -0.0 -0.0 0.0 -0.0 -0.0 -0.0 -0.0 0.0 0.0 -0.0 0.0 -0.0 -0.0 0.0 -0.0 0.0 0.0
-0.0 -0.0 0.0 0.0 0.0 0.0 0.0 0.09391119 -0.0 0.0 0.0 0.0 0.0 -0.14390166 0.0 -0.0 0.0 -0.15888582 0.0 -0.0 -0.0 -0.0 -0.0 -0.0 0.10076953 0.0 -0.0 0.10756338 0.0 0.0 0.0 -0.0 -0.0 -0.08544305 0.2405961 -0.0 -0.26204255 -0.2449721 -0.0 -0.0 -0.0 0.38406733 -0.18487196 -0.0 0.0 -0.0 0.0 -0.088532224 -0.0 -0.15884843 0.0 -0.0 -0.0 0.0 0.1062711 0.0 0.17068098 0.0 -0.0 -0.20417787 0.14085652 0.0 -0.0 -0.0
-0.0 0.0 0.0 0.0 -0.0 0.0 0.0 0.0 0.0 0.0 -0.0 -0.0 -0.0 0.0 -0.0 -0.0 -0.0 -0.0 0.0 0.0 -0.0 0.0 0.0 0.0 0.0 -0.0 0.0 0.0 0.0 0.0 -0.0 0.0 0.0 0.0 -0.0 0.0 0.0 -0.0 0.0 -0.0 -0.0 -0.0 0.0 -0.0 -0.0 0.0 -0.0 -0.0 -0.0 -0.0 0.0 -0.0 0.0 0.0 0.0 0.0 -0.0 -0.0 -0.0 -0.0 0.0 0.0 0.0 -0.0
-0.0 -0.0 0.0 -0.0 -0.0 -0.0 0.0 -0.0 -0.0 0.0 0.0 0.0 0.0 0.0 0.0 -0.0 0.0 -0.0 -0.0 -0.0 0.0 -0.0 -0.0 -0.0 -0.0 -0.0 0.0 -0.0 -0.0 0.1669962 -0.0 0.0 -0.0 0.0 0.0 -0.0 0.0 0.0 0.0 -0.0 0.0 0.0 -0.0 -0.0 -0.0 -0.28194496 0.0 -0.0 -0.0 -0.0 0.0 0.0 0.0 -0.0 -0.0 0.0 -0.0 0.0 0.0 -0.28030565 0.0 0.0 -0.0 -0.0
-0.0 0.0 0.0 0.0 0.0 0.0 -0.0 -0.0 -0.0 -0.0 0.0 -0.0 0.0 -0.0 -0.0 0.15931192 -0.0 -0.0 -0.0 -0.0 0.0 -0.0 -0.0 -0.0 0.0 0.0 0.0 0.0 0.0 0.0 0.0 0.0 0.0 -0.0 -0.0 0.0 -0.0 -0.0 0.0 0.0 -0.0 0.0 -0.0 -0.0 0.0 0.0 0.07962346 -0.0 -0.0 -0.0 -0.0 -0.0 0.0 -0.0 -0.0 -0.0 -0.0 0.0 0.0 0.0 0.0 -0.0 0.0 -0.28873125
0.0 0.0 -0.0 0.0 -0.0 0.0 0.0 0.0 -0.0 -0.0 0.0 0.0 0.0 -0.0 0.0 0.0 0.0 -0.0 0.0 0.0 -0.0 -0.0 0.0 0.0 -0.0 -0.0 0.0 -0.0 -0.0 -0.0 0.0 -0.0 -0.0 -0.0 -0.0 -0.0 0.0 -0.0 -0.0 0.0 0.0 0.0 0.0 0.0 -0.0 -0.0 -0.0 0.0 -0.0 -0.0 0.0 0.0 -0.0 -0.0 0.0 0.0 0.0 0.0 -0.0 0.0 -0.0 -0.0 0.0 0.0
0.0 -0.0 0.0 0.0 -0.0 -0.0 -0.0 -0.15556957 -0.0 0.0 -0.0 -0.0 -0.0 -0.0 -0.0 -0.0 -0.0 0.0 0.0 -0.0 -0.0 -0.0 0.0 -0.13693903 -0.0 0.0 -0.0 -0.0 0.15535611 0.0 0.0 0.0 -0.0 -0.0 -0.0 -0.0 0.0 0.0 -0.0 -0.0 -0.0 -0.0 0.0 0.0 -0.0 0.0 0.61425525 -0.0 0.0 -0.0 -0.0 -0.0 0.0 -0.0 -0.0 -0.0 0.0 0.0 -0.0 -0.0 -0.0 -0.0 0.17221603 -0.0
-0.0 0.29021978 0.0 0.0 -0.0 -0.0 -0.0 0.0 0.0 0.0 0.0 -0.0 -0.0 0.0 -0.0 0.0 -0.0 -0.0 0.0 -0.0 -0.31694406 0.0 0.0 -0.0 -0.0 0.0 0.0 -0.0 0.0 -0.23547663 -0.0 -0.0 0.0 -0.0 -0.16888909 0.0 -0.0 -0.430007 -0.0 -0.0 -0.0 0.0 0.28186095 -0.0 0.0 -0.20650586 -0.0 0.0 0.0 0.0 0.0 0.35906538 -0.0 0.35904437 -0.0 -0.0 0.17310607 -0.0 -0.0 0.0 0.0 -0.02892979 0.0 0.0
0.0 -0.0 0.0 -0.0 -0.0 -0.0 0.0 0.0 -0.0 0.0 0.0 0.0 -0.0 0.0 0.0 -0.0 -0.0 0.0 0.0 0.0 -0.0 0.0 0.0 0.0 0.0 -0.0 0.0 -0.0 0.0 0.0 -0.0 -0.0 0.0 -0.0 0.0 0.0 0.0 0.0 -0.0 -0.0 0.0 -0.0 -0.0 -0.0 -0.0 0.0 -0.0 -0.0 0.0 0.0 -0.0 -0.0 0.0 -0.0 -0.0 0.0 -0.0 -0.0 -0.0 -0.0 -0.0 0.0 -0.0 0.0
-0.0 -0.0 0.0 -0.0 -0.0 0.0 0.0 -0.0 0.0 -0.0 -0.0 -0.0 -0.0 -0.0 0.0 -0.0 0.0 -0.0 0.0 -0.0 0.0 -0.0 -0.0 0.0 -0.0 0.0 -0.24243517 -0.0 -0.0 0.0 0.0 -0.0 0.0 -0.0 0.0 -0.0 -0.0 0.0 -0.0 -0.25629872 0.2553888 -0.0 -0.0 -0.0 0.0 -0.0 -0.0 0.0 -0.0 -0.0 0.0 -0.0 0.0 0.0 -0.0 0.0 -0.0 -0.0 0.0 0.0 -0.0 -0.0 -0.0 0.28941196
-0.0 -0.0 -0.110753514 0.15266745 0.0 -0.0 -0.0 0.0 -0.0 -0.0 -0.08439453 0.0 -0.0 -0.0 0.0 -0.0 -0.0 -0.078905106 -0.0 0.0 0.0 -0.17593582 0.0 -0.0 -0.07690418 -0.0 0.0 0.0 0.0 0.0 0.0 -0.073180705 0.13176243 -0.0 -0.0 -0.17776613 -0.0 -0.0 -0.0 0.1769958 0.0 -0.0 0.0 0.0 -0.0 -0.0 -0.0 0.0 -0.0 -0.0 -0.0 -0.07701317 -0.0 -0.0 0.0 0.0 0.0 -0.18326065 -0.0 -0.0 -0.16855991 -0.0 0.0 -0.0
0.0 0.0 0.0 0.39271516 0.0 -0.0 0.0 0.1940726 0.0 0.0 0.0 -0.0 0.0 -0.17129965 -0.0 0.0 -0.0 0.0 -0.0 -0.0 -0.0 -0.35125715 0.0 0.0 0.09462188 0.0 -0.1137914 -0.058854382 0.0 0.0 0.0 -0.0 -0.056447793 -0.23415112 -0.0 0.0 0.16856737 0.12884814 0.0 -0.0 -0.0 -0.11303416 -0.0 0.0 0.0 0.0 -0.0 0.13204238 -0.0 -0.23741765 -0.0 0.0 -0.14155272 0.0 -0.0 -0.0 0.0 0.0 -0.0 0.039045904 0.0 -0.0 0.0 0.0
-0.0 0.0 -0.0 0.0 -0.0 -0.0 -0.0 0.0 -0.0 -0.0 -0.0 0.0 0.0 0.0 0.0 0.0 -0.0 -0.0 -0.0 0.0 -0.0 -0.0 0.0 0.0 -0.0 0.0 -0.0 0.0 0.0 -0.0 -0.0 -0.0 0.0 -0.0 -0.0 0.0 0.0 -0.0 0.0 -0.0 -0.0 -0.0 0.0 0.0 -0.0 0.0 -0.0 -0.0 -0.0 0.0 0.0 0.0 0.0 -0.0 0.0 -0.0 -0.0 0.0 -0.0 -0.0 -0.0 0.0 -0.0 0.0
0.0 -0.39491048 -0.0 -0.0 -0.0 -0.0 0.0 -0.30302238 -0.0 -0.0 0.0 0.0 0.0 0.0 0.10669663 0.0 -0.3124806 -0.10048255 0.0 0.0 -0.0 -0.0 0.35570306 -0.54097956 0.0 0.0 -0.5366104 0.0 0.0 0.0 0.0 0.0 -0.18606256 -0.0 -0.0 0.0 -0.0 0.0 0.0 -0.0 -0.5069399 0.0 -0.0 -0.0 0.0 0.0 -0.0 -0.20113668 -0.33150885 -0.26002356 0.0 0.0 -0.0 0.0 0.0 -0.15179102 -0.0 0.0 0.0 -0.0 -0.0 0.0 0.0 -0.266988
-0.0 0.0 0.26666063 0.0 -0.0 -0.0 -0.0 -0.0 -0.0 0.0 -0.08389975 0.0 -0.0 -0.0 0.0 -0.0 0.0 -0.0 0.0 0.0 0.0 0.0 0.0 0.0 -0.0 0.0 0.0 -0.0 -0.0 -0.0 -0.0 0.0 -0.0 -0.0 0.0 -0.0 -0.13717405 -0.0 -0.0 0.0 -0.0 0.0 -0.0 -0.0 -0.0 -0.0 0.0 -0.0 0.0 -0.0 0.0 -0.0 -0.0 -0.0 -0.0 0.0 -0.0 -0.0 -0.0 -0.0 0.0 0.0 -0.0 -0.0
-0.0 0.0 0.0 -0.0 -0.0 -0.0 0.0 -0.0 0.0 0.0 -0.0 0.17742474 -0.10209274 0.0 0.0 -0.0 -0.0 -0.0 0.0 0.0 -0.0 0.0 -0.15934777 -0.0 -0.0 0.072707705 0.0 0.0 0.0 -0.0 -0.0 -0.0 -0.0 -0.0 0.0 -0.0 0.06332115 -0.0 -0.0 -0.0 -0.0 0.0 0.0 0.0 0.0 0.0 -0.0 0.0 -0.0 -0.0 -0.0 -0.0 0.0 0.0 -0.0 0.0 -0.0 -0.0 0.0 0.0 -0.0 0.0 0.0 0.0
-0.0 -0.0 -0.0 -0.0 0.0 -0.0 -0.0 0.0 0.0 0.0 -0.0 -0.21342252 -0.0 -0.0 0.0 0.0 -0.0 -0.27381057 -0.0 -0.22613676 0.0 -0.0 -0.0 -0.0 -0.0 -0.0 0.0 0.0 0.0 -0.0 0.17355461 0.0 -0.0 0.0 0.0 0.0 0.0 -0.0 -0.0 -0.0 -0.11597821 -0.0 -0.0 0.0 -0.0 -0.0 -0.17220032 0.0 -0.0 -0.0 -0.0 -0.0 -0.0 0.0 0.0 0.0 0.0 0.0 -0.0 0.33451757 -0.0 0.0 0.0 0.0
-0.0 0.0 -0.0 -0.0 0.0 -0.0 0.0 0.0 0.0 0.0 -0.0 -0.0 0.0 -0.0 0.0 -0.0 0.0 -0.0 -0.0 -0.0 -0.0 -0.0 -0.0 0.0 0.0 -0.0 -0.0 -0.0 -0.0 0.0 -0.0 -0.0 0.0 0.0 0.0 -0.0 -0.0 0.0 -0.0 0.0 -0.0 0.0 -0.0 -0.0 -0.0 0.0 -0.0 -0.0 -0.0 0.0 -0.0 -0.0 -0.0 -0.0 -0.0 0.0 -0.0 -0.0 0.0 -0.0 -0.0 -0.0 0.18209083 0.12827784
0.0 -0.0 0.0 0.0 0.29701668 -0.3418567 0.0 -0.0 0.0 -0.0 -0.0 0.0 0.0 0.0 0.14921814 -0.0 0.0 -0.0 0.0 0.0 -0.0 0.0 -0.12575084 -0.0 -0.1836961 0.08572371 0.2621316 -0.0 0.0 -0.0 0.0 -0.0 0.0 -0.0 -0.42446366 -0.0 -0.007668475 -0.0 -0.0 0.0 -0.0 0.0 0.0 -0.0 -0.0 0.0 -0.0 0.0 -0.0 -0.0 -0.0 -0.0 -0.0 -0.0 0.0 -0.0 -0.0 -0.0 -0.0 -0.0 -0.397879 0.0 0.0 0.0
0.0 -0.04284592 0.104209326 -0.09964178 -0.08425832 0.0 -0.0 -0.0 0.0 -0.0 -0.0 -0.0 0.0 0.0 0.0 0.1395808 -0.1313762 0.0 0.0 -0.0 0.0 0.10985209 -0.0 -0.2137534 -0.0 0.0 -0.0 -0.0 0.07452169 0.0 -0.0 -0.0 -0.0 0.08563633 -0.0 0.0 -0.0 -0.0 0.0 -0.0 -0.14016548 0.0 0.15183122 -0.0 -0.0 0.0 -0.0 0.0 0.0 -0.0 0.0 -0.0 -0.0 0.0 0.0 -0.0 -0.0 -0.0 -0.0 0.08208377 -0.0 -0.0 -0.0 0.085436754
-0.0 -0.0 0.0 -0.0 -0.0 0.0 0.0 -0.0 0.0 -0.0 -0.0 0.0 -0.0 -0.0 0.0 -0.30176425 -0.0 -0.0 -0.28813103 -0.0 -0.0 0.0 -0.1680868 0.0 -0.2803991 -0.0 0.0 -0.0 -0.0 0.0 -0.0 0.0 -0.0 -0.0 0.0 -0.0 -0.0 0.0 0.0 -0.0 -0.20932165 -0.0 0.0 -0.0 -0.0 0.0 -0.0 -0.24069664 0.0 -0.0 -0.0 0.0 -0.0 -0.0 0.0 -0.0 -0.0 -0.0 -0.0 0.0 -0.0 -0.0 0.6301123 0.5313964
0.0 0.0 -0.0 -0.0 -0.0 0.0 -0.0 0.0 -0.0 0.0 0.0 -0.0 0.0 0.0 -0.0 0.0 -0.0 -0.0 -0.0 -0.0 0.0 0.0 0.0 0.0 0.0 -0.0 -0.0 0.0 0.0 -0.0 -0.0 -0.0 -0.0 -0.0 0.0 -0.0 -0.0 0.0 0.0 0.0 -0.0 0.0 0.0 0.0 -0.0 0.0 0.0 -0.0 -0.0 0.0 -0.0 0.0 -0.0 0.0 0.0 -0.0 -0.0 -0.0 -0.0 0.0 -0.0 -0.0 0.0 0.0
0.0 -0.0 0.0 -0.10272152 -0.0 0.0 0.0 0.0 0.0 -0.0 -0.0 -0.0 -0.0 0.0 0.0 0.0 0.0 0.0 0.0 -0.0 -0.0 -0.0 -0.0 -0.0 -0.0 0.0 -0.0 -0.0 0.07343859 -0.0 -0.0 -0.0 0.0 -0.0 -0.0 -0.0 0.0 0.0 0.0 0.0 -0.0 0.0 -0.0 0.0 0.0 0.0 -0.0 -0.0 0.0 -0.0 -0.0 0.0 0.0 0.0 -0.0 -0.0 -0.0 -0.0 -0.0 0.0 -0.0 -0.0 0.0 0.0
0.0 -0.0 -0.0 -0.0 0.0 -0.0 0.37407994 -0.0 -0.0 -0.0 0.5849526 0.25603667 0.0 0.0 0.7719624 -0.0 0.0 0.0 -0.0 0.49875197 -0.0 -0.0 0.0 -0.0 0.0 -0.0 -0.0 -0.0 -0.0 -0.37706798 0.30744007 0.4414002 0.4192304 -0.0 -0.0 -0.0 0.0 -0.19837509 0.17298536 -0.27729666 -0.0 0.0 -0.0 -0.0 -0.0 0.0 -0.0 -0.2750033 0.0 -0.0 -0.0 -0.0 0.43405214 0.0 0.0 -0.0 0.0 -0.0 -0.0 -0.26343846 -0.0 -0.5214139 -0.45838842 0.42047602
0.0 0.0 0.0 0.30863118 -0.0 0.0 -0.0 0.0 0.0 -0.0 -0.27626142 0.0 0.0 0.0 0.0 -0.0 0.0 -0.0 -0.0 0.0 -0.0 -0.0 -0.0 0.0 -0.25105566 -0.0 0.0 -0.0 0.0 0.0 0.0 0.0 0.0 -0.0 0.0 -0.0 0.0 0.0 -0.0 0.0 0.0 0.19843669 0.0 -0.0 0.0 -0.0 -0.0 0.0 0.0 0.0 -0.0 -0.0 0.13064708 -0.0 0.0 -0.0 0.0 -0.0 0.0 -0.2052512 -0.0 -0.0 -0.0 -0.0
0.0 -0.0 0.0 0.0 -0.0 0.0 0.0 -0.0 0.0 -0.0 0.0 0.0 -0.0 -0.0 -0.0 0.0 0.0 -0.0 0.0 0.0 -0.0 0.0 -0.0 0.0 0.0 0.0 0.0 -0.0 -0.0 0.0 0.0 0.0 -0.0 -0.0 0.0 0.0 0.0 0.0 -0.0 0.0 0.0 0.0 -0.0 -0.0 -0.0 0.0 0.0 0.0 -0.0 -0.0 -0.0 -0.0 -0.0 -0.0 0.0 -0.0 -0.0 -0.0 0.0 -0.0 0.0 -0.0 0.0 -0.0
0.0 0.14397515 -0.0 -0.0 0.0 -0.0 0.217969 -0.0 -0.0 -0.0 0.0 -0.0 -0.16890852 0.0 0.09598106 -0.23131295 0.0 -0.0 0.0 0.0 -0.0 0.0 -0.0 -0.0 0.0 -0.0 0.0 0.0 -0.0 -0.0 0.2616325 0.0 0.0 -0.0 -0.0 0.0 0.0 0.0 -0.0 0.0 -0.1577714 0.0 -0.0 0.0 0.0 0.0 0.0 -0.3869405 0.0 -0.0 0.0 -0.0 0.0 0.0 -0.0 -0.0 0.276274 -0.0 0.0 0.0 0.0 -0.0 0.0 -0.0
0.0 -0.0 -0.0 0.0 0.0 0.0 -0.0 -0.0 0.0 0.0 0.24132286 0.19132389 0.0 0.0 0.0 -0.0 0.0 0.0 -0.23372999 0.0 0.0 0.0 -0.0 -0.16539724 -0.0 -0.0 -0.0 -0.0 0.0 0.0 -0.0 0.0 0.0 0.0 0.0 -0.28393108 0.26081437 -0.0 -0.0 -0.27729473 -0.0 0.0 0.0 0.0 -0.12561055 -0.0 -0.13995743 -0.0 -0.17678973 0.0 -0.0 -0.0 -0.0 -0.0 0.0 0.0 0.0 0.0 0.0 -0.0 0.0 -0.23673286 -0.19454268 0.0
-0.0 -0.0 0.0 0.0 -0.0 -0.0 0.0 -0.0 -0.0 0.0 0.0 0.0 -0.0 -0.12287498 -0.0 0.0 -0.0 -0.11171175 0.0 0.0 -0.0 -0.24457833 0.0 0.09530467 -0.0 -0.0 -0.0 -0.0 0.19503465 -0.0 -0.0 -0.10335745 -0.20769086 -0.0 -0.0 -0.0 0.0 -0.0 0.0 -0.054446973 0.0 -0.0 -0.0 0.0 -0.0 -0.0 0.13328868 0.0 -0.12951787 -0.0 -0.0 -0.0 0.0 -0.0 0.0 -0.0 0.0 0.15435681 0.0 -0.0 -0.0 -0.06796009 -0.0 0.0
0.32990763 -0.0 -0.0 -0.0 -0.0 0.0 -0.0 0.0 -0.0 -0.0 -0.20212878 0.0 0.0 -0.0 0.0 0.0 0.0 -0.0 -0.20648284 0.0 -0.0 -0.0 0.0 -0.0 -0.0 0.0 0.0 0.0 0.0 -0.0 0.0 -0.0 -0.0 -0.0 -0.0 -0.0800455 -0.0 -0.15727507 0.3612124 -0.0 -0.0 -0.0 -0.0 0.0 -0.18522649 0.0 0.0 -0.0 -0.0 -0.0 -0.0 -0.12354237 -0.0 -0.19054823 0.0 -0.0 -0.0 0.0 0.0 0.0 -0.0 0.0 0.0 -0.0
0.0 -0.0 0.0 0.0 0.0 -0.0 -0.0 -0.0 0.0 0.0 -0.0 -0.0 -0.0 -0.36468986 -0.0 -0.0 -0.0 -0.0 -0.0 -0.10261598 0.2676899 -0.33423555 0.0 -0.45025715 -0.0 0.0 -0.32489163 -0.0 0.52565604 0.0 0.0 0.0 -0.0 -0.19395909 0.26427427 -0.0 -0.0 0.0 0.0 -0.0 -0.4387075 -0.3958311 0.0 -0.0 0.0 -0.024821268 0.0 -0.0 -0.0 -0.0 -0.29835024 0.2703921 -0.0 0.0 -0.0 -0.0 0.4490143 -0.0 0.0 0.0 -0.32678598 -0.0 0.0 -0.0
-0.0 0.0 0.0 0.0 -0.0 0.0 -0.0 -0.0 -0.0 -0.0 -0.0 -0.0 0.4259579 -0.0 0.7520414 0.0 0.0 -0.0 0.47732237 -0.0 0.0 -0.07752483 -0.0 0.0 -0.0 0.36299706 0.0 0.0 -0.0 0.0 -0.34879613 -0.0 -0.0 -0.0 -0.0 -0.0 -0.0 -0.0 0.0 -0.0 -0.0 -0.0 -0.0 0.0 -0.0 -0.0 0.0 -0.35851964 -0.17465043 -0.0 0.0 0.0 -0.0 -0.0 0.0 -0.0 -0.36900598 0.0 -0.0 -0.0 -0.0 -0.0 0.0049229697 -0.0
0.0 0.0 0.0 0.0 -0.0 -0.0 0.0 0.0 -0.0 -0.0 0.0 -0.0 -0.0 -0.0 -0.0 0.0 -0.0 0.0 -0.0 0.0 0.0 0.0 0.0 -0.0 0.0 0.0 -0.0 0.0 0.0 -0.0 -0.0 -0.0 -0.0 -0.0 0.0 0.0 0.0 0.0 -0.0 0.0 0.0 0.0 -0.0 0.0 -0.0 -0.0 0.0 -0.0 -0.0 0.0 0.0 -0.0 -0.0 0.0 -0.0 -0.0 0.0 -0.0 -0.0 0.0 -0.0 0.0 0.0 0.0
0.0 0.0 -0.0 -0.0 0.0 -0.0 0.0 0.0 0.0 -0.0 0.0 -0.0 -0.0 -0.0 0.0 -0.0 -0.0 -0.0 -0.0 0.0 0.0 -0.0 0.0 0.0 -0.0 -0.0 0.0 -0.0 -0.0 -0.0 -0.0 -0.0 -0.0 -0.0 0.0 0.0 -0.0 -0.0 0.0 0.0 0.0 -0.0 0.0 0.0 -0.0 -0.0 0.0 -0.0 0.0 -0.0 0.0 0.0 0.0 -0.0 0.0 0.0 0.0 -0.0 0.0 0.0 -0.0 -0.0 0.0 0.0
-0.0 -0.15094554 0.0 -0.2029284 -0.0 -0.16363215 -0.0 -0.0 0.0 0.225113 -0.0 -0.0 0.0 -0.0 0.0 0.0 -0.0 -0.0 0.15831955 -0.0 0.0 0.0 -0.0 -0.0 -0.230349 0.0 -0.0 0.0 0.19397558 -0.0 -0.0 0.0 -0.0 -0.0 -0.0 0.0 0.0 -0.27030465 -0.0 -0.0 -0.0 -0.0 0.0 -0.0 -0.0 0.0 -0.0 0.0 0.0 -0.0 0.0 -0.0 -0.0 0.0 0.0 -0.0 -0.0 0.0 -0.0 0.0 0.0 0.0 -0.0 0.0
0.0 0.0 -0.0 -0.0 0.0 0.0 -0.0 -0.0 -0.0 -0.0 -0.0 -0.0 0.0 0.0 0.0 -0.0 0.0 -0.0 -0.0 -0.0 -0.0 -0.0 -0.0 0.0 -0.0 -0.0 0.0 -0.0 -0.0 -0.0 0.0 0.0 0.0 0.0 -0.0 -0.0 0.0 -0.0 0.0 0.0 -0.0 -0.0 0.0 -0.0 0.0 0.0 -0.0 0.0 -0.0 0.0 0.0 -0.0 -0.0 -0.0 -0.0 0.0 0.0 -0.0 -0.0 -0.0 -0.0 -0.0 0.0 0.0
0.0 0.27222434 0.0 -0.0 -0.0 0.0 -0.0 0.0 0.0 -0.0 0.0 0.0 -0.0 -0.44299018 0.0 0.0 0.22061919 -0.032386992 0.0 -0.0 0.0 -0.0 -0.21519133 -0.0 0.0 0.0 0.0 0.0 -0.44601223 0.0 -0.0 -0.0 0.0 0.0 0.4860539 0.0 -0.0 0.0 -0.0 -0.0 -0.0 -0.3633647 -0.0 -0.0 -0.0 0.0 -0.0 0.0 -0.0 0.0 -0.0 0.0 -0.0 -0.0 0.0 0.0 0.0 0.0 -0.0 -0.0 0.17247249 -0.0 -0.0 -0.25525686
0.0 -0.11840577 0.0 -0.0 -0.0 0.0 -0.0 -0.0 -0.0 -0.0 0.0 -0.0 0.0 0.0 -0.0 0.0 0.0673895 -0.0 -0.0 -0.0 -0.16251129 -0.0 0.0 0.0 0.0 -0.0 -0.0 0.0 0.0 -0.0 -0.0 0.0 0.1536311 -0.0 0.0 0.0 -0.121695824 0.0 -0.0 0.0 0.0 -0.0 -0.0 0.0 -0.0 0.07245713 0.0 -0.0 0.0 -0.0 -0.0 0.0 0.0 -0.0 0.0 -0.1690928 0.0 0.0 0.0 0.0 0.0 -0.0 -0.0 0.0
0.0 -0.0 -0.0 0.0 0.0 0.0 -0.0 0.0 -0.0 0.0 0.0 -0.0 -0.0 -0.0 -0.2129973 0.17264572 0.0 0.0 -0.0 -0.0 0.0 -0.12915702 -0.1864988 -0.0 0.0 0.0 -0.0 0.0 0.044637155 -0.05811973 -0.38783085 0.0 0.0 -0.06021846 0.24427405 0.0 -0.0 -0.0 -0.0 -0.0 -0.16050535 0.0 -0.0 -0.0 -0.0 0.0 0.0 0.0 0.0 -0.0 -0.07405985 0.0 -0.22853117 0.0 -0.0 -0.0 -0.0 0.0 -0.0 -0.0 -0.0 0.0 -0.0 0.0
-0.0 -0.0 0.0 -0.0 0.0 -0.0 -0.0 -0.0 -0.0 0.0 0.0 0.0 0.0 -0.0 -0.0 -0.0 0.0 0.0 0.0 -0.0 -0.0 0.0 -0.0 -0.0 0.0 0.0 0.0 -0.0 0.0 0.0 0.0 0.0 0.0 0.0 -0.0 -0.0 -0.0 -0.0 -0.0 0.0 0.0 0.0 -0.0 -0.0 -0.0 0.0 0.0 0.0 -0.0 0.0 -0.0 -0.0 0.0 0.0 0.0 -0.0 0.0 -0.0 -0.0 -0.0 0.0 0.0 0.0 -0.0
-0.0 -0.0 0.09979788 0.16953196 -0.0 0.0 0.0 -0.0 -0.0 0.21552932 -0.0 0.11432829 0.0 -0.0 0.1493865 -0.0 -0.0 -0.21084356 0.045358907 0.0 0.0 -0.0 -0.0 -0.0 -0.0 0.0 0.0 -0.0 -0.0 0.0 -0.0 -0.0 -0.0 -0.0 0.0 0.0 0.0 0.15085684 -0.0 -0.0 -0.0 -0.0 0.0 -0.0 -0.0 -0.0 -0.0 0.14783771 -0.0 -0.0 -0.0 -0.0 -0.0 0.112773426 -0.0 0.0 0.0 -0.0 0.0 -0.13373636 0.0 -0.0 0.0 -0.0
-0.0 -0.0 -0.0 0.0 -0.0 -0.0 0.0 -0.0 0.0 0.0 -0.0 0.0 -0.40997803 0.0 -0.24457876 -0.0 -0.0 -0.0 0.0 -0.0 -0.0 0.0 -0.0 -0.0 0.33027264 0.0 -0.0 0.0 0.0 -0.0 0.0 -0.25075355 -0.22189929 0.0 0.0 0.30291125 0.0 0.0 -0.16467515 0.0 -0.0 -0.0 0.0 0.0 0.24932073 -0.0 -0.0 -0.0 0.43765485 0.0 -0.0 0.0 -0.0 -0.0 0.0 -0.0 -0.0 -0.17566983 0.0 -0.0 0.0 0.17352527 -0.0 -0.0
0.0 -0.0 0.0 0.0 0.0 0.0 -0.0 -0.0 0.0 -0.0 -0.0 0.0 -0.0 -0.0 -0.0 0.0 -0.0 0.0 -0.0 -0.0 -0.0 -0.0 -0.0 -0.0 -0.0 -0.0 -0.0 -0.0 -0.0 0.0 -0.0 -0.0 -0.0 -0.0 -0.0 0.0 -0.0 -0.0 0.0 -0.0 0.0 0.0 -0.0 -0.0 -0.0 0.0 -0.0 0.0 0.0 0.0 -0.0 -0.0 -0.0 -0.0 -0.0 -0.0 -0.0 -0.0 -0.0 -0.0 0.0 -0.0 -0.0 0.0
0.0 -0.0 0.0 -0.0 0.0 -0.0 -0.0 -0.0 0.0 0.0 -0.0 0.0 -0.0 0.0 0.0 -0.0 0.0 0.0 0.0 -0.0 0.0 0.0 -0.0 -0.0 0.0 0.0 0.0 -0.0 0.0 0.0 -0.0 -0.0 -0.0 -0.0 -0.0 0.0 0.0 0.0 -0.0 -0.0 -0.0 0.0 0.0 0.0 0.0 0.0 0.0 -0.0 0.0 -0.0 -0.0 -0.0 -0.0 0.0 0.0 0.0 0.0 0.0 0.0 0.0 -0.0 0.0 -0.0 0.0
0.0 0.0 -0.0 -0.0 -0.0 0.0 0.0 -0.0 0.0 -0.0 -0.0 -0.0 -0.0 -0.0 -0.0 -0.0 0.0 -0.0 0.0 0.0 -0.0 -0.0 0.0 -0.0 -0.0 0.0 0.0 0.0 0.0 -0.0 0.0 -0.0 -0.0 -0.0 0.0 -0.0 -0.0 0.0 0.0 0.0 -0.0 -0.0 0.0 -0.0 0.0 -0.0 0.0 0.0 -0.0 -0.0 -0.0 0.0 0.0 0.0 0.0 0.0 0.0 -0.0 0.0 0.0 -0.0 -0.0 0.0 -0.0
-0.0 0.0 0.0 -0.0 -0.21823752 -0.17555001 0.0 -0.08902253 -0.0 0.3162472 -0.0 0.0804559 0.0 0.15897028 -0.0066330717 -0.0 -0.0 0.16023692 -0.0 -0.0 0.0 0.37411654 -0.0 0.0 0.0 0.0 0.0 -0.20016709 0.0 -0.1713558 -0.29130653 0.0 -0.0 -0.0 -0.20443785 -0.0 0.0 -0.2413269 -0.0 -0.0 0.0 0.29327613 0.0 -0.0 -0.057591815 -0.0 0.0 -0.0 -0.0 0.0 -0.0 0.0 -0.0 -0.14233084 -0.17658634 -0.0 -0.2853917 0.0 0.0 -0.0 -0.0 -0.0 -0.0 -0.0
0.0 -0.0 -0.0 0.0 0.0 -0.0 -0.0 0.0 0.0 0.0 0.0 0.0 0.0 -0.0 0.0 0.0 -0.0 -0.0 0.0 -0.0 -0.0 -0.0 0.0 -0.0 0.0 0.0 -0.0 -0.0 -0.0 -0.0 0.0 -0.0 -0.0 0.0 -0.0 -0.0 -0.0 -0.0 -0.0 -0.0 0.0 -0.0 -0.0 -0.0 0.0 0.0 0.0 -0.0 0.0 0.0 -0.0 0.0 -0.0 -0.0 0.0 -0.0 0.0 0.0 0.0 0.0 0.0 0.0 -0.0 -0.0
0.0 -0.0 -0.0 0.0 -0.0 -0.0 0.0 -0.0 -0.0 -0.0 0.0 0.0 -0.0 -0.0 -0.0 0.0 0.0 0.0 -0.0858663 -0.0 -0.0 0.0 0.09106132 0.0 0.0 -0.11039911 -0.0 -0.0 -0.0 0.0 0.0 0.0 -0.0 0.0 -0.08205597 0.0 -0.16028735 -0.20432396 -0.10479659 -0.0 0.0 0.0 -0.12791805 -0.0 0.0 0.0 0.0 0.0 0.0 -0.0 -0.0 0.0 -0.0 -0.0 -0.0 0.0 0.0 0.0 -0.095869616 0.0 -0.0 0.0 -0.0 0.0
-0.0 0.0 -0.0 -0.0 -0.39974612 -0.0 0.0 -0.14936766 -0.0 0.0 0.0 0.0 0.0 -0.0 -0.31192413 -0.0 0.20607603 0.28186533 0.0 -0.0 0.0 -0.0 0.0 0.0 0.0 -0.0 -0.2092464 -0.28544375 -0.44675115 0.0 0.0 0.0 0.0 -0.0 -0.0 0.0 0.0 0.62395096 -0.0 0.0 -0.0 -0.0 -0.0 -0.3736122 -0.0 -0.0 -0.0 -0.0 0.28204826 -0.0 0.0 0.6808434 0.3899823 0.355717 -0.0 -0.0 -0.32370117 0.0 0.0 -0.0 0.0 0.0 -0.0 -0.0
-0.0 -0.0 0.0 -0.0 0.0 -0.0 -0.0 -0.16751193 0.0 -0.0 -0.35607573 -0.0 -0.0 -0.0 0.0 -0.0 -0.0 0.0 -0.0 0.0 0.0 0.0 0.37088585 0.0 -0.0 -0.0 -0.0 0.0 0.0 -0.0 0.89366 -0.0 -0.2604875 -0.2146465 0.0 -0.0 0.0 0.0 0.0 -0.0 -0.0 0.29959825 -0.0 0.0 -0.0 -0.0 0.0 -0.0 -0.0 -0.0 -0.0 0.0 0.49951646 -0.0 -0.0 0.0 0.0 0.0 -0.0 -0.0 -0.0 0.0 -0.0 -0.0
0.0 -0.0 0.0 0.0 0.0 -0.0 -0.0 0.0 0.0 -0.0 -0.0 0.0 -0.20415889 -0.0 0.07420715 0.17350492 -0.0 0.0 -0.0 -0.0 -0.0 -0.0 0.0 -0.0 0.0 0.0 -0.0 0.0 0.0 -0.0 -0.0 -0.0 -0.0 -0.0 -0.0 -0.061504968 -0.1077621 -0.0 0.0 0.0 -0.0 -0.0 0.0 0.0 0.0 -0.0 0.0 0.15404765 -0.0 0.0 -0.0 -0.19504464 -0.0 -0.17968887 -0.0 -0.0 0.0 -0.0 0.0 0.14666457 0.0 -0.0 -0.0 0.0
0.0 0.0 0.0 0.0 0.0 0.0 0.0 0.0 -0.0 0.0 0.0 -0.0 -0.0 -0.0 -0.0 -0.0 -0.0 -0.0 0.0 0.0 0.0 0.0 0.0 0.0 -0.0 0.0 0.0 0.0 -0.0 0.0 0.0 0.0 0.0 -0.0 0.0 0.0 -0.0 0.0 -0.0 -0.0 0.0 0.0 0.0 0.0 0.0 0.0 -0.0 -0.0 0.0 0.0 0.0 -0.0 0.0 0.0 0.0 -0.0 -0.0 -0.0 -0.0 -0.0 0.0 0.0 -0.0 -0.0
0.0 0.0 0.0 -0.0 -0.0 -0.0 -0.0 -0.0 -0.0 0.0 0.0 0.0 0.0 -0.0 0.0 0.0 -0.0 0.0 -0.0 -0.0 0.0 0.0 0.0 -0.0 -0.0 0.0 -0.0 0.0 -0.0 -0.0 -0.0 0.0 -0.0 -0.0 -0.0 -0.0 0.0 0.0 -0.0 0.0 0.0 0.0 -0.0 0.0 -0.0 -0.0 -0.0 0.0 -0.0 0.0 0.0 -0.0 0.0 -0.0 -0.0 -0.0 0.0 0.0 0.0 0.0 0.0 0.0 -0.0 -0.0
-0.0 0.0 -0.2345551 -0.0 0.0 -0.21583118 0.0 0.0 0.0 -0.0 -0.0 0.0 -0.0 0.0 0.0 0.14095224 -0.0 0.0 -0.0 0.0 0.0 -0.0 0.0 -0.0 0.0 -0.0 0.0 0.0 -0.0 0.0 0.3133801 0.0 -0.0 0.0 -0.0 -0.0 0.0 0.37231404 -0.0 0.0 -0.0 -0.0 -0.0 -0.0 -0.0 -0.0 0.0 0.0 -0.0 -0.38971946 -0.0 -0.0 0.4523663 0.0 -0.0 -0.0 0.0 0.0 0.14590947 -0.0 -0.0 -0.0 -0.0 0.0
-0.0 -0.0 0.0 -0.0 0.0 0.0 -0.0 -0.0 0.0 0.0 0.0 -0.0 -0.0 -0.11578881 0.0 0.0 -0.0 -0.097343646 -0.0 0.0 -0.0 -0.16864546 -0.0 -0.0 0.0 -0.0 -0.0 0.0 0.0860061 -0.0 -0.0 -0.0 -0.0 -0.0 0.0 0.16821405 0.0 0.0 0.0 -0.15746276 0.0 -0.0 0.0 -0.0 -0.0 -0.0 -0.13787413 -0.0 -0.0 0.0 -0.0 -0.0 0.0 0.0 0.0 0.0 0.0 0.0 -0.0 0.0 -0.0 -0.0 0.0 -0.0
0.0 0.0 0.0 -0.0 -0.0 -0.0 0.0 0.0 -0.0 -0.0 -0.0 -0.0 -0.0 -0.0 0.0 -0.0 -0.0 -0.0 0.0 0.0 0.0 -0.0 0.0 0.0 -0.0 -0.0 0.0 -0.0 0.0 0.0 0.0 0.0 0.0 -0.0 -0.0 0.0 0.0 0.0 -0.0 -0.0 -0.0 0.0 -0.0 0.0 0.0 0.0 -0.0 -0.0 0.0 -0.0 0.0 -0.0 0.0 0.0 -0.0 -0.0 0.0 0.0 -0.0 0.0 -0.0 -0.0 0.0 0.0
0.0 0.0 -0.0 -0.0 -0.0 -0.0 0.0 -0.0 0.0 -0.0 0.0 -0.0 -0.0 -0.0 0.0 0.0 -0.0 0.0 -0.0 -0.0 -0.0 0.0 -0.0 0.0 0.0 0.0 -0.0 -0.0 0.0 -0.0 -0.0 0.0 0.0 0.0 -0.0 0.0 0.0 0.0 -0.0 -0.0 -0.0 0.0 -0.0 0.0 0.0 0.0 -0.0 0.0 0.0 -0.0 -0.0 -0.0 -0.0 -0.0 -0.0 -0.0 -0.0 -0.0 0.0 -0.0 0.0 0.0 0.0 0.0
-0.0 0.0 0.0 0.0 0.0 -0.0 0.0 0.0 0.0 0.0 0.0 0.0 0.0 0.0 0.0 -0.0 0.0 -0.0 0.29914707 0.0 0.104044385 0.0 -0.0 0.0 0.0 0.0 -0.0 -0.0 -0.0 -0.0 -0.0 -0.0 0.0 0.0 -0.0 0.0 0.0 0.0 0.0 -0.0 -0.0 -0.0 0.0 -0.0 -0.0 -0.0 0.0 0.0 -0.0 0.0 -0.0 -0.0 0.0 -0.0 0.0 0.0 0.0 0.0 0.0 -0.43508765 0.0 0.0 0.0 -0.0
0.0 -0.0 -0.0 -0.0 -0.0 -0.0 0.0 -0.0 -0.0 -0.0 0.0 0.0 -0.04988888 -0.0 0.0 0.0 0.0 -0.0 0.0 0.0 -0.0 0.0 -0.0 -0.0 0.0 -0.0 -0.0 -0.0 0.0 -0.0 0.0 -0.0 -0.12650284 -0.0 -0.0 0.0 -0.0 -0.0 0.12629884 -0.0 0.0 0.0 -0.10537864 -0.0 -0.09538485 0.0 0.0 -0.0 0.0 0.0 0.0 0.0 -0.0 0.0 -0.0 0.0 -0.0 0.0 -0.0 0.0 -0.0 0.0 -0.0 -0.0
0.0 -0.0 0.0 -0.0 -0.0 0.0 0.0 -0.0 0.0 -0.0 0.0 0.0 -0.0 -0.090658434 0.0 -0.0 -0.0 -0.0 -0.0 0.0 -0.0 -0.0 0.0 0.0 -0.0 -0.0 -0.0 -0.0 -0.0 0.0 0.0 0.0 0.0 -0.0 0.0 0.0 0.0 0.0 0.0 -0.0 -0.0 -0.0 0.0 0.0 0.0 -0.0 -0.0 0.0 -0.0 0.0 -0.0 -0.0 0.0 0.0 0.0 -0.0 0.0 -0.0 -0.0 0.0 0.0 -0.0 -0.0 0.0
0.0 0.0 0.0 -0.0 -0.0 -0.0 0.0 0.0 -0.0 -0.0 0.0 -0.0 -0.0 -0.0 -0.0 0.0 -0.0 0.0 0.0 -0.0 0.0 0.0 0.0 -0.0 -0.0 -0.0 0.0 -0.0 -0.0 0.0 -0.0 0.0 -0.0 0.0 0.0 -0.0 -0.0 0.0 0.0 0.0 0.0 0.0 0.0 -0.0 -0.0 0.0 -0.0 -0.0 0.0 0.0 -0.0 -0.0 -0.0 -0.0 0.0 0.0 -0.0 -0.0 0.0 -0.0 -0.0 -0.0 -0.0 -0.0
0.0 -0.0 -0.0 0.122305386 -0.0 0.0 -0.0 -0.0 -0.0 0.0 0.0 0.0 0.0 0.0 -0.30670905 0.14158066 -0.0 0.0 -0.0 0.0 -0.0 -0.0 -0.0 -0.0 -0.0 0.0 -0.09696287 -0.06887144 0.0 -0.0 -0.15912896 -0.20004898 0.11512637 0.0 0.0 -0.1935258 0.11738415 0.0 0.0 0.0 -0.0 -0.0 -0.0 0.0 0.0 0.0 -0.22007269 0.0 0.0 -0.0 -0.0 0.0 -0.0 -0.0 -0.0 -0.106212385 0.0 -0.0 0.0 0.0 -0.0 -0.0 -0.0 0.0
0.0 -0.0 0.0 -0.0 -0.0 0.0 -0.0 0.0 -0.0 -0.0 0.0 -0.0 0.0 -0.0 -0.0 0.0 0.0 0.0 -0.0 0.0 0.0 -0.0 0.0 -0.0 0.0 0.0 -0.0 -0.0 0.0 0.0 -0.0 0.0 0.0 -0.0 0.0 -0.0 -0.0 0.0 0.0 -0.0 -0.0 -0.0 0.0 -0.0 -0.0 -0.0 -0.0 0.0 -0.0 -0.0 -0.0 -0.0 -0.0 -0.0 0.0 -0.0 -0.0 0.0 -0.0 0.0 -0.0 -0.0 0.0 0.0
0.0 -0.0 0.0 0.0 0.0 -0.0 -0.0 -0.0 0.0 0.0 -0.0 0.0 0.0 0.0 0.0 0.0 -0.0 0.0 -0.0 -0.0 0.0 0.0 -0.0 0.0 -0.0 -0.0 -0.0 0.0 -0.0 -0.0 -0.0 0.0 0.0 -0.0 -0.0 -0.0 0.0 -0.0 0.0 -0.0 -0.0 0.0 -0.0 0.0 -0.0 0.0 -0.0 -0.0 -0.0 0.0 0.0 -0.0 -0.0 0.0 -0.0 -0.0 0.0 0.0 -0.0 0.0 0.0 -0.0 0.0 0.0
-0.0 -0.0 0.0 0.0 -0.0 -0.0 0.75763667 0.0 0.0 -0.0 -0.0 -0.0 -0.0 -0.0 -0.0 0.0 -0.0 -0.0 0.0 0.0 -0.0 -0.0 0.0 -0.47815982 -0.32887667 -0.0 0.0 0.0 -0.0 -0.0 0.0 0.2785436 -0.18914272 -0.0 0.0 0.2759969 0.0 -0.0 0.0 -0.0 -0.21963057 -0.0 -0.0 -0.0 0.0 0.0 0.41887113 0.0 -0.21477991 -0.0 -0.0 -0.0 -0.0 -0.0 0.0 -0.0 -0.0 -0.0 -0.0 0.0 -0.0 -0.44191763 0.3477323 -0.5778579
0.0 -0.0 -0.0 -0.0 -0.0 0.0 -0.0 0.0 -0.0 -0.03182725 -0.0 0.07901837 -0.0 -0.0 0.0 0.0 -0.0 -0.27928805 0.0 0.0 -0.0 -0.0 -0.0 0.0 -0.0 0.0 0.0 -0.0 -0.07655125 0.0 -0.0 -0.06514863 -0.0 0.0 0.0 -0.0 -0.0 -0.0 -0.0 -0.0 0.0 -0.0 -0.0 -0.09516174 0.0 -0.0 0.0 -0.0 -0.0 -0.0 0.0 -0.0 0.049796246 0.0 0.0 0.0 0.0 -0.0 -0.0 -0.0 -0.0 -0.08708557 -0.0 0.0
-0.0 -0.0 -0.41430247 0.0 0.2791165 -0.0 0.0 0.0 -0.0 -0.0 0.0 -0.0 -0.0 0.0 -0.0 0.0 -0.0 0.47398904 -0.0 -0.0 -0.0 -0.562139 -0.0 -0.0 0.0 -0.0 0.68317235 0.0 0.0 -0.0 0.0 0.0 -0.0 0.0 0.0 0.0 0.0 0.0 0.0 0.0 0.0 0.0 0.0 0.0 -0.0 0.0 -0.0 -0.0 -0.0 -0.33579856 0.0 0.0 -0.0 0.0 -0.0 0.0 0.0 0.0 0.0 -0.0 -0.0 -0.0 0.0 -0.0
0.0 -0.0 -0.0 -0.0 -0.13453348 -0.19592567 -0.0 0.0 -0.0 0.0 -0.0 -0.0 -0.0 0.0 0.30863872 -0.4960802 0.0 -0.0 0.0 -0.0 -0.0 -0.0 -0.0 0.0 0.0 -0.0 0.0 0.0 0.0 0.0 -0.0 0.0 0.0 0.0 0.0 0.0 -0.0 0.0 -0.0 0.0 0.0 -0.0 -0.0 -0.0 -0.0 0.0 0.0 0.72446406 0.0 -0.0 -0.0 0.0 -0.0 0.0 0.0 0.0 0.15171246 0.0 -0.0 0.0 -0.0 0.0 -0.0 -0.2717222
0.0 -0.0 -0.0 -0.0 0.0 -0.0 0.0 0.0 0.0 -0.0 0.0 0.0 -0.0 0.0 0.0 -0.0 -0.0 0.0 0.0 -0.0 0.0 0.0 0.0 0.0 0.0 0.0 -0.0 0.0 0.0 -0.0 0.0 0.0 -0.0 0.0 0.0 0.0 0.0 0.0 0.0 0.0 -0.0 -0.0 -0.0 0.0 -0.0 0.0 -0.0 0.0 0.0 0.0 -0.0 -0.0 0.0 -0.0 -0.0 0.0 0.0 -0.0 0.0 -0.0 0.0 0.0 0.0 0.0
-0.0 0.13314398 0.0 -0.0 -0.0 -0.0 -0.0 -0.0 0.0 0.0 -0.0 -0.0 0.0 -0.0 -0.0 0.0 -0.46638665 -0.0 0.0 0.0 0.0 -0.0 0.22548757 -0.0 -0.3850893 0.0 -0.5001125 0.0 0.0 0.51154196 -0.19331662 0.0 -0.0 -0.0 0.0 -0.0 0.0 -0.0 -0.0 -0.0 0.0 0.0 -0.0 0.0 -0.0 -0.0 0.0 -0.0 -0.0 0.3814268 -0.0 -0.30486217 0.0 -0.16043277 0.0 -0.0 -0.0 -0.0 -0.0 -0.0 0.0 0.0 -0.0 0.0
-0.0 0.0 0.0 0.0 0.0 0.0 -0.0 0.0 -0.0 -0.0 0.0 -0.0 0.0 -0.0 0.0 -0.0 0.0 0.0 0.0 0.0 0.0 -0.0 0.0 0.0 -0.0 0.0 0.0 -0.0 -0.0 0.0 0.0 0.0 0.0 -0.0 -0.0 -0.0 -0.0 0.0 -0.0 0.0 0.0 -0.0 -0.0 0.0 0.0 -0.0 0.0 0.0 -0.0 -0.0 0.0 -0.0 0.0 -0.0 0.0 -0.0 -0.0 0.0 0.0 0.0 0.0 -0.0 -0.0 -0.0
0.0 -0.0 -0.0 -0.0 -0.0 -0.0 0.0 -0.0 -0.0 0.0 0.0 -0.0 0.0 -0.0 0.0 0.0 -0.09958852 -0.0 0.0 -0.0 -0.0 -0.06400999 -0.0 0.0 0.0 0.0 -0.0 -0.0 0.0 -0.0 -0.0 -0.0 0.0 -0.0 -0.0 0.0 0.0 -0.049070895 -0.0 0.0 0.0 -0.02401108 -0.0 -0.0 0.0 0.08044539 -0.0 0.0 0.0 -0.0 -0.03773625 -0.0 -0.0 -0.0 -0.0 0.0 0.0 0.0 -0.04506927 0.05298778 -0.044146452 -0.0 0.0 -0.0
-0.0 -0.0 0.0 -0.0 -0.0 0.0 0.0 0.0 0.0 0.0 -0.0 -0.0 -0.0 -0.0 -0.0 -0.0 -0.0 -0.0 -0.0 -0.0 0.0 -0.0 -0.0 0.0 -0.0 0.0 -0.0 -0.0 0.0 -0.0 -0.0 -0.0 -0.0 -0.0 0.0 0.0 -0.0 -0.0 0.0 -0.0 0.0 -0.0 -0.0 -0.0 -0.0 0.0 -0.0 -0.0 0.0 0.0 0.0 0.0 -0.0 -0.0 -0.0 0.0 -0.0 0.0 0.0 -0.0 -0.0 0.0 0.0 0.0
-0.0 0.0 0.0 0.0 -0.0 -0.0 0.0 0.0 -0.0 0.0 0.0 -0.0 -0.0 0.0 0.33769047 0.0 -0.0 0.0 0.0 0.0 -0.0 0.0 0.0 0.0 -0.0 0.0 0.0 0.0 0.0 0.0 0.0 -0.0 0.0 -0.0 -0.13593087 0.0 -0.0 0.0 -0.0 -0.0 -0.0 0.0 -0.0 0.0 0.0 -0.0 0.0 -0.0 -0.0 -0.0 -0.0 0.0 0.0 -0.0 -0.0 0.0 -0.0 0.25289598 -0.0 0.0 0.0 -0.0 0.22832444 -0.0
-0.0 0.0 0.0 -0.0 -0.0 -0.0 -0.0 -0.0 -0.0 -0.30132952 0.0 -0.0 0.40995967 -0.0 0.0 -0.0 -0.0 0.0 0.0 0.0 0.0 -0.0 -0.0 0.0 -0.0 0.0 -0.0 -0.0 0.0 -0.0 -0.0 -0.0 0.0 -0.0 -0.0 0.45506993 0.0 0.0 -0.0 -0.0 -0.0 -0.0 0.0 -0.16825075 -0.0 -0.0 -0.0 -0.0 0.35307655 -0.0 -0.0 0.0 -0.0 -0.0 0.0 -0.0 -0.0 0.0 0.0 0.0 0.0 0.0 -0.0 -0.0
-0.0 -0.17349136 0.0 -0.0 0.0 -0.096744046 0.0 -0.0 0.0 0.07619613 0.0 0.0 0.0 0.0 -0.0 -0.0 -0.0 -0.0 0.0 0.0 0.0 0.0 -0.0 0.020890884 -0.0 0.0 0.0 -0.0 0.0 0.0 -0.0 0.0 0.0 0.0 -0.0 0.0 0.0 -0.0 -0.0 -0.0 0.0 -0.0 0.0 -0.0 -0.0 -0.0 -0.0 0.0 0.0 0.0 0.0 -0.0 -0.0 -0.0 0.0 0.0 0.10246956 0.0 -0.0 -0.108721085 0.0 -0.0 0.0 -0.0
-0.0 -0.44490626 0.30564815 0.0 -0.41206315 -0.0 -0.0 0.14450185 -0.0 -0.0 -0.0 0.0 -0.0 0.0 0.0 -0.37141445 -0.0 0.0 -0.0 -0.0 0.0 -0.0 0.5245208 0.0 -0.0 0.0 0.28166595 -0.0 0.0 -0.0 -0.0 -0.0 -0.0 -0.33849955 0.3606344 0.0 -0.0 0.0 -0.0 -0.0 -0.0 -0.0 -0.0 -0.0 -0.0 -0.0 0.0 -0.0 0.0 -0.24976534 0.0 -0.3143792 0.0 -0.5927878 -0.4082147 0.36148268 0.0 0.0 0.25151247 -0.0 -0.0 -0.0 0.0 0.0
0.0 0.0 0.0 0.0 0.0 -0.058859006 0.0 0.0 0.0 -0.0 0.0 0.0 0.14720805 0.0 0.28135478 0.24071163 -0.0 0.0 -0.173665 0.0 -0.0 0.0 -0.0 0.0 -0.13311848 0.24111645 0.0 0.0 -0.0 0.0 -0.0 0.0 0.0 0.0 -0.13259706 -0.0 -0.23292285 0.0 0.0 -0.0 0.0 -0.0 0.092991024 0.0 0.0 -0.0 -0.043085057 0.0 -0.0 0.0 0.0 -0.0 -0.17291881 0.0 0.05183704 0.0 0.0 -0.11577628 -0.0 0.119342364 -0.0 0.0 -0.19517665 0.0
0.0 0.0 0.0 0.0 -0.0 -0.0 -0.0 0.17799202 0.0 -0.0 0.0 -0.0 -0.0 0.0 0.42096162 0.0 -0.0 0.0 -0.0 0.0 0.0 -0.0 0.26129436 0.0 0.0 0.0 0.15236607 0.0 0.0 0.18615481 0.34674034 -0.0 -0.0 0.0 -0.44180602 -0.0 -0.0 0.0 0.0 0.0 0.18099597 -0.0 0.0 0.0 0.0 0.0 0.0 0.21270517 -0.0 0.31837273 0.18725647 0.26629308 -0.0 0.0 0.0 -0.0 -0.0 -0.0 0.0 0.0 0.0 0.0 0.11666726 0.0
0.0 -0.0 0.0 -0.27343026 -0.0 -0.0 -0.0 -0.0 0.0 -0.0 -0.0 -0.0 -0.0 -0.0 0.0 0.0 0.39878464 -0.0 0.0 -0.0 -0.0 0.0 -0.46576214 -0.0 -0.0 -0.0 0.0 -0.0 0.0 0.0 -0.0 -0.0 -0.0 -0.0 -0.0 -0.0 -0.0 0.0 -0.0 -0.0 0.0 -0.0 -0.4939691 -0.0 -0.0 0.0 0.0 0.0 -0.0 -0.0 0.38786831 -0.0 -0.0 -0.0 -0.0 0.0 -0.0 0.0 -0.15014866 -0.0 -0.5429911 -0.0 -0.0 -0.0
-0.0 -0.0 -0.15574929 0.0 0.0 0.0 0.0 -0.12119908 -0.0 0.0 0.0 0.0 -0.0 0.23835926 0.0 0.0 0.0 -0.0 -0.0 0.0 -0.0 -0.0 -0.0 0.0 -0.0 -0.0 -0.48160172 0.0 0.0 -0.2812814 -0.0 -0.0 0.0 -0.3579892 -0.0 -0.0 0.0 -0.45331576 -0.0 0.0 0.0 0.17993392 -0.0 -0.0 -0.0 0.0 0.0 0.0 0.0 0.20000532 -0.20657684 0.23672003 -0.0 -0.22484298 -0.0 -0.0 0.0 -0.0 0.0 -0.0 0.0 -0.0 0.0 -0.0
-0.0 -0.0 -0.0 0.0 -0.0 -0.0 -0.5675631 -0.0 0.0 0.0 -0.31747153 0.0 -0.54935086 -0.0 0.35694507 -0.3957954 -0.0 -0.0 -0.42656565 -0.0 0.0 -0.0 -0.0 -0.53782636 0.0 -0.0 -0.0 0.0 0.0 -0.0 -0.0 0.3488545 -0.0 -0.0 -0.31809148 -0.0 0.0 0.0 0.0 -0.12508522 -0.5057262 -0.0 -0.0 -0.0 -0.0 -0.0 0.47236544 -0.34466773 0.17753452 -0.0 0.0 -0.0 0.0 0.0 -0.0 -0.0 -0.0 0.0 -0.0 -0.0 -0.0 -0.56227577 0.0 -0.0
-0.0 -0.0 0.0 -0.0 -0.0 -0.0 0.0 0.0 0.0 0.0 -0.0 -0.0 -0.0 -0.0 0.0 -0.0 0.0 -0.0 0.0 0.0 -0.0 0.0 0.0 0.0 -0.0 0.0 -0.0 0.0 0.0 -0.0 0.0 -0.0 -0.0 -0.0 -0.0 -0.0 0.0 -0.0 -0.0 0.0 -0.0 -0.0 -0.0 0.0 0.19425543 0.0 0.0 -0.0 -0.0 -0.0 0.0 -0.0 -0.0 -0.0 -0.0 -0.0 -0.0 -0.0 -0.0 0.0 -0.0 0.0 -0.0 -0.0
0.0 0.0 -0.0 0.0 0.0 -0.0 0.0 -0.0 -0.0 0.0 0.0 0.0 -0.0 0.0 -0.0 -0.0 0.0 0.0 -0.0 0.0 -0.0 0.0 -0.0 0.0 0.0 -0.0 0.0 -0.0 -0.0 -0.0 0.0 0.0 -0.0 0.0 -0.0 0.0 0.0 -0.0 0.0 -0.0 -0.0 -0.0 -0.0 -0.0 -0.0 -0.0 -0.0 -0.0 0.0 0.0 -0.0 0.0 0.0 0.0 -0.0 -0.0 -0.0 -0.0 0.0 -0.0 0.0 0.0 -0.0 0.0
-0.0 0.0 -0.0 -0.0 0.0 0.0 -0.0 0.0 0.0 0.0 0.0 -0.0 -0.0 0.0 -0.0 0.0 0.0 -0.0 0.066096306 -0.0 -0.0 0.0 0.0 -0.0 -0.0 -0.0 0.0 0.0 0.0 0.0 0.0 -0.0 -0.0 -0.0 0.0 -0.0 0.0 0.0 0.0 0.0 0.0 0.0 -0.0 -0.0 0.0 -0.0 0.0 -0.0 0.0 -0.0 -0.0 -0.0 -0.0 -0.0 -0.0 0.0 -0.0 -0.0 0.0 -0.06504336 -0.0 0.0 -0.04324208 -0.05708452
0.0 0.0 -0.0 -0.0 0.0 0.0 0.0 0.0 0.0 -0.0 -0.0 0.0 -0.0 0.0 -0.0 0.0 0.0 -0.0 -0.0 -0.0 -0.0 0.0 -0.0 -0.0 -0.0 -0.0 -0.0 -0.0 -0.0 -0.0 -0.0 0.0 -0.0 -0.0 0.0 0.0 -0.0 -0.0 -0.0 -0.0 -0.0 -0.0 0.0 -0.0 0.0 0.0 -0.0 -0.0 0.0 -0.0 -0.0 0.0 -0.0 -0.0 -0.0 -0.0 -0.0 -0.0 0.0 0.0 0.0 -0.0 -0.0 0.0
-0.0 -0.0 -0.0 -0.0 0.0 -0.0 -0.0 0.0 -0.0 -0.0 0.0 -0.0 0.0 0.0 0.0 -0.0 0.0 0.0 0.0 0.0 0.0 0.0 -0.0 0.0 -0.0 -0.0 -0.0 0.0 -0.0 0.0 0.0 0.0 0.0 0.0 0.0 -0.0 -0.0 0.0 -0.0 0.0 -0.0 0.0 -0.0 -0.0 -0.0 -0.0 -0.0 0.0 -0.0 -0.0 -0.0 0.0 0.0 -0.0 -0.0 0.0 -0.0 -0.0 -0.0 -0.0 0.0 -0.0 0.0 -0.0
0.0 0.0 -0.0 -0.0 -0.0 -0.0 -0.0 -0.0 -0.0 0.0 0.0 -0.0 -0.0 0.0 -0.0 -0.0 -0.0 0.0 0.45790058 -0.0 -0.0 -0.0 -0.0 -0.0 0.0 0.0 0.0 -0.0 0.0 0.0 0.0 -0.0 0.0 -0.0 -0.0 -0.0 -0.0 -0.0 -0.0 0.0 -0.0 0.0 0.0 -0.0 -0.0 -0.0 0.0 -0.0 -0.21555689 -0.0 -0.0 -0.0 -0.0 0.0 0.0 0.0 0.0 0.0 -0.0 -0.0 -0.0 -0.0 0.0 -0.66091615
-0.0 0.0 0.0 0.0 -0.0 0.0 0.0 -0.0 -0.0 -0.0 0.0 0.0 -0.0 -0.0 0.0 0.0 -0.0 0.0 0.0 0.0 -0.0 -0.0 0.0 -0.0 0.0 0.0 -0.0 -0.0 0.0 -0.0 0.0 -0.0 -0.0 0.0 -0.0 0.0 0.0 -0.0 -0.0 0.0 -0.0 -0.0 -0.0 0.0 0.0 -0.0 -0.0 0.0 0.0 -0.0 0.0 -0.0 -0.0 0.0 0.0 -0.0 -0.0 -0.0 -0.0 0.0 0.0 -0.0 0.0 0.0
0.0 0.27504423 -0.0 -0.0 -0.0 0.0 -0.009417544 -0.0 0.0 0.0 -0.0 0.0 -0.0 0.0 -0.28049362 0.0 0.22754334 0.0 -0.28042588 -0.0 -0.0 -0.0 0.0 -0.0 -0.0 0.0 0.0 -0.0 0.0 0.0 0.3002526 -0.0 -0.0 -0.0 0.15378524 -0.0 0.0 -0.0 -0.0 0.0 -0.0 -0.0 -0.20459156 -0.0 0.0 -0.10177614 -0.0 0.33769178 -0.0 0.0 0.0 -0.0 0.49013838 0.0 -0.0 0.0 0.0 -0.0 0.0 0.0 -0.0 -0.15741046 -0.13045362 0.30021545
0.0 -0.0 -0.0 -0.0 -0.0 0.0 -0.0 -0.2303014 0.0 -0.0 -0.32125142 0.0 -0.0 0.0 0.0 0.0 -0.0 -0.0 -0.0 -0.0 -0.0 0.0 -0.0 0.0 -0.28224057 -0.0 -0.0 0.0 -0.0 0.0 -0.0 0.3888605 -0.36935583 -0.0 0.21895905 0.0 -0.0 -0.0 0.0 -0.31285515 -0.0 -0.0 -0.0 0.0 0.0 0.0 0.0 0.0 -0.0 0.0 -0.0 -0.0 0.0 -0.0 -0.0 -0.0 -0.0 -0.18169944 0.0 0.0 0.0 0.30138806 -0.0 0.0
0.0 0.44214186 -0.0 -0.0 0.5008996 -0.0 0.0 0.0 0.0 0.0 -0.0 0.0 0.0 -0.0 -0.0 0.23305549 0.0 -0.0 0.0 -0.0 0.0 -0.0 -0.1763209 0.0 0.0 -0.0 0.23295958 -0.13513589 -0.0 -0.0 0.0 0.0 -0.0 -0.0 -0.0 -0.0 0.0 -0.0 -0.0 -0.0 -0.0 0.0 -0.0 -0.0 -0.0 -0.28117186 0.0 -0.22378986 -0.0 0.28270704 0.0 -0.0 -0.0 0.0 -0.0 0.53808343 -0.22044596 -0.0 0.0 -0.0 -0.0 0.0 -0.0 -0.0
0.0 0.0 -0.0 0.0 0.0 -0.0 0.0 -0.0 0.0 -0.0 -0.0 -0.0 -0.0 0.0 0.26145905 -0.0 0.0 -0.0 -0.0 -0.0 0.4359826 -0.0 -0.0 -0.0 0.0 0.06284982 -0.0 -0.0 0.0 -0.21783805 -0.0 -0.0 -0.0 -0.0 0.0 -0.15555847 -0.0 0.21478502 0.0 0.0 -0.0 -0.0 -0.0 0.0 0.0 -0.0 -0.0 -0.0 -0.0 0.0 0.134274 0.0 -0.14263 -0.096439876 -0.09085973 0.19670089 0.0 -0.0 0.34157553 -0.0 -0.0 0.0 -0.0 -0.0
-0.0 0.0 -0.0 -0.0 -0.0 0.40584323 -0.0 -0.0 -0.0 -0.0 -0.0 0.0 0.0 0.0 -0.0 0.0 0.5904561 -0.0 0.0 -0.0 -0.0 -0.0 -0.0 -0.17186098 -0.0 0.0 -0.0 0.0 0.0 0.0 -0.0 -0.0 -0.0 0.0 0.8511958 0.0 0.0 -0.0 -0.0 -0.0 -0.0 0.0 -0.0 -0.0 -0.0 -0.0 0.0 -0.0 -0.0 -0.0 -0.0 -0.0 0.0 -0.0 0.0 -0.0 -0.0 -0.0 0.0 -0.0 0.0 -0.0 -0.0 0.0
-0.0 0.0 0.0 -0.0 -0.0 -0.0 0.0 0.0 0.0 0.0 -0.0 0.0 0.0 0.0 -0.0 -0.0 -0.0 0.0 0.0 -0.0 0.0 -0.0 -0.0 -0.0 0.0 0.0 0.0 -0.0 0.0 -0.0 -0.0 -0.0 0.0 0.0 -0.0 -0.0 0.17636085 0.0 -0.0 0.0 -0.0 0.0 0.0 -0.0 -0.0 0.0 -0.0 -0.0 -0.0 0.0 -0.0 0.0 -0.0 0.0 -0.0 0.0 0.21413289 -0.0 -0.0 -0.0 0.0 -0.0 -0.0 0.0
-0.0 -0.0 -0.0 -0.0 -0.0 0.0 0.0 0.0 0.0 -0.0 0.0 0.0 0.0 0.0 0.0 0.0 -0.0 -0.0 0.57813895 0.0 0.0 0.0 0.0 0.0 -0.0 -0.0 0.0 -0.0 -0.0 0.0 0.0 -0.0 -0.0 0.0 -0.0 0.0 0.0 0.0 -0.0 0.0 -0.0 0.0 0.0 -0.0 -0.0 0.0 -0.0 0.0 -0.0 0.0 0.0 -0.0 -0.0 0.0 0.0 0.0 -0.0 0.0 -0.0 -0.0 -0.0 -0.0 0.0 0.0
-0.0 0.0 -0.0 -0.19974753 0.15157306 -0.0 0.0 -0.1407735 0.0 -0.110860616 -0.0 -0.0 -0.0 0.0 0.0 0.0 0.0 -0.0 0.0 -0.0 0.0 0.0 -0.25494495 0.0 -0.0 -0.0 0.0 0.0 0.0 -0.0 0.0 -0.23321259 -0.0 -0.0 -0.0 -0.0 -0.0 -0.0 -0.0 -0.0 -0.0 -0.0 0.0 0.0 0.0 -0.0 0.0 -0.0 -0.0 -0.0 0.0 -0.0 -0.0 -0.0 0.0 -0.24042188 -0.0 -0.3330614 0.0 -0.0 -0.0 -0.0 0.0 0.0
-0.0 -0.0 -0.0 -0.0 0.0 -0.0 0.0 0.0 -0.0 0.0 0.0 -0.0 -0.0 0.0 -0.61356837 0.0 0.13636133 0.0 -0.0 -0.0 0.0 0.0 -0.34424657 -0.0 0.0 -0.0 -0.0 -0.0 0.0 -0.0 -0.63333076 0.0 -0.0 -0.0 0.55396336 0.0 0.0 -0.0 -0.0 -0.0 0.0 0.0 -0.2529598 -0.0 -0.0 -0.0 0.0 0.0 -0.0 -0.0 0.0 0.0 -0.0 -0.0 -0.0 -0.0 -0.0 0.0 0.0 -0.5364911 -0.0 -0.0 -0.0 -0.0
0.0 0.0 -0.0 0.0 -0.22810243 0.27231598 0.0 0.0 -0.0 -0.0 -0.0 -0.0 -0.0 0.0 0.0 0.0 -0.44038987 -0.0 -0.0 -0.0 -0.0 -0.0 0.20437592 0.0 -0.0 0.0 -0.30636668 0.2126452 0.0 -0.13866647 -0.0 -0.0 0.0 0.24694206 0.26561657 0.0 0.0 -0.2605787 -0.0 -0.0 -0.0 0.0 -0.0 0.0 0.0 -0.0 0.0 -0.0 -0.0 0.4423868 -0.0 0.2609754 0.0 -0.0 -0.3320654 -0.0 0.28039947 -0.0 0.271081 -0.0 0.3712907 -0.078453325 -0.0 -0.0
-0.0 -0.0 -0.0 0.0 0.0 0.0 0.0 -0.0 -0.0 0.0 0.0 0.0 0.0 0.0 -0.274177 0.0 0.0 0.115545265 -0.08680553 0.0 -0.0 -0.0 -0.0 -0.0 0.0 -0.114044525 -0.0 -0.0 0.0 -0.0 -0.0 0.0 0.0 0.0 0.09718877 0.0 0.0 -0.0 0.0 0.0 0.0 -0.0 -0.0 0.0 -0.0 0.0 0.0 -0.0 0.0 -0.0 -0.072459385 -0.0 0.0 -0.14675717 -0.09841404 -0.0 0.0 0.0 -0.0 -0.14836279 -0.0 -0.0 -0.15869305 0.0
0.11055485 -0.0 -0.0 -0.0 -0.0 0.0 -0.24171501 0.0 -0.0 -0.0 0.0 0.0 0.66936415 0.0 0.0 -0.0 0.0 -0.0 -0.3519657 -0.0 0.0 0.0 -0.0 0.25909266 -0.0 0.0 -0.0 0.0 -0.0 -0.0 -0.0 -0.0 -0.0 0.0 0.0 -0.0 0.0 0.0 0.0 -0.0 -0.24948874 -0.0 0.0 0.0 -0.44338092 -0.0 -0.0 0.0 -0.0 -0.0 -0.0 -0.0 0.0 0.0 -0.0 -0.0 -0.0 -0.0 0.0 0.0 -0.0 -0.0 0.36792016 0.0
0.0 0.0 0.0 -0.0 -0.0 -0.0 0.0 0.0 0.0 0.0 -0.0 -0.0 -0.0 0.0 -0.0 0.0 0.0 0.0 0.0 0.0 0.0 0.0 -0.0 0.0 -0.0 0.0 -0.0 0.0 -0.0 -0.0 -0.0 -0.0 0.0 -0.0 -0.0 0.0 0.0 0.0 -0.0 0.0 -0.0 -0.0 -0.0 0.0 0.0 0.0 0.0 -0.0 0.0 -0.0 -0.0 0.0 0.0 -0.0 -0.0 -0.0 -0.0 -0.0 0.0 0.0 0.0 0.0 0.0 0.0
0.0 0.0 0.0 -0.0 0.0 0.0 -0.0 0.0 -0.0 0.0 0.0 -0.0 0.0 -0.0 0.0 0.0 0.0 -0.0 -0.0 0.0 0.0 -0.0 -0.0 -0.0 -0.0 -0.0 0.0 0.0 -0.0 -0.0 0.0 -0.0 -0.0 -0.0 -0.0 -0.0 -0.0 -0.0 0.0 0.0 0.0 -0.0 0.0 0.0 0.0 -0.0 -0.0 0.0 -0.0 -0.0 0.0 0.0 0.0 0.0 -0.0 -0.0 0.0 0.0 0.0 0.0 -0.0 0.0 0.0 -0.0
-0.0 0.0 0.0 -0.0 0.0 0.0 -0.0 -0.0 -0.0 0.0 -0.0 0.0 0.0 -0.0 0.0 0.0 0.0 -0.0 0.0 0.0 0.0 0.0 -0.0 -0.0 -0.0 0.0 -0.0 -0.0 0.0 -0.0 -0.0 -0.0 0.0 0.0 -0.0 -0.0 -0.0 0.0 -0.0 0.0 0.0 0.0 -0.0 -0.0 -0.0 -0.0 0.0 -0.0 0.0 0.0 -0.0 -0.0 -0.0 -0.0 0.0 0.0 -0.0 0.0 -0.0 -0.0 0.0 0.0 -0.0 -0.0
0.0 -0.0 -0.0 0.20261084 0.24005626 0.0 -0.0 0.22791095 0.0 -0.18437812 -0.0 -0.12911119 0.0 0.24785478 0.0 0.0 0.0 -0.100962326 0.0 -0.0 0.0 -0.0 -0.0 0.0 -0.0 0.0 -0.0 0.48118955 0.17882586 -0.0 -0.17144082 0.10086769 0.0 0.0 0.0 0.0 -0.0 -0.11892787 0.0 0.0 0.0 -0.08591498 0.0 0.0 -0.0 -0.0 -0.0 -0.0 0.0 0.0 0.0 -0.15097252 -0.0 0.0 0.19885512 0.18905056 -0.0 -0.0 -0.0 -0.0 -0.0 0.0 -0.0 -0.0
-0.0 0.0 0.0 -0.0 -0.0 -0.22031859 0.0 -0.44498533 0.0 0.27136117 0.0 0.5635191 -0.0 -0.0 -0.72787464 -0.0 -0.0 0.47287074 -0.35706148 -0.0 0.0 0.15124205 -0.0 -0.0 -0.0 -0.0 -0.0 -0.0 -0.0 0.5230743 -0.331676 0.0 0.0 0.0 -0.44625533 0.0 0.0 -0.3304824 -0.0 0.0 0.0 0.0 0.0 -0.0 -0.0 -0.0 -0.0 0.0 0.0 -0.0 0.0 -0.0 0.0 0.0 -0.29101077 -0.0 -0.45737377 0.0 0.608911 -0.31499147 -0.0 0.17821941 -0.0 0.0
-0.0 -0.0 -0.0 -0.0 -0.0 0.0 -0.0 -0.0 -0.0 0.0 0.0 0.0 0.0 0.0 -0.0 -0.15707383 0.0 0.0 -0.0 0.0 -0.0 -0.0 -0.0 0.0 0.0 -0.0 -0.0 0.0 0.0 -0.0 0.0 0.0 0.0 -0.0 0.0 -0.0 0.0 -0.0 0.0 0.0 -0.0 0.0 -0.0 -0.0 0.0 0.0 -0.0 -0.15590405 -0.0 -0.0 -0.0 0.0 0.0 -0.0 -0.0 -0.0 0.0 0.0 0.0 -0.0 -0.0 -0.0 0.0 -0.0
-0.0 0.0 -0.1809507 -0.06914349 0.0 0.0 0.0 0.0 -0.0 -0.0 0.0 -0.0 -0.0 0.0 -0.0 -0.30159613 0.27149278 -0.3484917 0.44776705 0.0 -0.0 -0.0 -0.0 0.28485245 0.0 -0.0 0.0 0.27035022 0.0 -0.0 -0.0 -0.0 0.0 -0.0 0.63473153 -0.0 -0.0 -0.0 0.0 -0.0 0.0 0.0 -0.31775773 -0.0 -0.0 -0.0 0.0 -0.3761709 -0.0 0.0 -0.0 -0.0 0.19742331 0.0 0.0 0.0 0.0 0.0 -0.0 -0.359588 0.0 -0.16624922 -0.0 0.0
