56 56 64 256 1 0 1 1
0.0 -0.0 0.0 -0.0 0.0 0.0 -0.0 0.0 0.0 0.0 0.0 -0.0 -0.0 -0.0 -0.0 0.0 0.0 0.0 0.0 0.0 0.0 0.0 -0.0 0.0 0.0 -0.0 0.0 -0.0 -0.0 0.0 -0.0 -0.0 -0.0 -0.0 -0.0 0.0 0.0 -0.0 -0.0 -0.0 -0.0 0.0 -0.0 0.0 -0.0 0.0 -0.0 -0.0 -0.0 0.0 0.0 -0.0 0.0 -0.0 0.0 0.0 0.0 -0.0 0.0 -0.0 -0.0 0.0 0.0 -0.0
-0.0 -0.0 -0.0 -0.0 0.0 -0.0 -0.0 -0.0 -0.0 0.0 -0.0 -0.0 -0.0 -0.0 -0.0 -0.0 -0.0 0.0 -0.0 -0.0 -0.0 -0.0 0.0 -0.0 -0.0 -0.0 -0.0 0.0 -0.0 -0.0 0.0 -0.0 -0.0 -0.0 -0.0 -0.0 -0.0 -0.0 -0.0 0.0 -0.0 0.0 0.0 -0.0 -0.0 0.0 0.0 -0.66476727 0.0 0.0 -0.0 -0.0 0.0 -0.0 -0.0 -0.0 -0.0 -0.0 -0.0 0.0 -0.0 -0.0 0.0 0.0
0.0 -0.0 -0.0 0.0 -0.0 0.0 -0.0 -0.0 -0.0 -0.0 -0.0 -0.0 -0.0 0.0 -0.0 -0.0 0.0 0.0 -0.0 -0.0 0.0 -0.0 0.0 -0.0 0.0 0.0 -0.0 -0.0 -0.0 -0.0 -0.0 0.0 -0.0 -0.0 -0.0 -0.0 -0.0 -0.0 0.0 0.0 -0.0 0.0 -0.0 0.0 -0.0 0.0 0.0 -0.0 -0.0 -0.0 -0.0 -0.0 -0.0 0.0 -0.0 0.0 -0.0 0.0 -0.0 0.0 -0.0 -0.0 0.0 0.0
0.0 -0.0 0.0 0.0 0.0 -0.0 -0.0 -0.0 0.0 -0.0 -0.0 0.0 0.0 0.0 -0.0 -0.0 -0.0 0.0 -0.0 0.0 0.0 -0.0 0.0 -0.0 -0.0 0.0 -0.0 0.0 -0.0 0.0 0.0 0.0 -0.0 -0.0 -0.0 -0.0 0.0 0.0 -0.0 0.0 -0.0 0.0 0.0 -0.0 -0.0 -0.0 0.0 -0.0 0.0 -0.0 -0.0 -0.0 -0.0 0.0 -0.0 0.0 -0.0 0.0 -0.0 -0.0 -0.0 -0.0 -0.0 -0.0
0.0 -0.0 -0.0 -0.0 0.0 -0.0 0.0 -0.0 0.0 0.0 0.0 0.0 -0.0 -0.0 -0.0 -0.0 -0.0 0.0 -0.0 0.0 -0.0 -0.0 -0.0 -0.0 -0.0 0.0 -0.0 0.0 -1.150529 0.0 0.0 0.0 -0.0 -0.0 0.0 -0.0 0.0 -0.0 -0.0 0.0 -0.0 0.0 -0.0 -0.0 -0.0 -0.0 0.0 -0.0 -0.0 -0.0 -0.0 -0.0 -0.0 -0.0 -0.0 0.0 -0.0 0.0 -0.0 -0.0 0.0 0.0 -0.0 -0.0
0.0 0.0 0.0 -0.0 0.0 0.0 0.0 0.0 -0.0 0.0 -0.0 0.0 0.0 0.0 0.0 0.0 0.0 0.0 0.0 0.0 0.0 0.0 0.0 0.0 0.0 0.0 -0.0 0.0 0.0 -0.0 -0.0 -0.0 0.0 -0.0 0.0 0.0 -0.0 0.0 0.0 0.0 -0.0 -0.0 0.0 0.0 0.0 -0.0 -0.0 -0.0 0.0 0.0 -0.0 0.0 0.0 0.0 -0.0 0.0 -0.0 0.0 -0.0 0.0 0.0 -0.0 0.0 -0.0
0.0 -0.0 -0.0 -0.0 0.0 -0.0 -0.0 -0.0 0.0 0.0 0.0 0.0 -0.0 0.0 -0.0 0.0 -0.0 0.8520207 0.0 0.0 0.0 -0.0 -0.0 -0.0 0.0 -0.0 -0.0 0.0 -0.0 0.0 0.0 0.0 -0.0 0.0 0.0 -0.0 0.0 -0.0 -0.0 0.0 -0.0 0.0 0.0 0.0 -0.0 0.0 -0.0 -0.0 0.0 0.0 0.0 -0.0 0.0 0.0 0.0 0.0 -0.0 0.0 -0.0 -0.0 0.0 0.0 0.0 -0.0
0.0 0.8060781 0.0 -0.0 0.0 -0.0 -1.7864848 -0.0 0.0 0.0 -0.0 0.0 0.0 -0.0 0.0 -0.0 -0.0 -0.0 -0.0 -0.0 0.0 0.0 0.0 0.0 0.0 0.0 0.0 -0.0 0.0 -0.0 -0.0 -0.0 0.0 0.0 0.0 0.0 -0.0 -0.0 -0.0 0.0 0.0 -0.0 0.0 -0.0 0.0 0.0 0.0 0.8555783 -0.0 -0.0 -0.0 0.0 -0.0 0.0 0.0 0.0 -0.0 -0.0 -0.0 -0.0 0.0 -0.0 -0.0 0.0
0.0 0.0 -0.0 -0.0 -0.0 0.0 0.0 -0.0 -0.0 0.0 -0.0 0.0 -0.0 0.0 0.0 0.0 0.0 -0.0 0.0 0.0 0.0 -0.0 0.0 -0.0 0.0 -0.0 0.0 -0.0 -0.0 -0.0 -0.0 0.0 0.0 -0.0 0.0 -0.0 -0.0 -0.0 -0.0 0.0 -0.0 -0.0 0.0 0.0 0.0 0.0 0.0 0.0 0.0 0.0 0.0 -0.0 0.0 -0.0 0.0 0.0 -0.0 -0.0 -0.0 0.0 0.0 -0.0 -0.0 0.0
0.0 0.0 -0.0 -0.0 0.0 -0.0 0.0 -0.0 0.0 0.0 -0.0 0.0 -0.0 -0.0 0.0 -0.0 0.0 -0.0 0.0 0.0 -0.0 -0.0 0.0 0.0 0.0 -0.0 0.0 0.0 0.0 -0.0 -0.0 -0.0 0.0 -0.0 0.0 0.0 -0.0 -0.0 -0.0 0.0 0.0 -0.0 -0.0 -0.0 0.0 -0.0 0.0 0.0 -0.0 0.0 -0.0 0.0 -0.0 -0.0 0.0 0.0 -0.0 0.0 0.0 -0.0 -1.8625865 0.0 -0.0 0.0
1.3444662 0.0 -0.0 0.0 -0.0 0.0 -0.0 -0.0 0.0 -0.0 0.0 0.0 -0.0 0.0 -0.0 0.0 0.0 0.0 -0.9393279 -0.0 0.0 -0.0 0.0 -0.0 0.0 -0.0 0.0 -0.0 0.0 0.0 0.0 0.0 -0.0 -0.0 0.0 -0.0 0.0 0.0 -0.0 0.0 0.0 0.0 0.0 0.0 -0.0 -0.0 0.0 -0.0 -0.0 -0.0 0.0 -0.0 -0.0 0.0 0.0 0.0 -0.0 0.0 0.0 0.0 -0.0 0.0 0.0 0.0
-0.0 -0.0 0.0 -0.0 0.0 0.0 -0.0 0.0 0.0 -0.0 -0.0 0.0 -0.0 0.0 -0.0 -0.0 0.0 0.0 -0.0 -0.0 -0.0 0.0 -0.0 0.0 -0.0 0.0 -0.0 -0.0 0.0 0.0 0.0 0.0 -0.0 -0.0 0.0 -0.0 0.0 0.0 0.0 0.0 -0.0 0.0 0.0 0.0 -0.0 -0.0 -1.2162576 -0.0 0.0 -0.0 -0.0 0.0 -0.0 -0.0 -0.0 -0.0 0.0 0.0 0.0 -0.0 -0.0 0.0 -0.0 0.0
0.0 -0.0 0.0 0.0 -0.0 -0.0 -0.0 0.0 -0.0 -0.0 0.0 -1.2141334 -0.0 0.0 -0.0 0.0 0.0 0.0 0.0 0.0 0.0 -0.0 -0.0 -0.0 0.0 -0.0 0.0 0.0 -0.0 0.0 -0.0 -0.0 -0.0 0.0 0.0 -0.0 -0.0 -0.0 -0.0 -0.0 0.0 0.0 -0.0 -0.0 -0.0 0.0 0.0 0.0 0.0 0.0 -0.0 0.0 0.0 0.0 -0.0 0.0 -0.0 -0.0 0.0 -0.0 0.0 -0.0 -0.0 0.0
-0.0 -0.0 0.0 0.0 0.0 -0.0 -0.0 -0.0 -0.0 0.0 0.0 -1.399574 -0.0 0.0 -0.0 0.0 0.0 0.0 0.0 0.0 -0.0 0.0 0.0 0.0 0.0 0.0 0.0 0.0 0.0 0.0 -0.0 -0.0 -0.0 0.0 -0.0 -0.0 -0.0 0.0 0.0 0.0 0.0 0.64106256 0.0 0.0 -0.0 -0.0 0.0 -0.0 0.0 -0.0 -0.0 -0.0 0.0 0.0 -0.0 0.0 0.0 0.0 -0.0 0.0 0.0 -0.0 0.0 0.0
0.0 1.001976 -0.0 0.0 -1.050064 -0.0 0.0 -0.0 0.0 -0.0 0.0 0.0 0.0 0.0 0.0 0.0 0.0 -0.0 -0.0 0.0 -0.0 0.0 0.0 -0.0 0.0 0.0 0.0 -0.0 0.0 0.0 0.0 0.0 0.0 0.0 0.0 -0.0 0.0 0.0 0.0 0.0 0.0 -0.0 -0.0 -0.0 -0.0 0.0 0.0 0.0 -0.0 -0.0 0.0 0.0 -0.0 -0.0 0.0 0.0 -0.0 1.0592185 0.0 0.0 0.0 0.0 0.0 0.0
-0.0 -0.0 0.0 0.0 0.0 0.0 -0.0 0.0 0.0 0.0 0.0 0.0 0.0 -0.0 -0.0 0.0 0.0 0.0 0.0 0.0 0.0 0.0 0.0 0.0 0.0 0.0 0.0 -0.0 -0.0 0.0 0.0 0.0 -0.0 0.0 -0.0 -0.0 0.0 -0.0 0.0 -0.0 -0.0 -0.0 0.0 1.0987849 -0.0 -0.0 -0.0 -0.0 -0.0 -0.0 0.0 0.0 -0.0 -0.0 -0.0 0.0 -0.0 0.0 -0.0 -0.0 -0.0 -0.0 -0.0 -0.0
-0.0 -0.0 0.0 0.0 -0.0 0.0 -0.0 0.0 0.0 -0.0 0.0 0.0 0.0 -0.0 -0.0 -0.0 0.0 0.0 0.0 0.0 -0.0 -0.0 0.0 -0.0 0.0 -0.0 0.0 -0.0 0.0 0.0 0.0 0.0 -0.0 0.0 0.0 0.0 0.0 -0.0 0.0 -0.0 -0.0 0.0 0.0 0.0 -0.0 0.0 -0.0 0.0 -0.0 -0.0 0.0 0.0 -1.1111475 0.0 -0.0 -0.0 -0.85084456 0.0 0.0 -0.0 -0.0 0.0 0.0 -0.0
0.0 -0.0 0.0 -0.0 0.0 -0.0 0.0 0.0 0.0 0.0 0.0 0.0 0.0 0.0 0.0 0.0 -0.0 -0.0 0.0 0.0 -0.0 0.0 -0.0 -0.0 -0.0 0.0 -0.0 0.0 0.0 -0.0 0.0 -0.0 0.0 0.0 -0.0 0.0 0.0 0.0 0.0 0.0 -0.0 -0.0 -0.0 -0.0 0.5608512 0.0 0.0 0.0 -0.0 0.0 0.0 0.0 0.0 -0.0 0.0 -0.0 0.0 0.0 0.0 -0.0 0.0 -0.0 -0.0 -0.0
0.0 0.73538435 -0.0 -0.0 -0.0 0.0 0.0 -0.0 -0.0 0.0 -0.0 -0.0 0.0 0.0 0.0 0.0 0.0 -0.0 0.0 -1.2786751 0.0 0.0 0.0 0.0 -0.0 -0.0 0.0 0.0 -0.0 -0.0 -0.0 0.0 0.0 0.0 0.0 -0.0 0.0 -0.0 0.0 -0.0 -0.0 -0.0 0.0 -0.0 0.0 -0.0 0.0 0.0 0.0 0.0 -0.0 -0.0 0.0 0.0 -0.0 0.0 0.0 -0.0 0.0 0.0 -0.0 0.0 0.0 0.0
-0.0 -0.0 -0.0 -0.0 -0.0 0.0 0.0 -0.0 -0.0 -0.0 -0.0 0.0 0.0 0.0 -0.0 -0.0 -0.0 0.0 -0.0 -0.0 0.0 -0.0 -0.0 -0.0 -0.0 -0.0 -0.0 0.0 0.0 -0.0 -0.0 0.0 -0.0 -0.0 0.0 -0.0 -0.0 -0.0 -0.0 0.0 -0.0 0.0 -0.0 0.0 -0.0 -0.0 0.0 -0.0 -0.0 -0.0 -0.0 -0.0 -0.0 -0.0 -0.0 0.0 -0.0 -0.0 -0.0 0.0 -0.0 -0.0 0.0 0.0
-0.0 0.0 -0.5854393 0.0 -0.0 0.0 0.0 -0.0 -0.0 0.0 0.0 0.0 0.0 0.0 0.4055331 0.0 0.0 -0.0 -0.0 -0.0 -0.0 -0.0 0.0 -0.0 0.0 0.0 -0.0 0.0 0.0 -0.0 -0.0 0.0 0.41527992 0.0 0.0 -0.0 -0.0 0.0 -0.0 0.0 0.0 0.0 -0.0 -0.0 0.3521547 0.0 0.0 0.698147 0.0 0.0 0.0 -0.0 0.0 0.0 0.0 -0.0 0.0 0.0 0.0 -0.0 0.0 -0.0 -0.0 -0.0
-0.0 0.0 -0.0 -0.0 -0.0 -0.0 -0.0 -0.0 0.0 0.0 0.0 0.0 0.0 0.0 0.0 0.0 -0.0 -0.0 -0.0 0.0 -0.0 0.0 0.0 0.0 0.0 -0.0 -0.0 -0.0 -0.0 -0.0 -0.0 -0.0 0.0 0.0 -0.0 -0.0 -0.0 -0.0 0.0 -0.0 0.0 -0.0 -0.0 0.0 0.0 0.0 0.0 0.0 0.0 -0.0 -0.0 0.0 -0.0 0.0 0.0 -0.0 0.0 0.0 0.0 -0.0 0.0 0.0 0.0 0.0
-0.0 -0.0 -0.0 0.0 -0.0 -0.0 -0.0 -0.0 0.0 -0.0 0.0 0.0 0.0 0.0 -0.0 -0.0 -0.81763875 0.70082337 0.0 0.0 -0.9005491 0.0 -0.0 0.0 -0.0 0.0 -0.0 -0.0 -0.0 0.0 0.0 0.0 -0.0 0.0 0.0 -0.0 0.0 0.0 0.0 -0.0 0.0 0.60762817 -0.0 -0.0 -0.0 0.0 0.0 -0.0 0.0 0.0 0.0 0.0 0.0 -0.0 -0.0 -0.0 0.0 0.0 0.0 -0.0 -0.0 0.0 0.0 0.0
-0.0 0.0 0.0 -0.0 0.0 0.0 0.0 -0.0 0.0 -0.0 -0.0 -0.0 0.0 -0.0 0.0 -0.0 0.0 -0.0 -0.0 -0.0 0.0 0.0 0.0 0.0 0.0 -0.0 -0.0 -0.0 0.0 -0.0 0.0 -0.0 0.0 0.0 -0.0 0.0 -0.0 0.0 0.0 -0.0 -0.0 -0.0 -0.0 0.0 0.0 -0.0 -1.1554374 -0.0 0.0 0.0 -0.0 0.0 -0.0 0.0 0.0 0.0 0.0 0.0 -0.0 -0.0 0.0 0.0 -0.0 -0.0
-0.0 -0.0 -0.0 0.0 -0.0 -0.0 -0.0 0.0 -0.0 0.0 0.0 -0.0 0.0 0.0 -0.0 0.0 0.0 1.3074352 0.689836 -0.0 -0.0 0.0 0.0 0.0 0.0 -0.0 -0.0 -0.0 0.0 0.0 0.0 0.0 -0.0 0.0 0.0 0.0 0.0 -0.0 0.0 -0.0 0.0 0.8319227 0.0 -0.0 -0.0 0.0 -0.0 -0.0 -0.0 -0.0 0.0 -0.0 0.0 -0.0 0.0 -1.3016313 -0.0 -0.0 0.0 -0.0 -0.0 0.0 -0.0 -0.0
-0.0 -0.0 -0.0 0.0 -0.0 0.0 -0.0 0.0 -0.0 0.0 -0.0 -0.0 0.0 -0.0 -0.0 -0.0 0.0 0.79246604 0.0 -0.0 0.0 -0.0 -0.0 0.0 -0.0 0.0 0.0 0.0 -0.0 -0.0 0.0 -0.0 -0.0 -0.0 -0.0 0.0 0.0 -0.0 0.0 0.0 -0.0 0.0 -0.0 0.0 -0.0 -0.0 0.0 0.0 -0.0 0.0 0.0 -0.0 0.0 0.0 -0.0 -0.0 0.0 -0.0 0.0 -0.0 -0.5333455 -0.0 0.0 0.0
-0.0 0.0 -0.0 -0.0 -0.0 -0.0 -0.0 -0.0 0.0 0.0 -0.0 -0.0 0.0 -0.0 0.0 0.0 0.0 -0.0 0.0 -0.0 -0.0 -0.0 -0.0 0.0 -0.0 0.0 -0.0 0.0 0.0 -0.0 -0.0 -0.0 0.0 -0.0 -0.0 0.0 -0.0 -0.0 -0.0 -0.0 0.0 -0.0 -0.0 -0.0 0.0 -0.0 -0.0 0.0 0.0 -0.0 -0.0 -0.0 -0.0 -0.0 -0.0 -0.0 0.0 -0.0 -0.0 0.0 0.0 -0.0 -0.0 -0.0
0.0 -0.0 0.0 -0.0 -0.0 0.0 -0.0 -0.0 0.0 0.0 0.0 0.0 0.0 0.0 0.0 -0.0 -0.0 -0.0 -0.0 -0.0 -0.0 0.0 -0.0 0.0 0.0 -0.0 -0.0 -0.0 0.0 0.0 0.0 -0.0 0.0 -0.0 0.0 0.0 0.0 -0.0 0.0 -0.0 -0.0 -0.0 -0.0 -0.0 0.0 -0.0 0.0 0.0 -0.0 0.0 114.49497 -0.0 -0.0 -0.0 -0.0 -0.0 0.0 0.0 0.0 -0.0 0.0 0.0 0.0 0.0
-0.0 0.0 -0.0 -0.0 0.0 0.0 0.0 -0.0 -0.0 0.0 -0.0 0.0 0.0 0.0 0.0 0.0 0.0 -0.0 0.0 0.0 -0.0 -0.0 -0.0 0.0 0.0 0.0 0.0 0.0 -0.0 -0.0 -0.0 -0.0 0.0 0.0 -0.0 -0.0 -0.0 -0.0 -0.0 0.0 -0.0 -0.0 -0.0 0.0 0.0 -0.0 -0.0 0.0 0.0 0.0 -0.0 0.0 0.0 0.0 -0.0 0.0 -0.0 -0.0 -0.0 0.0 0.0 -0.0 -0.0 0.0
-0.0 0.0 -0.0 -0.0 -0.0 0.0 -0.0 0.0 -0.0 -0.0 -0.0 0.0 0.0 0.0 0.0 -0.0 0.0 -0.0 0.0 -0.0 0.0 -0.0 -0.0 0.0 -0.0 -0.0 -0.0 0.0 -0.0 -0.0 -0.0 -0.0 0.0 0.0 -0.0 0.0 -0.0 0.0 -0.0 0.0 -0.0 -0.0 -0.0 -0.0 0.0 0.0 0.0 -0.0 0.0 0.0 0.0 -0.0 -0.0 -0.0 -0.0 -0.0 0.0 -0.0 -0.0 0.0 0.0 -0.0 0.0 0.0
0.0 -0.0 0.0 0.0 0.0 -0.0 -0.0 -0.0 0.0 0.0 -0.0 0.0 0.0 0.0 0.0 -0.0 0.0 0.39783671 0.0 -0.0 0.0 0.0 0.0 0.0 0.0 0.0 -0.0 0.0 -0.0 0.0 0.0 0.0 -0.0 -0.0 0.0 0.0 0.0 -0.0 0.0 0.0 0.0 0.0 0.0 0.0 -0.0 -0.0 0.0 0.0 0.0 0.0 0.0 0.0 0.0 0.0 0.0 0.0 0.0 0.0 0.0 -0.0 0.0 0.0 0.0 0.0
-0.0 0.0 0.0 0.0 -0.0 0.0 0.0 0.0 0.0 0.0 0.0 0.0 0.0 0.0 0.0 0.0 0.0 -0.0 -0.0 0.0 -0.0 0.0 0.0 -0.0 -0.0 -0.0 0.0 0.0 0.0 -0.0 -0.0 0.0 0.0 -0.0 0.0 -0.0 -0.0 0.0 0.0 0.0 -0.0 -0.0 0.0 -0.0 0.0 0.0 0.0 0.0 -0.0 -0.0 0.0 0.0 -0.0 0.0 -0.0 -0.0 -0.0 0.0 -0.0 0.0 0.0 0.0 0.0 -0.0
0.0 0.0 0.0 -0.0 0.0 0.0 0.0 -0.0 -0.0 -0.0 -0.0 0.0 0.0 0.0 0.0 0.0 0.0 -0.0 0.0 0.0 -0.0 0.0 0.0 0.0 0.0 -0.0 0.0 -0.0 0.0 -0.0 0.0 0.0 0.0 0.0 -0.0 0.0 0.0 -0.0 -0.0 -0.0 -0.0 -0.0 -0.0 -0.0 0.0 0.0 -0.0 0.0 0.0 0.0 0.0 0.0 -0.0 0.0 0.0 0.0 0.0 -0.0 0.0 -0.0 -1.7384112 0.0 -0.0 -0.0
0.0 0.46681333 -0.0 -0.0 0.0 -0.0 -0.0 0.0 -0.0 0.0 0.0 0.0 0.0 -0.0 0.0 0.0 0.0 -0.0 -0.0 -0.0 -0.0 0.0 -0.0 0.0 -0.0 -0.0 0.0 -0.0 0.0 0.0 0.0 0.0 0.0 0.0 -0.84181035 0.0 0.0 0.0 -0.0 0.0 0.0 -0.0 0.0 -0.0 0.0 0.0 -0.0 0.0 0.0 0.0 -0.0 -0.0 0.0 -0.5054638 0.0 -0.0 0.0 -0.0 0.0 0.0 0.0 -0.0 0.0 0.0
-0.0 -0.0 0.0 0.0 -0.0 0.0 -1.0366958 0.0 -0.0 -0.0 -0.0 -0.0 -0.0 0.0 -0.0 0.0 0.0 0.0 0.0 0.0 0.0 0.0 -0.0 -0.0 -0.0 -0.0 -0.0 0.0 0.0 -0.0 0.0 0.0 -0.0 -0.0 0.0 -0.0 -0.0 -0.0 -0.0 -0.0 -0.0 0.0 0.0 -0.0 -0.0 0.0 0.0 -0.0 0.0 -0.0 -0.0 -0.0 0.0 0.0 -0.0 0.0 0.0 0.0 0.0 0.0 1.3404768 -0.0 0.0 -0.0
0.0 -0.0 0.0 0.0 0.0 0.0 -0.0 -0.0 -0.0 -0.0 -0.0 -0.0 0.0 -0.0 -0.0 -0.0 0.0 0.0 0.0 0.0 0.0 0.0 0.0 0.0 0.0 -0.0 -0.0 -0.0 -0.0 -0.0 -0.0 -0.0 -0.0 0.0 -0.0 0.0 -0.0 -0.0 -0.0 -0.0 -0.0 0.0 -0.0 0.0 -0.0 0.0 -0.0 -0.0 -0.0 -0.0 -0.0 0.0 -0.0 0.0 -0.0 0.0 -0.0 -0.0 -0.0 -0.0 -0.0 -0.0 -0.0 -0.0
-0.0 -0.0 -0.0 -0.0 -0.0 0.0 -0.0 -0.0 -0.0 -0.0 0.0 0.0 -0.0 0.0 -0.0 0.0 0.0 0.0 -0.0 -0.0 0.0 -0.0 -0.0 -0.0 0.0 -0.0 -0.0 -0.0 -0.0 0.0 0.0 -0.0 -0.0 0.0 0.0 -0.0 0.0 -0.0 -0.0 0.0 -0.0 0.0 -0.0 -0.0 -1.233128 0.0 0.0 -0.0 0.0 0.0 0.0 0.0 -0.0 0.0 0.0 -0.0 -0.0 -0.0 -0.0 0.0 -0.0 0.0 0.0 0.0
0.0 -0.0 0.0 -0.0 0.0 0.0 -0.0 0.0 -0.0 0.0 0.0 0.0 0.0 0.0 -0.0 -0.0 0.0 0.0 0.0 -0.0 -0.0 0.0 0.0 -0.0 -0.0 -0.0 0.0 0.0 0.0 0.0 0.0 -0.0 -0.0 0.0 -0.0 0.0 0.0 -0.0 -0.0 0.0 -0.0 0.0 0.0 -0.0 -0.0 0.0 0.0 -0.0 0.0 0.0 -0.0 -0.0 0.0 -0.0 -0.0 -0.0 0.0 -1.3093615 0.0 0.0 -0.0 0.0 0.0 0.0
-0.0 -0.0 -0.0 -0.0 -0.0 0.0 -0.0 -0.0 -0.0 0.0 -0.0 0.0 0.0 0.0 -0.0 0.0 -0.0 -0.0 -0.0 -0.0 0.0 -0.0 0.0 -0.0 -0.0 -0.0 0.0 0.0 -0.0 -0.0 0.0 0.0 -0.0 0.0 -0.0 -0.0 -0.0 0.0 -0.0 0.0 0.0 -0.0 0.0 0.0 -0.0 0.0 0.0 -0.0 0.0 -0.0 0.0 -0.0 -0.0 0.0 -0.0 -0.0 -0.0 -0.0 -0.0 -0.0 -0.0 -0.0 -0.0 -0.0
0.0 0.0 -0.0 -0.0 -0.0 0.0 -0.0 -0.0 -0.0 -0.0 0.0 0.0 0.0 0.0 -0.0 -0.0 0.0 0.0 -0.0 -0.0 0.0 -0.0 0.0 -0.0 -0.0 -0.0 0.0 -0.0 -0.0 0.0 0.0 -0.0 -0.0 0.0 -0.0 -0.0 0.0 0.0 -0.0 -0.0 0.0 0.0 0.0 -0.0 -0.0 0.0 -0.0 -0.0 -0.0 0.0 0.0 -0.0 -1.3034995 -0.0 0.0 0.0 -0.0 -0.0 0.0 0.0 0.0 0.0 0.0 0.0
-0.0 -0.0 -0.0 0.0 -0.0 0.0 -0.0 0.0 -0.0 -0.0 -0.0 0.0 0.0 -0.0 -0.0 -0.0 0.0 0.0 -0.0 -0.0 0.0 -0.0 -0.0 -0.0 -0.0 0.0 0.0 -0.0 0.0 -0.0 -0.0 -0.0 -0.0 0.0 -0.0 -0.0 0.0 0.0 0.0 0.0 0.0 -0.0 -0.0 -0.0 -0.0 0.0 0.0 -0.602551 -0.0 0.0 -0.0 0.0 0.0 -0.0 -0.0 -0.8242379 0.0 0.0 0.0 0.0 -0.0 -0.0 0.0 0.0
-0.0 0.0 -0.0 -0.0 -0.0 -0.0 0.0 -0.0 -0.0 0.0 0.0 0.0 -0.0 0.0 0.0 0.0 0.0 -0.0 -0.0 -0.0 -0.0 -0.0 -0.0 -0.0 -0.0 -0.0 0.0 0.0 -0.0 -0.0 -0.0 0.0 0.0 0.0 -0.0 -0.0 -0.0 -0.0 -0.0 0.0 -0.0 -0.0 -0.0 -0.0 0.0 -0.0 0.0 0.0 0.0 0.0 0.0 -0.0 -0.0 -0.0 -0.0 -0.0 -0.0 -0.0 -0.0 -0.0 -0.0 -0.0 -0.0 -0.0
-0.0 0.0 0.0 0.0 -0.0 -0.0 0.0 -0.0 -0.0 -0.0 -0.0 -0.0 -0.0 -0.0 0.0 0.0 -0.0 -0.0 -0.0 -1.4397482 -0.0 0.0 -0.0 0.0 0.0 -0.0 0.0 -0.0 0.0 -0.0 -0.0 0.0 0.0 0.0 0.0 -0.0 -0.0 -0.0 0.0 -0.0 0.0 -0.0 0.0 -0.0 0.0 -0.0 -0.0 0.0 0.0 0.0 -0.0 0.0 -0.0 -0.0 0.0 -0.0 -0.0 -0.0 0.0 -0.0 0.0 -0.0 -0.0 0.0
-0.0 0.0 -0.0 -0.0 -0.0 0.0 -0.0 -0.0 -0.0 0.0 -0.0 0.0 0.0 0.0 0.0 0.0 -0.0 -0.0 -0.0 0.0 -0.0 -0.0 -0.0 -0.0 -0.0 -0.0 0.0 -0.0 -0.0 0.0 0.0 -0.0 0.0 0.0 -0.0 -0.0 0.0 0.0 -0.0 -0.0 0.0 -0.0 -0.0 -0.0 0.0 0.0 0.0 0.0 0.0 0.0 -0.0 -0.0 -0.0 -0.0 0.0 -0.0 0.0 -0.0 -0.0 0.0 -0.0 0.0 -0.0 -0.0
-0.0 -0.0 -0.0 -0.0 0.0 -0.0 -0.0 -0.0 -0.0 -0.0 -0.0 -0.0 -0.0 -0.0 -0.0 -0.0 -0.0 0.0 -0.0 -0.0 -0.0 0.0 -0.0 -0.0 -0.0 -0.0 -0.0 0.0 -0.0 0.0 -0.0 0.0 -0.0 -0.0 -0.0 -0.0 0.0 0.0 -0.0 0.0 -0.0 0.0 -0.0 -0.0 -0.0 -0.0 0.0 -0.0 -0.0 -0.0 -0.0 0.0 -0.0 -0.0 -0.0 -0.0 0.0 -0.0 0.0 -0.0 -0.0 -0.0 0.0 -0.0
-0.0 -0.0 0.0 0.0 -0.0 0.0 -0.0 0.0 -0.0 0.0 -0.0 -0.0 0.0 -0.0 -0.0 -0.0 0.0 -0.7072719 0.0 -0.0 0.0 0.0 0.0 -0.0 -0.0 -0.0 -0.0 0.0 -0.0 -0.0 -0.0 0.0 -0.0 -0.0 0.0 -0.0 -0.0 -0.0 0.0 0.0 -0.0 -0.4524924 0.0 0.0 -0.0 -0.0 0.0 -0.96305484 -0.0 -0.0 -0.0 0.0 -0.0 0.0 -0.0 -0.0 -0.0 -0.0 -0.0 -0.0 0.0 -0.0 -0.0 -0.0
0.0 -0.0 -0.0 0.0 -0.0 0.0 0.0 -0.0 0.0 0.0 0.0 -0.0 -0.0 -0.0 -0.0 0.0 0.0 0.0 0.0 0.0 -0.0 0.0 0.0 0.0 0.0 -0.0 -0.0 -0.0 -0.0 0.0 -0.0 0.0 -0.0 -0.0 -0.0 -0.0 0.0 0.0 0.0 -0.0 -0.0 -0.0 0.0 0.0 -0.0 -0.0 0.0 -0.0 0.0 -0.0 0.0 0.0 -0.0 0.0 0.0 0.0 -0.0 0.0 -0.0 -0.0 0.0 0.0 -0.0 0.0
-0.0 -0.0 -0.0 -0.0 0.0 -0.0 -0.0 -0.0 0.0 -0.0 0.0 0.0 -0.0 -0.0 -0.0 -0.0 -0.0 0.0 -0.0 0.0 0.0 -0.0 -0.0 -0.0 -0.0 -0.0 0.0 0.0 -0.0 0.0 0.0 -0.0 -0.0 0.0 -0.0 -0.0 0.0 -0.0 -0.0 0.0 -0.0 0.0 -0.0 -0.0 -0.0 0.0 -0.0 -0.0 -0.0 -0.0 -0.0 0.0 -0.0 0.0 -0.0 0.0 -0.0 -0.0 -0.0 -0.0 -0.0 0.0 -0.0 -0.0
-0.0 -0.0 -0.0 0.0 -0.0 0.0 -0.0 -0.0 -0.0 0.0 0.0 0.0 0.0 -0.0 -0.0 -0.0 0.0 0.0 -0.0 -0.0 -0.0 -0.0 -0.0 -0.0 -0.0 -0.0 0.0 0.0 0.0 0.0 0.0 -0.0 -0.0 0.0 -0.0 -0.0 0.0 0.0 -0.0 0.0 0.0 0.0 -0.0 -0.0 -0.0 0.0 -0.0 -0.0 -0.0 -0.0 0.0 -0.0 -1.2798787 -0.0 -0.0 -0.0 0.0 0.0 0.0 -0.0 0.0 -0.0 0.0 -0.0
-0.0 -0.0 0.0 -0.0 -0.0 -0.0 0.0 0.0 -0.0 -0.0 0.0 0.0 0.0 0.0 -0.0 0.0 -0.0 0.0 -0.0 -0.0 -0.0 -0.0 -0.0 -0.0 -0.0 -0.0 0.0 -0.0 -0.0 0.0 -0.0 0.0 -0.0 0.0 -0.0 0.0 0.0 -0.0 -0.0 0.0 -0.0 0.0 -0.0 -0.0 -0.0 0.0 -0.0 -0.0 0.0 0.0 0.0 -0.0 -0.0 -0.0 -0.0 -0.0 0.0 -0.0 -0.0 -0.0 -0.0 -0.0 -0.0 -0.0
0.0 -0.0 -0.0 0.0 -0.0 0.0 -0.0 0.0 0.0 -0.0 -0.0 0.0 0.0 -0.0 -0.0 -0.0 0.0 0.0 0.0 0.0 0.0 0.0 0.0 0.0 0.0 0.0 -0.0 -0.935634 0.0 0.0 0.0 -0.0 -0.0 -0.0 -0.0 -0.0 0.0 -0.0 0.0 -0.0 0.0 0.0 -0.0 0.0 -0.0 -0.0 -0.0 -0.0 0.0 -0.0 0.0 0.0 0.0 -0.0 0.0 0.0 0.0 0.0 -0.0 0.0 0.0 -0.0 -0.0 -0.0
-0.0 -0.0 0.0 -0.0 0.0 -0.0 0.0 0.0 -0.0 0.0 -0.0 0.0 -0.0 0.0 -0.0 0.0 -0.0 0.0 0.0 0.0 -0.0 0.0 -0.0 0.0 -0.0 -0.0 -0.0 0.0 -0.0 0.0 0.0 0.0 -0.0 -0.0 0.0 0.0 0.0 -0.0 0.0 -0.0 -0.0 0.0 0.0 0.0 -0.0 -0.0 0.0 -0.0 0.0 0.0 0.0 0.0 -0.0 0.0 -0.0 -0.0 0.0 0.0 0.0 -0.0 0.0 -0.0 -0.0 0.0
0.0 -0.0 0.0 -0.0 0.0 0.0 0.0 0.0 0.0 0.0 0.0 -0.0 -0.0 -0.0 -0.0 0.0 -0.0 0.0 0.0 -0.0 0.0 0.0 -0.0 0.0 -0.0 -0.0 0.0 0.0 -0.0 0.0 -0.0 0.0 -0.0 0.0 -0.0 0.0 0.0 -0.0 -0.0 -0.0 0.0 0.0 0.0 0.0 -0.0 -0.0 0.0 -0.0 0.0 0.0 -0.0 -0.0 0.0 0.0 -0.0 0.0 -0.0 0.0 0.0 0.0 -0.0 0.0 -0.0 0.0
0.0 -0.0 -0.0 -0.0 -0.0 -0.0 -0.0 -0.0 -0.0 -0.0 0.0 0.0 0.0 0.0 -0.0 0.0 -0.0 0.0 -0.0 -0.0 -0.0 -0.0 -0.0 -0.0 -0.0 0.0 0.0 0.0 0.0 0.0 0.0 -0.0 -0.0 0.0 -0.0 0.0 0.0 0.0 -1.6857928 -0.0 0.0 1.1630627 0.0 -0.0 -0.0 0.0 0.0 -0.0 0.0 0.0 0.0 -0.0 0.0 -0.0 0.0 -0.0 0.0 -0.0 0.0 0.0 -0.0 0.0 0.0 0.0
0.0 -0.0 0.0 0.0 -0.0 -0.0 0.0 0.0 -0.0 0.0 0.0 -0.0 0.0 -0.0 -0.0 0.0 -0.0 0.0 -0.0 -0.0 -0.0 0.0 0.0 0.0 0.0 0.0 0.0 -0.0 0.0 0.0 -0.0 -0.0 -0.0 0.0 0.0 -0.0 -0.0 0.0 0.0 0.0 0.0 0.0 0.0 -0.0 -0.0 0.0 -0.0 -0.9608181 0.0 -0.0 0.0 0.0 0.0 -0.0 0.0 0.0 -0.0 -0.0 -0.0 0.0 -0.960485 -0.0 -0.0 -0.0
-0.0 -0.0 0.0 0.0 0.0 0.0 -0.0 0.0 0.0 0.0 -0.0 0.0 0.0 -0.0 -0.0 -0.0 -0.0 0.49849406 -0.0 0.0 0.0 0.0 0.0 -0.0 0.0 0.0 -0.0 -0.0 -0.0 -0.0 0.0 -0.0 -0.0 -0.0 0.0 -0.0 -0.0 0.0 0.0 -0.0 0.0 0.0 0.0 0.0 -0.0 -0.0 0.0 -0.0 0.0 -0.0 -0.0 0.0 0.0 0.0 -0.0 -0.0 -0.0 0.0 -0.4679465 -0.0 -0.0 -0.0 0.0 -0.0
-0.0 -0.0 0.0 0.0 0.0 0.0 0.0 0.0 0.0 0.0 0.0 -0.0 -0.0 -0.0 -0.0 -0.0 0.0 -0.0 0.0 0.0 0.0 0.0 0.0 0.0 0.0 -0.0 -0.0 0.0 -0.0 0.0 -0.0 -0.0 -0.0 -0.0 0.0 0.0 -0.0 -0.0 0.0 -0.0 -0.0 -0.0 -0.0 0.0 -0.0 -0.0 -0.0 -0.0 0.0 0.0 -0.0 0.0 -0.0 0.0 -0.0 0.0 0.0 0.0 0.0 -0.0 -0.0 -0.0 0.0 0.0
0.0 0.0 0.0 -0.0 0.0 -0.0 -0.0 -0.0 0.0 -1.1480308 -0.0 -0.0 0.0 -0.0 0.0 0.0 0.0 -0.0 0.0 0.0 0.0 0.0 0.0 0.0 0.0 0.0 0.0 -0.0 -0.0 -0.0 0.0 -0.0 0.0 0.0 0.0 -0.0 -0.0 -0.0 -0.0 -0.0 -0.0 -0.0 -0.0 -0.0 0.0 0.0 -0.0 0.0 -0.85349876 0.68345755 0.0 0.0 -0.0 0.0 0.0 0.0 0.0 -0.0 0.0 -0.0 -0.0 -0.0 0.0 0.0
-0.0 -0.30159178 -0.0 0.0 -0.0 -0.0 -0.0 -0.0 0.0 0.0 0.0 0.0 0.0 -0.0 0.0 -0.0 -0.26710305 0.9096976 -0.0 0.0 -0.29888496 0.0 -0.0 0.0 0.0 0.0 0.0 -0.0 0.0 0.0 0.0 -0.0 -0.0 0.0 0.0 -0.0 0.0 -0.0 0.0 -0.0 0.0 0.0 0.0 0.0 -0.0 0.0 -0.0 0.0 0.0 -0.0 0.0 0.0 0.0 -0.0 0.0 0.0 0.0 0.0 0.0 -0.0 -0.0 0.0 0.0 -0.0
-0.0 -0.0 -0.0 -0.0 -0.0 -0.0 0.0 -0.0 -0.0 0.0 -0.0 0.0 0.0 -0.0 -0.0 -0.0 0.0 0.0 -0.0 -0.0 -0.0 -0.0 0.0 -0.0 -0.0 -0.0 -0.0 -0.0 -0.0 0.0 0.0 0.0 -0.0 -0.0 0.0 -0.0 0.0 0.0 -0.0 0.0 0.0 0.0 0.0 0.0 -0.0 0.0 0.0 -0.0 -0.0 -0.0 0.0 -0.0 -0.0 -0.0 -0.0 -0.0 0.0 0.0 -0.0 -0.0 0.0 0.0 -0.0 -0.0
-0.0 -0.0 0.0 -0.0 0.0 -0.0 0.0 0.0 0.0 0.0 0.0 0.0 0.0 -0.0 0.0 0.0 -0.0 -0.0 0.0 0.0 -0.0 0.0 -0.7172128 0.0 -0.0 0.0 0.0 0.0 -0.0 0.0 0.0 -0.0 0.0 0.0 0.0 0.0 -0.0 0.0 0.0 -0.0 -0.0 -0.0 -0.0 0.0 0.0 0.0 -0.0 0.0 0.0 0.0 0.0 0.0 1.0633177 0.0 -0.0 0.0 0.0 0.0 -0.0 -0.0 0.0 0.0 -0.0 -0.0
0.0 -0.0 0.0 0.0 0.0 -0.0 -0.0 -0.0 0.0 0.0 -0.0 -0.0 -0.0 -0.0 -0.0 0.0 -0.0 0.0 0.0 0.0 0.0 0.0 0.0 0.0 0.0 0.0 0.0 -0.0 -0.0 0.0 -0.0 0.0 -0.0 -0.0 0.0 -0.0 0.0 0.0 0.0 -0.0 0.0 0.0 0.0 0.0 -0.0 0.0 0.0 -0.0 0.0 0.0 0.0 0.0 0.0 0.0 0.0 0.0 0.0 0.0 0.0 -0.0 0.0 0.0 0.0 0.0
-0.0 -0.0 -0.0 0.0 -0.0 0.0 0.0 0.0 -0.0 -1.0428092 -0.0 0.0 0.0 -0.0 -0.0 -0.0 0.0 0.70840573 0.0 0.0 0.0 -0.0 -0.0 0.0 -0.0 -0.0 -0.0 0.0 0.0 -0.0 0.0 -0.0 -0.0 0.0 0.0 -0.0 0.0 0.0 -0.0 -0.0 0.0 0.0 0.0 -0.0 -0.0 0.0 -0.0 -0.0 1.0245712 -0.7505539 0.0 0.0 0.0 -0.0 -0.0 0.0 0.0 -0.0 -0.0 0.0 -0.0 -0.0 -0.0 0.0
0.0 -0.0 0.0 -0.0 -0.0 0.0 -0.0 0.0 -0.0 0.0 -0.0 -0.0 -0.0 -0.0 -0.0 -0.0 0.0 0.0 0.0 -0.0 0.0 0.0 -0.0 0.0 -0.0 -0.0 -0.0 -0.0 -0.0 -0.0 0.0 -0.0 -0.0 -0.0 0.0 0.0 0.0 -0.0 -0.0 0.0 -0.0 0.0 -0.0 0.0 -0.0 -0.0 -0.0 0.0 -0.0 0.0 0.0 -0.0 0.0 0.0 0.0 0.0 -0.0 -0.0 0.0 0.0 0.0 0.0 0.0 0.0
0.0 0.0 -0.0 -0.0 -0.0 0.0 -0.0 0.0 -0.0 0.0 -0.0 -0.0 -0.0 -0.0 0.0 -0.0 0.0 -0.7335865 0.0 0.0 -0.0 -0.0 0.0 -0.0 0.0 -0.0 0.0 -0.0 -0.0 -0.0 -0.0 0.0 0.0 0.0 -0.0 -0.0 -0.0 -0.0 -0.0 -0.0 -0.0 -0.0 0.0 0.0 0.0 0.0 0.0 0.0 0.0 0.0 0.0 -0.0 0.0 0.0 0.0 0.0 -0.0 -0.0 -0.0 0.0 -0.0 -0.0 -0.0 -0.0
0.0 -0.0 -0.0 0.0 0.0 0.0 -0.0 0.0 0.0 -0.0 -0.0 -0.0 -0.0 -0.0 -0.0 -0.0 -0.0 0.0 0.0 -0.0 -0.0 -0.0 0.0 -0.0 0.0 0.0 -0.0 0.0 -0.0 0.0 -0.0 -0.0 -0.0 -0.0 -0.0 0.0 -0.0 -0.0 0.0 0.0 -0.0 0.0 0.0 0.0 -0.0 -0.0 -1.3837923 -0.0 0.0 -0.0 -0.0 0.0 0.0 0.0 -0.0 0.0 0.0 -0.0 0.0 -0.0 -0.0 -0.0 0.0 0.0
0.0 -0.0 0.0 -0.0 0.0 0.0 -0.0 0.0 -0.0 0.0 0.0 -0.0 -0.0 0.0 -0.0 0.0 -0.0 0.0 0.0 -0.0 0.0 -0.0 -0.0 0.0 0.0 0.0 0.0 -0.0 -0.0 0.0 0.0 0.0 -0.0 0.0 0.0 0.0 0.0 0.0 -0.0 0.0 -0.0 0.0 -0.0 -0.0 -0.0 0.0 0.0 -0.0 0.0 0.0 -0.0 0.0 -0.0 0.0 0.0 -0.0 0.0 0.0 -0.0 -0.0 0.0 0.0 0.0 -0.0
0.0 59.544857 0.0 -0.0 -0.0 -0.0 0.0 -0.0 -0.0 -0.0 -0.0 -0.0 -0.0 -0.0 0.0 -0.0 -0.0 0.0 0.0 -0.0 -0.0 0.0 -0.0 -0.0 -0.0 -0.0 -0.0 -0.0 0.0 -0.0 0.0 -0.0 0.0 -0.0 0.0 -0.0 -0.0 0.0 -0.0 -0.0 0.0 -0.0 -0.0 -0.0 0.0 -0.0 -0.0 0.0 0.0 -0.0 0.0 0.0 -0.0 -0.0 0.0 -0.0 0.0 -0.0 -0.0 0.0 -0.0 -0.0 0.0 0.0
-0.0 -0.0 0.0 0.0 -0.0 -0.0 0.0 0.0 -0.0 0.0 0.0 0.0 -0.0 -0.0 -0.0 0.0 0.0 0.0 0.0 -0.0 -0.0 0.0 -0.0 0.0 0.0 -0.0 0.0 -0.0 -0.0 0.0 -0.0 -0.0 -0.0 0.0 0.0 0.0 -0.0 0.0 0.0 0.0 0.0 0.0 0.0 -0.0 -0.0 -0.0 -0.0 -0.0 -0.0 -0.0 -0.0 0.0 -0.0 -0.0 -0.0 -0.0 -0.0 -0.0 -0.0 -0.0 -0.0 -0.0 -0.0 -0.0
-0.0 0.0 -0.0 0.0 0.0 0.0 0.0 0.0 0.0 0.0 -0.0 0.0 0.0 -0.0 0.0 0.0 0.0 -0.0 0.0 0.0 0.0 -0.0 0.0 -0.0 0.0 -0.0 0.0 0.0 -1.0507202 -0.0 -0.0 -0.0 0.0 0.0 -0.0 0.0 -0.0 0.0 0.0 0.0 -0.0 -0.0 -0.0 0.0 0.0 0.0 -0.0 0.0 0.0 -0.0 0.0 -0.0 0.0 0.0 -0.0 -0.0 0.0 0.0 -0.0 -0.0 -0.0 -0.0 -0.0 -0.0
-0.0 -0.0 -0.0 -0.0 -0.0 -0.0 -0.0 0.0 -0.0 -0.0 -0.0 0.0 0.0 -0.0 -0.0 -0.0 -1.0034239 -0.0 -0.0 -0.0 -0.0 -0.0 -0.0 -0.0 -0.0 -0.0 0.0 -0.0 -0.0 -0.0 0.0 0.0 0.0 0.0 -0.0 0.0 0.0 -0.0 -0.0 -0.0 -0.0 -0.0 -0.0 -0.0 0.0 0.0 0.0 -0.0 0.0 0.0 -0.0 -0.0 -0.0 -0.0 -0.0 -0.0 0.0 -0.0 -0.0 -0.0 -0.0 -0.0 -0.0 -0.0
0.0 -0.0 0.0 0.0 -0.0 -0.0 -0.0 0.0 -0.0 -0.0 -0.0 -0.0 -0.0 -0.0 -0.0 -0.0 -0.0 0.0 0.0 -0.0 0.0 0.0 -0.0 0.0 -0.0 -0.0 -0.0 0.0 -1.1733149 0.0 0.0 -0.0 -0.0 -0.0 0.0 -0.0 0.0 1.0660229 0.0 0.0 -1.0909656 0.9255254 -0.77054536 0.0 -0.9826645 0.0 0.0 0.0 0.0 0.0 0.0 -0.0 -0.0 0.0 -1.1009115 0.0 0.0 -0.0 -0.7785727 0.582665 0.0 0.0 0.0 0.0
-0.0 0.0 0.0 0.0 0.0 0.0 -0.0 0.0 -0.0 0.0 0.0 0.0 0.0 0.0 -0.0 -0.0 0.0 0.8306034 0.0 0.0 0.0 -0.0 0.0 -0.9728075 0.0 0.0 0.0 -0.0 0.0 0.0 0.0 -0.0 -0.0 0.0 -0.0 0.0 0.0 -0.0 -0.0 0.0 -0.0 0.40206635 -0.0 -0.0 -0.0 0.0 -0.0 -0.0 -0.0 -0.0 0.0 0.0 -0.0 -0.0 0.0 -0.0 -0.0 -0.0 0.0 0.0 -0.0 -0.0 0.0 0.0
-0.0 -0.0 -0.0 0.0 0.0 0.0 0.0 -0.0 -0.0 0.0 0.0 0.0 -0.0 -0.0 0.0 0.0 0.0 0.0 0.0 0.0 -0.0 -0.0 -0.0 0.0 0.0 -0.0 0.0 0.0 -0.0 0.0 0.0 0.0 -0.0 0.0 -0.0 -0.82595325 -0.0 -0.0 -0.0 0.0 -0.0 0.0 0.0 0.0 -0.0 0.0 -0.0 -0.0 0.0 0.0 0.0 0.0 0.0 -0.0 0.0 0.0 -0.0 -0.0 -0.0 0.0 0.0 -0.0 -0.0 0.0
0.0 0.0 -0.0 -0.0 -0.0 -0.0 -0.0 -0.0 -0.0 -0.0 -0.0 0.0 -0.0 0.0 0.0 0.0 -1.0394883 -0.0 0.0 0.0 -0.0 -0.0 -0.0 -0.0 -0.0 0.0 0.0 0.0 -0.0 0.0 0.0 -0.0 0.0 0.0 -0.0 -0.0 -0.0 -0.0 -0.0 0.0 -0.0 -0.0 0.0 0.0 0.0 0.0 -0.0 0.0 0.0 0.0 0.0 0.0 0.0 -0.0 0.0 -0.0 -0.0 0.0 -0.0 -0.0 0.0 -0.0 0.0 -0.0
0.0 -0.0 0.0 -0.0 0.0 0.0 -0.0 0.0 -0.0 -0.0 -0.0 0.0 0.0 -0.0 -0.0 -0.0 0.0 0.0 -0.0 -0.0 0.0 0.0 -0.0 0.0 -0.0 0.0 -0.0 -0.0 0.0 -0.0 0.0 -0.0 -0.0 0.0 0.0 0.0 0.0 -0.0 0.0 0.0 -1.4033437 0.0 -0.0 -0.0 -0.0 0.0 -0.0 -0.0 -0.0 0.0 -0.0 0.0 0.0 0.0 0.0 0.0 -0.0 -0.0 0.0 0.0 -0.0 -0.0 0.0 -0.0
0.0 -0.0 0.0 0.0 0.0 0.0 0.0 0.0 0.0 0.0 -0.0 0.0 0.0 0.0 -0.0 -0.0 0.0 0.0 -0.0 0.0 0.0 -0.0 0.0 0.0 0.0 -0.0 -0.0 -0.0 0.0 0.0 125.04237 -0.0 -0.0 -0.0 0.0 0.0 0.0 0.0 -0.0 -0.0 -0.0 0.0 -0.0 0.0 -0.0 -0.0 -0.0 -0.0 0.0 -0.0 0.0 0.0 0.0 0.0 -0.0 0.0 0.0 0.0 -0.0 0.0 0.0 102.84262 -0.0 0.0
-0.0 0.0 0.0 -0.0 0.0 0.0 -0.0 0.0 0.0 0.0 -0.0 0.0 0.0 0.0 0.0 0.0 0.0 -0.0 -0.0 0.0 -0.0 0.0 -0.0 -0.0 -0.0 0.0 -0.0 0.0 0.0 -0.0 0.0 0.0 0.0 -0.0 0.0 0.0 -0.0 -0.0 0.0 0.0 0.0 -0.0 -0.0 0.0 0.0 -0.0 0.0 0.0 -0.0 0.0 -0.0 0.0 -0.0 0.0 -0.0 0.0 0.0 0.0 0.0 0.0 0.0 -0.0 -0.0 0.0
0.0 -0.0 0.0 -0.0 -0.0 -0.0 -0.0 -0.0 -0.0 -0.0 -0.0 -0.0 0.0 -0.0 -0.0 -0.0 -0.0 0.0 -0.0 -0.0 -0.0 0.0 -0.0 -0.0 -0.0 0.0 -0.0 0.0 0.0 -0.0 0.0 -2.285381 -0.0 0.0 0.0 -0.0 0.0 -0.0 0.0 -0.0 -0.0 0.0 -0.0 0.0 -0.0 -0.0 -0.0 -0.0 0.0 0.0 0.0 0.0 -0.0 0.0 0.0 -0.0 0.0 0.0 0.0 0.0 -0.0 -0.0 0.0 0.0
0.0 -0.0 -0.0 0.0 -0.0 0.0 -0.0 0.0 -0.0 0.0 0.0 -0.0 -0.0 -0.0 -0.0 -0.0 0.0 0.85926497 0.0 0.0 0.0 -0.0 -0.0 -0.0 0.0 0.0 0.0 -0.8877355 0.0 0.0 -0.0 -0.0 -0.6855708 -0.0 -0.0 -0.0 -0.0 0.0 -0.0 0.0 0.0 0.0 -0.0 0.0 -0.0 -0.0 -0.0 -0.0 -0.0 0.0 0.0 0.0 0.0 -0.0 0.0 0.0 0.0 -0.0 -0.0 0.0 -0.0 0.0 0.0 -0.0
0.0 -0.0 0.0 -0.0 0.0 -0.0 0.0 0.0 0.0 0.0 0.0 -0.0 -0.0 0.0 -0.0 0.0 -0.0 0.0 0.0 -0.0 -0.0 0.0 0.0 0.0 -0.0 -0.0 0.0 0.0 -0.0 0.0 0.0 0.0 -0.0 -0.0 0.0 -0.0 0.0 -0.0 -0.0 0.0 -0.0 0.0 0.0 0.0 -0.0 -0.0 0.0 -0.0 0.0 0.0 0.0 0.0 -0.0 0.0 -0.0 0.0 -0.0 0.0 0.0 -0.0 0.0 0.0 -0.0 0.0
-0.0 0.0 0.0 -0.0 -0.0 -0.0 0.0 0.0 -0.0 -0.0 0.0 -0.0 0.0 0.0 0.0 0.0 0.0 -0.7060137 0.0 -0.0 0.0 -0.0 0.0 -0.0 -0.0 -0.0 0.0 -0.0 -0.0 0.0 0.0 0.0 0.0 0.0 0.51332223 -0.0 0.0 -0.0 0.0 -0.0 -0.0 -0.0 0.0 0.0 0.0 0.0 0.0 0.0 -0.0 -0.0 0.0 0.0 -0.0 0.0 -0.0 -0.0 0.0 0.0 -0.0 -0.0 0.0 0.0 -0.0 0.0
-0.0 0.0 0.0 0.0 0.0 0.0 0.0 -0.0 -0.0 0.0 0.0 0.0 0.0 0.0 0.0 -0.0 0.0 -0.0 0.0 0.0 0.0 -0.0 -0.0 0.0 0.0 -0.0 -0.0 0.0 -0.0 0.0 0.0 0.0 0.0 -0.0 -0.0 0.0 0.0 0.0 0.0 0.0 -0.0 -0.0 0.0 -0.0 0.0 -0.0 -0.0 -0.0 -0.0 -0.0 92.437386 0.0 -0.0 0.0 -0.0 -0.0 -0.0 0.0 -0.0 -0.0 -0.0 0.0 0.0 -0.0
0.0 -0.0 0.0 0.0 -0.0 0.0 -0.0 0.0 0.0 0.0 0.0 0.0 0.0 -0.0 -0.0 -0.0 0.0 0.0 -0.0 -0.0 0.0 0.0 -0.0 0.0 0.0 0.0 -0.0 0.0 0.0 0.0 0.0 0.0 -0.0 0.0 0.0 0.0 0.0 0.0 0.0 -0.0 -0.0 0.0 0.0 0.0 -0.0 0.0 -0.0 -0.0 0.0 0.0 -0.0 -0.0 0.0 -0.0 0.0 0.0 0.0 0.0 0.0 -0.0 0.0 0.0 0.0 -0.0
-0.0 -1.4168302 -0.0 0.0 0.0 -0.0 -0.0 0.0 -0.0 0.0 0.0 0.0 -0.0 -0.0 -0.0 -1.3317924 -0.0 0.0 -0.0 0.0 0.0 0.0 -0.0 -0.0 -0.0 -0.0 -0.0 0.0 0.0 0.0 -0.0 -0.0 -0.0 -0.0 -0.0 -0.0 0.0 -0.0 0.0 0.0 0.0 1.0490137 -0.0 -0.0 -0.0 -1.4705219 -0.0 0.0 -0.0 0.0 0.0 -0.0 0.0 0.0 0.0 -0.0 0.0 -0.0 0.0 0.0 -0.0 0.0 0.0 0.0
-0.0 -0.0 -0.0 0.0 -0.0 0.0 -0.0 0.0 -0.0 -0.0 -0.0 0.0 0.0 -0.0 -0.0 -0.0 -0.0 -0.0 0.0 0.0 -0.0 0.0 0.0 0.0 -0.0 0.0 -0.0 0.0 -0.0 0.0 0.0 -0.0 0.0 0.0 -0.0 0.0 0.0 0.0 -0.0 0.0 0.0 0.0 0.0 -0.0 0.0 -0.0 0.0 -0.0 0.0 0.0 -0.0 -0.0 0.0 0.0 0.0 -0.0 0.0 -0.0 -0.0 -0.0 -0.0 -0.0 0.0 0.0
-0.0 0.0 -0.0 0.0 -0.0 -0.0 -0.0 -0.0 -0.0 -0.0 0.0 -0.0 -0.0 0.0 0.0 0.0 -0.0 -0.0 -0.0 -0.0 -0.0 0.0 -0.0 0.0 -0.0 -0.0 0.0 -0.0 0.0 -0.0 -0.0 0.0 0.0 -0.0 0.0 -0.0 -0.0 -0.0 0.0 -0.0 -0.0 -0.0 -0.0 -0.0 0.0 0.0 -0.0 0.0 -0.0 -0.0 -0.0 -0.0 -0.0 -0.0 -0.0 -0.0 0.0 -0.0 0.0 -0.0 0.0 -0.0 -0.0 0.0
-0.0 -0.0 0.0 0.0 -0.0 -0.0 0.0 0.0 0.0 -0.0 -0.0 -0.0 -0.0 -0.0 -0.0 -0.0 -0.0 0.0 -0.0 0.0 0.0 -0.0 0.0 -0.0 0.0 0.0 -0.0 -0.0 0.0 -0.0 -0.0 -0.0 -0.0 -0.0 0.0 -0.0 -0.0 0.0 0.0 0.0 0.0 0.0 0.0 -0.0 -0.0 -0.0 -0.0 -0.0 0.0 -0.0 0.0 0.0 0.0 -0.0 -0.0 -0.0 -0.0 0.0 -1.6982273 0.0 -0.0 -0.0 -0.0 0.0
0.0 0.0 -0.0 -0.0 -0.0 0.0 0.0 -0.0 0.0 -0.0 -0.0 -0.0 -0.0 -0.0 0.0 -0.0 0.0 -0.0 -0.0 -0.0 -0.0 -0.0 0.0 -0.0 0.0 -0.0 0.0 0.0 -0.0 -0.0 -0.0 0.0 0.0 -0.0 0.0 -0.0 -0.0 -0.0 -0.0 0.0 -0.0 -0.0 -0.0 -0.0 0.0 -0.0 -0.0 0.0 -0.0 -0.0 -0.0 -0.0 -0.0 0.0 -0.0 0.0 -0.0 0.0 -0.0 0.0 -0.0 0.0 -0.0 -0.0
0.0 124.48583 0.0 0.0 -0.0 0.0 0.0 0.0 0.0 0.0 -0.0 -0.0 -0.0 0.0 0.0 0.0 -0.0 -0.0 0.0 -0.0 0.0 0.0 -0.0 0.0 -0.0 -0.0 -0.0 -0.0 -0.0 -0.0 0.0 -0.0 0.0 -0.0 -0.0 -0.0 -0.0 -0.0 0.0 -0.0 0.0 -0.0 -0.0 0.0 0.0 -0.0 0.0 0.0 -0.0 0.0 -0.0 -0.0 0.0 -0.0 0.0 0.0 -0.0 0.0 -0.0 -0.0 -0.0 -0.0 0.0 -0.0
0.0 -0.0 0.0 0.0 -0.0 0.0 -0.0 0.0 -0.0 -0.0 -0.0 0.0 0.0 0.0 -0.0 -0.0 0.0 0.0 0.0 -0.0 0.0 -0.0 0.0 0.0 -0.0 0.0 -1.3514318 -0.0 0.0 -0.0 0.0 -0.0 -0.0 -0.0 -0.0 0.0 0.0 -0.0 -0.0 0.0 -0.0 0.64958566 -0.0 -0.0 -0.0 -0.0 -0.0 0.0 -0.0 0.0 -0.0 0.0 0.0 0.0 0.0 -0.0 0.0 -0.0 0.0 0.0 -0.0 0.0 0.0 0.0
0.0 -0.0 -0.0 -0.0 0.0 0.0 0.0 0.0 0.0 -0.0 0.0 -0.0 -0.0 -0.0 -0.0 -0.0 -0.0 0.0 -0.0 -0.0 -0.0 0.0 -0.0 -0.0 -0.0 -0.0 0.0 0.0 -0.0 0.0 -0.0 -0.0 -0.0 0.0 0.0 -0.0 0.0 0.0 -0.0 -0.0 0.0 0.0 -0.0 -0.0 -0.0 0.0 0.0 -0.0 -0.0 -0.0 -0.0 -0.0 0.0 -0.0 -0.0 0.0 0.0 -0.0 0.0 -0.0 -0.0 0.0 -0.0 0.0
-0.0 0.0 -0.0 -0.0 -0.0 -0.0 0.0 -0.94628686 -0.0 0.0 -0.0 0.0 -0.0 -0.0 -0.0 -0.0 0.0 -0.0 -0.0 -0.0 0.0 -0.0 0.0 -0.0 -0.0 -0.0 0.0 -0.0 -0.0 -0.0 0.0 0.0 0.0 -0.0 0.0 -0.0 0.0 -0.0 -0.0 0.0 -0.0 -0.0 -0.0 -0.0 -0.0 -0.0 0.0 -0.0 -0.0 0.0 -0.0 -0.0 -0.0 -0.0 0.0 -0.0 -0.0 -0.0 -0.0 0.0 0.0 0.0 0.0 0.0
-0.0 0.0 0.0 0.0 0.0 0.0 0.0 0.0 0.0 0.0 -0.0 -0.0 -0.0 -0.0 -0.0 -0.0 0.0 -0.0 0.0 0.0 -0.0 -0.0 0.0 -0.0 0.0 0.0 0.0 0.0 0.0 -0.0 -0.0 0.0 0.0 -0.0 -0.0 -0.0 -0.0 -0.0 -0.0 0.0 -0.0 -0.0 -0.0 0.0 -0.0 -0.0 -0.0 0.0 -0.0 -0.0 -0.0 0.8674925 -0.0 -0.0 -0.0 -0.0 -0.0 0.0 -0.0 -0.0 0.0 -0.0 0.0 0.0
0.0 0.0 0.0 0.0 0.0 -0.0 0.0 -0.0 0.0 -0.0 -0.0 0.0 -0.0 -0.9901075 0.0 -1.7863641 -0.0 -0.0 0.0 0.0 -0.0 0.0 0.0 -0.0 -0.0 -0.0 -0.0 0.0 -0.0 -0.0 -0.0 -0.0 0.0 -0.0 -0.0 0.0 -0.0 -0.0 -0.0 -0.0 -0.0 -0.0 -0.0 0.0 0.0 0.0 -0.0 0.0 0.0 -0.0 0.0 -0.0 0.0 -0.0 -0.0 0.0 0.0 -0.0 -0.0 0.0 -0.0 0.0 0.0 0.0
0.0 -0.0 0.0 -0.0 -0.0 0.0 -0.0 0.0 -0.0 0.0 -0.0 0.0 0.0 -0.0 0.0 -1.3584383 0.0 0.0 0.0 0.0 0.0 -0.0 -0.0 0.0 -0.0 -0.0 -0.0 0.0 0.0 0.0 0.0 -0.0 -0.0 -0.0 0.0 -0.0 0.0 0.0 0.0 0.0 -0.0 -0.0 0.0 0.0 -0.0 -0.0 0.0 -0.0 -0.0 0.0 0.0 0.0 0.0 -0.0 -0.0 0.0 0.0 0.0 0.0 -0.0 -0.0 0.0 0.0 0.0
0.0 0.0 -0.0 0.0 -0.0 -0.0 0.0 -0.0 -0.0 0.0 0.0 0.0 0.0 -0.0 0.0 0.0 0.0 -0.0 0.0 0.0 0.0 -0.0 0.0 -0.0 0.0 -0.0 0.0 -0.0 -0.0 0.0 0.0 -0.0 0.0 0.0 -0.0 -0.0 -0.0 -0.0 -0.0 0.0 0.0 -0.0 -0.0 0.0 0.0 0.0 0.0 0.8964023 -1.1594727 -0.0 -0.0 0.0 -0.0 -0.0 -0.0 -0.0 0.0 -0.0 0.0 -0.0 -0.0 0.0 0.0 -0.0
0.0 0.0 0.0 -0.0 0.0 0.0 0.0 -0.0 0.0 -0.0 -0.0 0.0 -0.0 -0.0 0.0 -0.0 0.0 -0.0 0.0 0.0 -0.0 0.0 0.0 -0.0 0.0 -0.0 0.0 0.0 -0.0 -0.0 -0.0 0.0 0.0 0.0 -0.0 0.0 -0.0 0.0 0.0 -0.0 0.0 -0.0 -0.0 0.0 0.0 -0.0 -0.0 0.0 -0.0 -0.0 -0.0 -0.0 -0.0 -0.0 -0.0 -0.0 0.0 0.0 0.0 -0.0 0.0 -0.0 -0.0 -0.0
-0.0 1.2349448 -0.0 0.0 -0.0 -0.0 -0.0 -0.0 -0.0 0.0 0.0 0.0 -0.0 0.0 0.0 0.0 0.0 -0.0 0.0 -0.0 -0.0 0.0 0.0 0.0 0.0 -0.0 -0.0 -0.0 0.0 0.0 -0.0 0.0 0.0 -0.0 0.0 -0.0 -0.0 -0.0 0.0 0.0 -0.0 -0.0 0.0 -0.0 0.0 -0.0 0.0 0.0 -0.0 -0.0 0.0 -0.0 0.0 -0.0 -0.0 -1.4930224 0.0 -0.0 -0.0 -0.0 0.0 0.0 -0.0 0.0
0.0 0.0 -0.0 -0.0 -0.0 0.0 -0.0 -0.0 0.0 -0.0 0.0 -1.3502322 -0.0 0.0 0.0 0.0 -0.0 -0.0 0.0 -0.0 -0.0 -0.0 -0.0 -0.0 -0.0 0.0 0.0 -0.0 -0.0 0.0 -0.0 -0.0 0.61467695 0.0 0.0 0.0 -0.0 -0.0 0.0 -0.0 -0.0 -0.0 -0.0 0.0 0.0 -0.0 -0.0 0.0 0.0 0.0 0.0 0.0 -0.0 -0.0 0.0 0.0 0.0 0.0 0.0 -0.0 0.0 -0.0 0.0 0.0
0.0 -0.0 -0.0 -0.0 0.0 -0.0 -0.0 0.0 -0.0 0.0 -0.0 0.0 0.0 0.0 -0.0 -0.0 -0.0 0.0 -0.0 -0.0 -0.0 -0.0 -0.0 -0.0 -0.0 -0.0 -0.0 -0.0 -0.0 -0.0 -0.0 -0.0 -0.0 -0.0 -0.0 0.0 -0.0 -0.0 -0.0 0.0 -0.0 0.0 -0.0 -0.0 -0.0 -0.0 -0.0 -0.0 -0.0 -0.0 -0.0 -0.0 -0.0 -0.0 -0.0 -0.0 -0.0 -0.0 -0.0 -0.0 -0.0 -0.0 -0.0 -0.0
-0.0 0.0 -0.0 -0.0 -0.0 -0.0 0.0 -0.0 -0.0 0.0 -0.0 0.0 0.0 0.0 0.0 -0.0 -0.0 -0.0 -0.0 -0.0 -0.0 -0.0 -0.0 -0.0 -0.0 0.0 -0.0 0.0 0.0 -0.0 0.0 -0.0 0.0 -0.0 -0.0 -0.0 0.0 -0.0 0.0 -0.0 -0.0 -0.0 -0.0 -0.0 0.0 -0.0 0.0 -0.0 -0.0 0.0 0.0 -0.0 -0.0 0.0 -0.0 0.0 0.0 -0.0 0.0 0.0 0.0 -0.0 0.0 -0.0
0.0 0.0 0.0 0.0 -0.0 -0.0 0.0 -0.0 0.0 -0.0 -0.0 0.0 0.0 0.0 0.0 0.0 0.0 -0.0 0.0 0.0 0.0 -0.0 0.0 -0.0 -0.0 0.0 0.0 -0.0 0.0 -0.0 0.0 -0.0 0.0 0.0 -0.0 0.0 -0.0 0.0 0.0 -0.0 -0.0 -0.0 0.0 0.0 0.0 0.0 -0.0 0.0 -0.0 -0.0 0.0 0.0 0.0 -0.0 0.0 0.0 0.0 0.0 0.0 0.0 0.0 -0.0 -0.0 -0.0
-0.0 -0.0 -0.0 0.0 -0.0 -0.0 -0.0 -0.0 0.0 0.0 -0.0 -0.0 -0.0 -0.0 0.0 -0.0 -0.0 0.62774205 -0.0 0.0 -0.0 0.0 -0.0 0.0 0.0 0.0 -0.0 0.0 -0.46415627 -0.0 -0.0 -0.0 -0.0 -0.0 0.0 -0.0 0.0 0.0 0.0 0.0 -0.0 0.0 -0.0 -0.0 -0.292679 -0.0 0.0 0.0 0.0 0.0 -0.0 0.0 -0.0 -0.0 -0.34879243 0.0 0.0 0.0 -0.0 0.0 -0.0 -0.0 0.0 0.0
0.0 -0.0 0.0 -0.0 -0.0 0.0 -0.0 0.0 -0.0 -0.0 0.0 0.0 -0.0 -0.0 -0.0 -0.0 0.0 0.0 -0.0 -0.0 -0.0 -0.0 0.0 -0.0 -0.0 0.0 -0.0 -0.0 -0.0 0.0 0.0 0.0 -0.0 0.0 -0.0 0.0 0.0 -0.0 -0.0 -0.0 -0.0 0.0 -0.0 -0.0 -0.0 -0.0 -0.0 -0.0 0.0 0.0 0.0 -0.0 0.0 0.0 -0.0 -0.0 -0.0 -0.0 -0.0 0.0 -0.0 0.0 0.0 -0.0
0.0 -0.0 0.0 0.0 -0.0 0.0 -0.0 0.0 0.0 -0.0 -0.0 0.0 -0.0 0.0 -0.0 0.0 0.0 0.0 -0.0 0.0 -0.0 0.0 -0.0 0.0 0.0 -0.0 -0.0 0.0 0.0 0.0 0.0 0.0 -0.0 -0.0 -0.0 -0.0 -0.0 -0.0 0.0 -0.0 -0.0 0.0 -0.0 -0.0 -0.0 0.0 0.0 -0.0 0.0 0.0 -0.0 -0.0 0.0 0.0 -0.0 0.0 0.0 -0.0 -0.0 0.0 0.0 0.0 -0.0 0.0
-0.0 -0.0 0.0 0.0 0.0 0.0 0.0 0.0 0.0 0.0 0.0 -0.0 -0.0 0.0 0.0 0.0 -0.0 0.0 -0.0 0.0 0.0 -0.0 -0.0 0.0 0.0 0.0 0.0 -0.0 0.0 0.0 0.0 -0.0 0.0 0.0 0.0 0.0 0.0 0.0 0.0 -0.0 -0.0 0.0 -0.0 0.0 0.0 -0.0 -0.0 1.0473756 0.0 -0.0 1.3115205 -0.0 0.0 0.0 -0.0 -0.0 0.0 -0.0 0.0 -0.0 -0.0 0.0 -0.0 -0.0
-0.0 -0.0 -0.0 -0.0 -0.0 0.0 -0.0 -0.0 0.0 0.0 0.0 -0.0 0.0 0.0 -0.0 -0.0 0.0 0.0 -0.0 0.0 -0.0 -0.0 -0.0 -0.0 -0.0 0.0 -0.0 0.0 0.0 0.0 -0.0 0.0 -0.0 0.0 -0.0 0.0 0.0 0.0 -0.0 0.0 0.0 0.0 -0.0 0.0 -0.0 0.0 0.0 -0.0 -0.0 -0.0 0.0 0.0 -0.0 -0.0 -92.00982 0.0 0.0 0.0 0.0 0.0 0.0 0.0 -0.0 0.0
0.0 -0.0 -0.0 -0.0 0.0 -0.0 0.0 0.0 -0.0 -0.0 -0.0 -0.0 -0.0 -0.0 -0.0 -0.0 -0.0 0.0 -0.0 -0.0 -0.0 -0.0 0.0 -0.0 -0.0 -0.0 -0.0 0.0 -0.0 0.0 -0.0 -0.0 -0.0 -0.0 0.0 0.0 -0.0 -0.0 -0.0 0.0 0.0 0.0 0.0 -0.0 0.0 0.0 0.0 -0.0 0.0 0.0 0.0 0.0 -0.0 0.0 -0.0 0.0 0.0 -0.0 -0.0 -0.0 -0.0 -0.0 -0.0 -0.0
0.0 1.165918 0.0 0.0 -0.0 -0.0 -0.0 -0.0 0.0 -0.0 -0.0 -0.0 -0.0 -0.0 0.0 0.0 0.0 -0.0 -0.0 0.0 0.0 0.0 0.0 0.0 -0.0 0.0 0.0 0.0 0.0 -0.0 -0.0 0.0 0.0 -0.0 -0.0 0.0 -0.0 -0.0 0.0 -1.9393231 0.0 -0.0 -0.0 -0.0 0.0 0.0 0.0 0.0 0.0 -0.0 -0.0 0.0 -0.0 0.0 0.0 0.0 0.0 0.0 -0.0 0.0 0.0 0.0 0.0 0.0
0.0 0.0 -0.0 -0.0 -0.0 -0.0 0.0 -0.0 -0.0 -0.0 -0.0 0.0 0.0 0.0 0.0 0.0 0.0 -0.0 -0.0 -0.96126086 0.0 -1.1737145 0.0 -0.0 -0.0 -0.0 0.0 0.0 0.0 -0.0 -0.0 0.0 0.0 0.0 -0.0 -0.0 -0.0 0.0 -0.0 -0.0 -0.0 -0.0 -0.0 -0.0 0.0 -0.0 -0.0 0.0 0.0 0.0 -0.0 -0.0 -0.0 -0.0 -0.0 -0.0 -0.0 -0.0 -0.0 0.0 0.0 0.0 -0.0 0.0
0.0 -0.0 -0.0 -0.0 -0.0 -0.0 -0.0 0.0 0.0 -0.0 -0.0 -0.0 0.0 0.0 -0.0 -0.0 -0.0 0.6860878 0.0 -0.0 0.0 0.0 0.0 0.0 0.0 -0.0 -0.0 0.0 0.0 0.0 0.0 0.0 -0.0 -0.0 -0.0 -0.0 0.0 0.0 0.0 -0.0 0.0 0.0 0.0 -0.0 -0.0 -0.0 0.0 -0.0 -0.0 -0.0 -0.0 -0.0 -0.0 -0.0 -0.0 -0.0 0.0 0.0 -0.0 -0.0 -0.0 -0.0 0.0 -0.0
0.0 -0.0 -0.0 -0.0 0.0 -0.0 0.0 0.0 0.0 0.0 -0.0 0.0 0.0 0.0 -0.0 0.0 -0.0 0.0 0.0 0.0 -0.0 0.0 0.0 0.0 0.0 -0.0 0.0 -0.0 -0.0 -0.0 -0.0 0.0 -0.0 0.0 0.0 0.0 -0.0 -0.0 -0.0 0.0 -0.0 0.0 0.0 0.0 -0.0 0.0 0.0 -0.0 0.0 0.0 -0.0 0.0 0.0 -0.0 0.0 -0.0 -0.0 -0.0 -0.0 -0.0 0.0 -0.0 -0.0 0.0
0.0 0.0 0.0 0.0 -0.0 0.0 -0.0 0.0 0.0 -0.0 -0.0 -0.0 0.0 0.0 0.0 -0.0 0.0 -0.0 0.0 -0.0 0.0 -0.0 0.0 -0.0 0.0 0.0 -0.0 0.0 0.0 -0.0 0.0 -0.0 0.0 -0.0 -0.0 0.0 0.0 -0.0 0.0 -0.0 -0.0 -0.0 0.0 0.0 0.0 -0.0 -0.0 0.0 0.0 -0.0 -0.0 0.0 0.0 -0.0 0.0 0.0 0.0 0.0 0.0 0.0 0.0 -0.0 -0.0 -0.0
0.0 0.0 -0.0 -0.0 -0.0 0.0 -0.0 -0.0 -0.0 -0.0 -0.0 -0.0 -0.0 -0.0 -0.0 0.0 0.0 0.0 -0.0 -0.0 0.0 -0.0 0.0 -0.0 0.0 -0.0 -0.0 -0.0 0.0 0.0 -0.0 0.0 0.0 -0.0 -0.0 -0.0 0.0 0.0 -0.0 -0.0 0.0 -0.0 0.0 -0.0 -0.0 0.0 -0.0 -0.0 -0.0 -0.0 -0.0 -0.0 -0.0 -0.0 0.0 0.0 -0.0 -0.0 0.0 0.0 0.0 0.0 0.0 0.0
0.0 0.48085007 0.0 -0.0 -0.0 0.0 0.0 0.0 0.0 -0.9912622 -0.0 0.0 -0.0 -0.0 0.0 -0.0 0.0 -0.84087473 -0.0 -0.0 0.0 0.0 0.0 0.0 0.0 -0.0 0.0 0.57736593 -0.0 -0.0 -0.0 -0.0 0.0 -0.0 -0.0 0.0 -0.0 -0.0 -0.0 -0.0 -0.0 -0.0 0.0 0.0 0.0 -0.0 0.0 0.0 0.0 -0.0 -0.0 -0.0 -0.0 0.0 -0.0 0.0 0.0 -0.0 0.0 0.0 -0.0 0.0 -0.0 -0.0
0.0 -0.0 -0.0 -0.0 -0.0 0.0 0.0 0.0 0.0 0.0 -0.0 -0.0 -0.0 -0.0 -0.0 -0.0 0.0 0.0 -0.0 -0.0 0.0 0.0 0.0 -0.0 -0.0 0.0 -0.0 0.0 0.0 -0.0 -0.0 -0.0 -0.0 0.0 0.0 0.0 0.0 0.0 0.0 -0.0 0.0 0.0 -0.0 -0.0 -0.0 -0.0 -0.0 -0.0 -0.0 -0.0 -0.0 0.0 -0.0 0.0 -0.0 -0.0 0.0 -0.0 0.0 -0.0 -0.0 -0.0 0.0 -0.0
-0.0 -0.0 0.0 0.0 -0.0 0.0 -0.0 0.0 0.0 0.0 -0.0 -0.0 0.0 -0.0 -0.0 -0.0 0.0 0.0 0.0 0.0 0.0 0.0 0.0 -0.0 0.0 -0.0 -0.0 0.0 -0.0 0.0 0.0 -0.0 -0.0 0.0 0.0 -0.0 0.0 -0.0 0.0 0.0 -0.0 -0.0 -0.0 0.0 -0.0 -0.0 -0.0 0.0 -0.0 -0.0 0.0 0.0 -0.0 0.0 -0.0 -0.0 -0.0 0.0 -0.0 -0.0 -0.0 -0.0 -0.0 -0.0
-0.0 0.0 0.0 -0.0 -0.0 -0.0 0.0 -0.0 0.0 0.0 -0.0 -0.0 -0.0 0.0 0.0 0.0 -0.0 -0.0 -0.0 0.0 -0.0 -0.0 -0.0 -0.0 -0.0 0.0 -0.0 -0.0 -0.0 -0.0 -0.0 -0.0 0.0 -0.0 -0.0 -0.0 -0.0 -0.0 -0.0 -0.0 0.0 -0.0 -0.0 -0.0 0.0 -0.0 0.0 -0.0 -0.0 0.0 -0.0 -0.0 -0.0 -0.0 0.0 -0.0 -0.0 0.0 -0.0 -0.0 -0.0 -0.0 -0.0 0.0
-0.0 -0.0 0.0 0.0 -0.0 -0.0 0.0 -0.0 0.0 0.0 -0.0 0.0 0.0 -0.0 -0.0 -0.0 0.0 0.0 -0.0 0.0 -0.0 0.0 0.0 -0.0 0.0 -0.0 -0.0 0.0 -0.0 -0.0 0.0 -0.0 -0.0 -0.0 0.0 -0.0 0.0 0.0 -0.0 0.0 0.0 0.0 0.0 0.0 -0.0 -0.0 0.0 -1.1506121 0.0 -0.0 -0.0 -0.0 0.0 0.0 -0.0 -0.0 -0.0 0.0 -0.0 -0.0 -0.0 -0.0 -0.0 0.0
-0.0 0.0 -0.0 -0.0 -0.0 -0.0 0.0 -0.0 -0.0 0.0 -0.0 0.0 -0.0 -0.0 -0.0 -0.0 0.0 -0.0 -0.0 -0.0 0.0 -0.0 -0.0 -0.0 -0.0 -0.0 0.0 0.0 -0.0 -0.0 0.0 0.0 0.0 -0.0 -0.0 -0.0 0.0 -0.0 -0.0 0.0 -0.0 -0.0 -0.0 -0.0 -0.0 0.0 0.0 -0.0 -0.0 -0.0 -0.0 -0.0 -0.0 -0.0 -0.0 -0.0 -0.0 -0.0 -0.0 -0.0 0.0 0.0 0.0 0.0
0.0 -0.0 -0.0 0.0 0.0 -0.0 -0.0 -0.0 0.0 -0.0 0.0 0.0 0.0 0.0 -0.0 0.0 0.0 0.0 -0.0 -0.0 0.0 0.0 0.0 -0.0 0.0 0.0 0.0 -0.0 0.0 0.0 0.0 0.0 -0.0 -0.0 0.0 0.0 0.0 0.0 0.0 -0.0 0.0 0.0 0.0 -0.0 -0.0 -0.0 0.0 -0.0 0.0 0.0 -0.0 -0.0 -0.0 0.0 0.0 0.0 0.0 -0.0 -0.0 -0.0 -0.0 0.0 0.0 -0.0
0.0 -0.0 0.0 -0.0 0.0 -0.0 -0.0 -0.0 0.0 0.0 -0.0 -0.0 -0.0 -0.0 0.0 -0.0 0.0 -0.77081245 -0.0 -0.0 -0.0 0.0 0.42499888 0.0 0.0 -0.0 -0.0 0.0 -0.0 -0.0 -0.0 -0.0 0.0 -0.0 0.0 0.0 -0.0 -0.0 -0.0 0.0 -0.0 -0.41506067 0.0 -0.0 0.0 -0.0 0.0 -0.0 -0.0 -0.0 -0.0 -0.0 0.0 0.0 0.0 0.44238502 -0.0 -0.0 -0.0 -0.0 0.0 -0.0 -0.0 -0.0
0.0 0.0 -0.0 0.0 0.0 0.0 0.0 -0.0 0.0 0.0 -0.0 -0.0 -0.0 0.0 0.0 0.0 -0.0 -0.0 0.0 -0.0 0.0 -0.0 -0.0 0.0 0.0 0.0 0.0 -0.0 -0.0 -0.0 -0.0 0.0 0.0 0.0 0.0 0.0 -0.0 0.0 -0.0 0.0 -0.0 -0.0 0.0 0.0 0.0 0.0 -0.0 -0.0 -0.0 -0.0 -0.0 -0.0 -0.0 0.0 0.0 -0.0 0.0 0.0 -0.0 -0.0 -0.0 -0.0 0.0 -0.0
-0.0 0.0 0.0 0.0 0.0 0.0 0.0 0.0 0.0 -0.0 -0.0 -0.0 0.0 0.0 0.0 0.0 0.0 -0.0 0.0 0.0 0.0 -0.0 0.0 0.0 -0.0 0.0 -0.0 0.0 -0.0 -0.0 -0.0 -0.0 0.0 -0.0 0.0 0.0 -0.0 0.0 0.0 -0.0 -0.0 -0.0 -0.0 0.0 0.0 -0.0 0.0 -0.0 0.0 0.0 0.0 0.0 -0.0 0.0 -0.0 0.0 -0.0 0.0 -0.0 0.0 0.0 -0.0 -0.0 0.0
0.0 -0.0 -0.0 0.0 -0.0 0.0 -0.0 -0.0 0.0 -0.0 0.0 0.0 0.0 -0.0 -0.0 0.0 -0.0 0.0 0.0 0.0 -0.0 -0.0 0.0 -0.0 -0.0 -0.0 -0.0 0.0 -0.0 -0.0 0.0 -0.0 -0.0 0.0 -0.0 -0.0 0.0 -0.0 -0.0 0.0 0.0 0.0 -0.0 -0.0 -0.0 0.0 0.0 -0.6523155 0.0 0.0 -0.0 -0.0 -0.0 0.0 -0.0 0.0 0.0 -0.0 -0.0 0.0 0.0 0.0 0.0 0.0
-0.0 0.0 0.0 0.0 0.0 -0.0 -0.0 -0.0 0.0 0.0 -0.0 -0.0 -0.0 -0.0 0.0 -0.0 -0.0 -0.0 -0.0 0.0 -0.0 -0.0 -0.0 -0.0 -0.0 -0.0 -0.0 0.0 0.0 -0.0 -0.0 -0.0 0.0 -0.0 0.0 -0.0 -0.0 -0.0 0.0 -0.0 -0.0 -0.0 -0.0 -0.0 -0.0 -0.0 -0.0 0.0 -0.0 -0.0 -0.0 0.0 -0.0 -0.0 -0.0 -0.0 0.0 0.0 -0.0 -0.0 0.0 -0.0 -0.0 0.0
-0.0 -0.0 -0.0 -0.0 -0.0 -0.0 -0.0 0.0 -0.0 -0.0 -0.0 0.0 -0.0 -0.0 -0.0 -0.0 0.0 0.0 0.0 -0.0 -0.0 0.0 -0.0 -0.0 -0.0 -0.0 -0.0 0.0 -0.0 0.0 0.0 0.0 -0.0 -0.0 -0.0 -0.0 0.0 0.0 -0.0 -0.0 0.0 0.0 0.0 0.0 -0.0 -0.0 0.0 -0.0 0.0 -0.0 0.0 0.0 0.0 0.0 -0.0 -0.0 -0.0 -0.0 -0.0 0.0 0.0 0.0 -0.0 0.0
0.0 0.0 0.0 0.0 0.0 0.0 0.0 0.0 0.0 0.0 -0.0 0.0 -0.0 0.0 0.0 -0.0 0.0 0.0 0.0 0.0 0.0 0.0 0.0 0.0 0.0 0.0 -0.0 0.0 0.0 -0.0 -0.0 0.0 -0.0 -0.0 -0.0 0.0 -0.0 0.0 0.0 0.0 0.0 0.0 0.0 0.0 0.0 0.0 0.0 0.0 0.0 0.0 -0.0 0.0 0.0 0.0 0.0 0.0 0.0 -0.0 0.0 0.0 -0.0 0.0 0.0 0.0
0.0 -0.0 -0.0 0.0 0.0 0.0 0.0 -0.0 -0.0 -0.0 -0.0 -0.0 -0.0 -0.0 -0.0 -0.0 -0.0 0.0 0.0 0.0 0.0 0.0 0.0 0.0 0.0 0.0 -0.0 0.0 -0.0 -0.0 -0.0 -0.0 -0.0 -0.0 0.0 0.0 -0.0 -0.0 -0.0 -1.419413 -0.0 0.0 -0.0 0.0 -0.0 -0.0 0.0 -0.0 -0.0 0.0 -0.0 -0.0 0.0 0.0 0.0 -0.0 0.0 0.0 0.0 -0.0 0.0 -0.0 -0.0 0.0
0.0 0.7543451 0.0 0.0 0.0 0.0 0.0 0.0 0.0 1.0315979 -0.0 -0.0 -0.0 -0.0 0.0 0.0 0.0 -0.0 -0.0 -0.0 0.0 0.0 0.0 0.0 0.0 -0.0 0.0 -1.6563313 0.0 -0.0 -0.0 -0.0 0.8377641 0.0 -0.0 0.0 -0.0 0.0 0.0 0.0 0.0 -0.0 -0.0 0.0 0.0 0.0 -0.0 0.0 -0.0 0.0 -0.0 0.0 -0.0 -0.0 0.0 -0.0 -0.0 0.0 -0.0 -0.0 0.0 -0.0 0.0 0.0
-0.0 -0.0 -0.0 0.0 -2.249441 -0.0 0.0 -0.0 -0.0 0.0 0.0 0.0 -0.0 0.0 -0.0 -0.0 -0.0 1.365802 -0.0 -0.0 0.0 -0.0 -0.0 -0.0 0.0 -0.0 0.0 -0.0 -0.0 -0.0 -0.0 0.0 -0.0 -0.0 -0.0 -0.0 -0.0 -0.0 0.0 -0.0 -0.0 0.0 -0.0 0.0 -0.0 -0.0 0.0 -0.0 -0.0 -0.0 -0.0 -0.0 -0.0 0.0 -0.0 0.0 -0.0 0.0 0.0 0.0 0.0 0.0 0.0 0.0
-0.0 1.3238654 0.0 -0.0 0.0 -0.0 0.0 0.0 -0.0 0.0 -0.0 0.0 0.0 0.0 0.0 0.0 -0.0 -0.0 0.0 0.0 -1.8735824 -0.0 -0.0 -0.0 -0.0 -0.0 0.0 0.0 -0.0 -0.0 -0.0 0.0 0.0 0.0 -0.0 0.0 -0.0 -0.0 -0.0 0.0 -0.0 -0.0 0.0 -0.0 0.0 0.0 0.0 0.0 -0.0 -0.0 -0.0 0.0 -0.0 -0.0 -0.0 -0.0 -0.0 -0.0 -0.0 -0.0 -0.0 -0.0 0.0 0.0
-0.0 -0.0 0.0 -0.0 -0.0 0.0 -0.0 0.0 -0.0 -0.0 0.0 -1.3249551 -0.0 -1.3143072 -0.0 0.0 -0.0 0.0 0.0 -0.0 0.0 -0.0 -0.0 -0.0 -0.0 0.0 0.0 0.0 -0.0 0.0 -0.0 -0.0 -0.0 0.0 -0.0 -0.0 -0.0 -0.0 -0.0 -0.0 0.0 0.0 -0.0 -0.0 -0.0 0.0 -0.0 0.0 0.0 0.0 0.0 0.0 0.0 -0.0 0.0 -0.0 0.0 0.0 0.0 0.0 0.0 0.0 -0.0 0.0
0.0 -0.0 0.0 -0.0 0.0 0.0 0.0 -0.0 -0.0 -0.0 0.0 -0.0 -0.0 -0.0 -0.0 0.0 -0.0 0.0 -0.0 -0.0 0.0 0.0 0.0 0.0 -0.0 0.0 0.0 -0.0 0.0 0.0 -0.0 0.0 -0.0 -0.0 -0.0 0.0 0.0 0.0 -0.0 -0.0 0.0 0.0 0.0 -0.0 -0.0 0.0 -0.0 -0.0 0.0 0.0 -0.0 -0.0 0.0 -0.0 0.0 0.0 -0.0 -0.0 -0.0 0.0 0.0 0.0 0.0 0.0
-0.0 -0.0 0.0 0.0 -0.0 0.0 0.0 0.0 -0.0 1.1384681 -0.0 -0.0 -0.0 0.0 -0.0 -0.0 0.0 0.0 -0.0 -0.0 0.0 -0.0 -0.0 -0.0 -0.0 0.0 0.0 -1.4005549 0.0 0.0 0.0 -0.0 -0.0 -0.0 0.0 -0.0 0.0 0.0 0.0 -0.0 0.0 0.0 -0.0 0.0 -0.0 -0.0 0.0 -0.0 -0.0 0.0 -0.0 0.0 0.0 -0.0 0.0 -0.0 -0.0 -0.0 -0.0 0.0 -0.0 -0.0 0.0 -0.0
0.0 -0.0 -0.0 -0.0 0.0 0.0 -0.0 0.0 -0.0 0.0 -0.0 0.0 0.0 0.0 -0.0 0.0 -0.0 0.0 -0.0 -0.0 -0.0 -0.0 -0.0 -0.0 -0.0 -0.0 -0.0 -0.0 0.0 -0.0 0.0 -0.0 -0.0 0.0 0.0 0.0 -0.0 0.0 0.0 0.0 0.0 0.0 -0.0 -0.0 -0.0 -0.0 0.0 -0.0 -0.0 -0.0 -0.0 0.0 -0.0 -0.0 -0.0 -0.0 0.0 -0.0 0.0 -0.0 0.0 -0.0 0.0 -0.0
-0.0 -0.0 -0.0 -0.0 0.0 -0.0 0.0 -0.0 0.0 0.0 0.0 -0.0 -0.0 -0.0 -0.0 0.0 -0.0 0.0 -0.0 0.0 -0.0 -0.0 -0.0 -0.0 0.0 -0.0 0.0 0.0 -0.0 0.0 -0.0 -0.0 -0.0 0.0 0.0 -0.0 -0.0 0.0 -0.0 0.0 -0.0 0.0 -0.0 -0.0 -0.0 0.0 0.0 -0.0 -0.0 0.0 -0.0 -0.0 -0.0 0.0 -0.0 0.0 0.0 0.0 -0.0 0.0 0.0 0.0 0.0 -0.0
-0.0 -0.0 0.0 -0.0 -0.0 -0.0 0.0 -0.0 0.0 -0.0 0.0 0.0 0.0 -0.0 -0.0 -0.0 0.0 0.0 -0.0 -0.0 -0.0 0.0 -0.0 -0.0 0.0 0.0 0.0 -0.0 0.0 0.0 0.0 0.0 -0.0 0.0 -0.0 0.0 0.0 -0.0 -0.0 0.0 0.0 0.0 -0.0 -0.0 -0.0 0.0 -0.0 -0.0 -0.0 -0.0 -0.0 -0.0 -0.0 0.0 0.0 -0.0 0.0 0.0 -0.0 -0.0 -0.0 0.0 0.0 0.0
-0.0 0.0 0.0 0.0 0.0 -0.0 -0.0 -0.0 0.0 0.0 -0.0 -0.0 -0.0 0.0 0.0 -0.0 0.0 -0.0 -0.0 0.0 -0.0 -0.0 0.0 -0.0 0.0 0.0 0.0 0.0 0.0 0.0 -0.0 -0.0 0.0 -0.0 0.0 0.0 -0.0 -0.0 0.0 -0.0 -0.0 -0.0 -0.0 -0.0 -0.0 -0.0 0.0 0.0 0.0 0.0 0.0 0.0 -0.0 -0.0 -0.0 -0.0 -0.0 -0.0 0.0 -0.0 -0.0 -0.0 -0.0 0.0
0.0 -0.0 -0.0 -0.0 -0.0 -0.0 -0.0 -0.0 0.0 -0.0 0.0 0.0 -0.0 -0.0 -0.0 -0.0 -0.0 0.0 -0.0 -0.0 -0.0 0.0 0.0 0.0 0.0 -0.0 -0.0 0.0 -0.0 0.0 0.0 0.0 -0.0 -0.0 -0.0 0.0 0.0 -0.0 -0.0 -0.0 -0.0 0.0 0.0 -0.0 -0.0 0.0 -0.0 -0.0 -0.0 -0.0 -0.0 -0.0 -0.0 -0.0 0.0 0.0 0.0 -0.0 -0.0 -0.0 0.0 0.0 0.0 0.0
0.0 0.0 -0.0 -0.0 -0.0 -0.0 -0.0 -0.0 -0.0 -0.0 -0.0 0.0 0.0 0.0 0.0 -0.0 0.0 -0.0 -0.0 -0.0 -0.0 -0.0 -0.0 -0.0 -0.0 -0.0 -0.0 -0.0 0.0 -0.0 -0.0 0.0 0.0 0.0 -0.0 0.0 -0.0 0.0 0.0 0.0 0.0 -0.0 -0.0 -0.0 0.0 0.0 -0.0 0.0 -0.0 -0.0 0.0 -0.0 -0.0 -0.0 -0.0 -0.0 0.0 0.0 0.0 0.0 0.0 -0.0 -0.0 0.0
0.0 0.0 -0.0 -0.0 -0.0 -0.0 0.0 0.0 0.0 -0.0 0.0 0.0 0.0 -0.0 0.0 0.0 -0.0 -0.0 0.0 -0.0 -0.0 0.0 -1.2163361 0.0 -0.83331835 -0.0 0.0 -0.0 -0.0 0.0 0.0 -0.0 0.7501946 0.0 0.0 -0.0 -0.0 -0.0 -0.0 0.0 0.0 -0.0 0.0 0.0 0.0 -0.0 0.0 0.0 0.0 0.0 -0.0 0.0 0.0 -0.0 0.0 0.0 0.0 0.0 0.0 -0.0 0.0 0.0 0.0 0.0
0.0 0.0 0.0 -0.0 0.0 0.0 0.0 0.0 -0.0 0.0 -0.0 -0.0 -0.0 -0.0 -0.0 -0.0 0.0 -0.0 -0.0 -0.0 0.0 -0.0 0.0 -0.0 -0.0 -0.0 0.0 0.0 -0.0 0.0 0.0 -0.0 0.0 0.0 -0.0 -0.94972724 0.0 0.0 -0.0 -0.0 0.0 -0.0 -0.0 -0.0 -0.0 0.0 0.0 -0.0 0.0 -0.0 0.0 0.0 -0.0 -0.0 0.0 0.0 -0.0 -0.0 0.0 -0.0 0.0 0.0 -0.0 0.0
-0.0 0.0 -0.0 -0.0 -0.0 0.0 -0.0 -0.0 -0.0 0.0 0.0 0.0 0.0 0.0 0.0 0.0 -0.0 -0.0 -0.0 -0.0 -0.0 -0.0 -0.0 -0.0 -0.0 0.0 0.0 0.0 -0.0 -0.0 0.0 0.0 0.0 0.0 -0.0 -0.0 -0.0 -0.0 -0.0 -0.0 -0.0 -0.0 -0.0 -0.0 0.0 0.0 -0.0 0.0 -0.0 0.0 0.0 -0.0 -0.0 -0.0 -0.0 -0.0 0.0 -0.0 -0.0 0.0 -0.0 -0.0 -0.0 -0.0
0.0 0.0 0.0 -0.0 0.84326506 0.0 0.0 0.0 0.0 0.0 0.0 0.0 0.0 0.0 0.0 0.0 0.0 -0.0 0.0 0.0 0.0 0.0 0.0 0.0 0.0 0.0 0.0 0.0 0.0 0.0 0.0 0.0 0.0 0.0 0.0 0.0 0.0 -0.0 -0.0 0.0 0.0 0.0 -0.0 -0.0 0.0 0.0 0.0 0.0 0.0 0.0 -0.0 0.0 0.0 -0.0 0.0 0.0 0.0 -0.0 0.0 0.0 -0.0 0.0 -0.0 0.0
-0.0 -0.0 0.0 0.0 -0.0 0.0 -0.0 0.0 -0.0 0.0 0.0 -0.0 -0.0 -1.6040103 -0.0 -0.0 0.0 0.0 0.0 -0.0 0.0 0.0 0.0 0.0 -0.0 0.0 0.0 0.0 0.0 0.0 -0.0 -0.0 -0.0 -0.0 -0.0 0.0 -0.0 0.0 0.0 0.0 0.0 0.0 0.0 -0.0 -0.0 0.0 -0.0 -0.0 0.0 -0.0 0.0 -0.0 -0.0 -0.0 -0.0 0.0 -0.0 0.0 -0.0 -0.0 -0.0 0.0 -0.0 0.0
-0.0 -0.0 0.0 0.0 -0.0 0.0 -0.0 0.0 -0.0 -0.0 0.0 -0.0 -0.0 -0.0 -0.0 0.0 0.0 0.8824219 0.0 0.0 0.0 -0.0 -0.0 -0.0 0.0 0.0 0.0 -1.2447526 0.0 -0.0 -0.0 -0.0 -0.0 -0.0 0.0 -0.0 -0.0 0.0 0.0 0.0 -0.0 0.61222845 -0.0 -0.0 -0.0 -0.0 -0.4951538 -0.0 -0.0 0.0 0.0 0.0 0.0 0.0 0.0 0.0 0.0 -0.0 0.0 -0.0 -0.0 -0.0 0.0 -0.0
0.0 0.0 0.0 0.0 0.0 -0.0 0.0 -0.0 0.0 -0.0 -0.0 0.0 0.0 0.0 0.0 0.0 0.0 -0.0 0.0 0.0 0.0 -0.0 0.0 -0.0 -0.0 -0.0 0.0 0.0 -0.0 -0.0 -0.0 -0.0 0.0 0.0 -0.0 -0.0 -0.0 -0.0 -0.0 -0.0 -0.0 -0.0 0.0 0.0 0.0 0.0 0.0 0.0 0.0 0.0 0.0 0.0 0.0 -0.0 0.0 0.0 -0.0 0.0 -0.0 0.0 0.0 -0.0 0.0 -0.0
-0.0 -0.0 0.0 0.0 0.0 0.0 -0.0 -0.0 -0.0 0.0 0.0 0.0 0.0 -0.0 -0.0 -0.0 -0.0 -0.0 0.0 0.0 -0.0 -0.0 -0.0 0.0 0.0 -0.0 -0.0 -0.0 0.0 0.0 0.0 -0.0 -0.0 0.0 0.0 -0.0 -0.0 -0.0 -0.0 0.0 -0.0 0.0 0.0 0.0 -0.0 -0.0 -0.0 -0.0 0.0 -0.0 0.0 0.0 0.6326627 -0.0 0.0 0.0 0.0 -0.0 -0.0 0.0 0.0 -0.0 -0.0 -0.0
0.0 0.0 -0.0 0.0 0.0 -0.0 -0.0 0.0 0.0 0.0 -0.0 -0.4589576 0.0 0.7216769 0.0 0.0 0.0 -0.44693384 0.0 -0.0 0.0 -0.0 0.0 -0.0 0.0 0.0 -0.0 -0.0 0.0 -0.0 0.0 -0.0 0.0 -0.0 -0.0 0.0 0.0 -0.0 0.0 0.0 -0.0 -0.0 -0.0 -0.0 0.0 -0.6049435 0.0 0.0 0.0 0.0 0.0 -0.0 -0.0 -0.0 0.0 0.0 0.0 0.0 0.0 -0.0 -0.0 -0.0 0.0 0.0
-0.0 0.0 0.0 0.0 -0.0 -0.0 -0.0 0.0 -0.0 -0.0 -0.0 0.0 0.0 -0.0 -0.0 -0.0 0.0 -0.0 0.0 -0.0 0.0 0.0 0.0 0.0 -0.0 -0.0 0.0 -0.0 0.0 -0.0 0.0 -0.0 0.0 0.0 -0.0 -0.0 -0.0 -0.0 0.0 -0.0 -0.0 -0.0 0.0 0.0 0.0 -0.0 -0.0 0.0 -0.0 -0.0 0.0 -0.0 0.0 0.0 0.0 -0.0 -0.0 0.0 0.0 0.0 -0.0 -0.0 -0.0 -0.0
0.0 0.359438 0.0 0.0 0.0 0.0 -0.0 0.0 0.0 0.0 0.0 -0.0 -0.0 0.0 0.0 -0.0 0.0 0.31871006 0.0 0.0 0.0 0.0 0.0 0.0 0.0 0.0 0.0 0.0 0.0 0.0 -0.0 0.0 0.0 -0.0 0.0 0.0 -0.0 0.0 0.0 0.0 0.0 0.0 0.0 0.0 0.0 -0.0 0.0 0.0 0.0 0.0 0.0 0.0 0.0 0.0 0.0 0.0 0.0 0.0 0.0 0.0 0.0 -0.0 0.0 0.0
0.0 0.0 0.0 0.0 0.0 0.0 0.0 0.0 0.0 -0.0 -0.0 0.0 0.0 0.0 0.61001945 -0.0 0.0 -0.0 -0.0 0.0 0.0 0.0 -0.0 0.0 0.0 -0.0 -1.7690578 -0.0 -0.0 -0.0 0.0 -0.0 0.0 -0.0 0.0 0.0 0.0 0.0 0.0 -0.0 0.0 -0.0 -0.0 0.0 0.0 -0.0 -0.0 0.0 0.0 0.0 0.0 0.0 -0.0 0.0 0.0 0.0 0.0 0.0 -0.0 -0.0 0.0 0.0 0.0 0.0
-0.0 -0.0 -0.0 0.0 0.0 0.0 0.0 0.0 -0.0 0.0 -0.0 -0.0 -0.0 -0.0 -0.0 -0.0 -0.0 -0.0 0.0 0.0 -0.0 -0.0 -0.0 0.0 -0.0 -0.0 -0.0 0.0 0.0 -0.0 -0.0 0.0 0.0 0.0 -0.0 -0.0 -0.0 -0.0 0.0 0.0 -0.0 -0.0 0.0 0.0 -0.0 -0.0 0.0 -0.0 0.0 0.0 -0.0 0.0 0.0 0.0 0.0 0.0 0.0 -0.0 0.0 0.0 0.0 -0.0 0.0 0.0
-0.0 0.0 -0.0 -0.0 0.0 -0.0 -0.0 -0.0 0.0 -0.0 -0.0 -0.0 0.0 -0.0 -0.0 -0.0 0.0 -0.0 -0.0 -0.6641129 -0.0 0.0 0.0 0.0 -0.0 -0.0 -0.0 -0.0 -0.0 -0.0 -0.0 0.0 0.0 0.0 0.0 0.0 -0.0 0.0 0.0 0.0 0.0 -0.0 -0.0 0.0 0.0 -0.0 0.0 0.0 0.0 0.0 -0.0 -0.0 -0.65654093 -0.0 -0.0 0.0 0.0 0.0 0.0 -0.0 0.0 -0.0 0.0 0.0
-0.0 0.0 0.0 -0.0 0.0 -0.0 -0.0 0.0 -0.0 -0.0 -0.0 -0.0 -0.0 -0.0 0.0 -0.0 -0.0 -0.0 0.0 -0.0 -0.0 0.0 -0.0 0.0 -0.0 -0.0 0.0 -0.0 -0.0 -0.0 -0.0 -0.0 0.0 -0.0 -0.0 0.0 -0.0 -0.0 -0.0 -0.0 -0.0 -0.0 -0.0 -0.0 0.0 -0.0 0.0 0.0 -0.0 -0.0 0.0 0.0 -0.0 -0.0 -0.0 -0.0 -0.0 -0.0 0.0 -0.0 -0.0 -0.0 -0.0 0.0
0.0 0.0 -0.0 -0.0 -0.0 -0.0 -1.5519154 -0.0 0.0 -0.0 0.0 0.0 0.0 -0.0 0.0 0.0 -0.0 -0.0 -0.0 -0.0 -0.0 -0.0 0.0 0.0 -0.0 0.0 0.0 -0.0 -0.0 -0.0 0.0 -0.0 0.0 -0.0 0.0 -0.0 -0.0 -0.0 0.0 -0.0 -0.0 -0.0 0.0 -0.0 0.0 0.0 -0.0 0.0 0.0 0.0 -0.0 0.0 -0.0 0.0 0.0 -0.0 0.0 0.0 0.0 -0.0 0.0 0.0 0.0 0.0
-0.0 -0.0 0.0 -0.0 -0.0 -0.0 -0.0 -0.0 -0.0 -0.0 -0.0 -0.0 0.0 0.0 -0.0 0.0 -0.0 0.77900565 -0.0 -0.0 -0.0 -0.0 -0.0 -0.6349871 -0.0 -0.0 -0.0 -0.0 -0.0 0.0 0.0 0.0 -0.0 -0.0 0.0 -0.0 0.0 -0.0 -0.0 0.0 0.0 0.67462236 0.0 -0.0 -0.0 -0.0 0.0 -0.0 0.0 0.0 0.0 0.0 0.0 0.0 0.0 -0.0 0.0 -0.0 0.0 0.0 0.0 -0.0 0.0 0.0
0.0 0.0 0.0 0.0 0.0 0.0 0.0 0.0 0.0 0.0 -0.0 0.0 0.0 0.0 -0.0 0.0 0.0 0.0 0.0 0.0 0.0 0.0 0.0 0.0 0.0 0.0 0.0 0.0 0.0 -0.0 0.0 0.0 -0.0 0.0 0.0 0.0 -0.0 0.0 0.0 0.0 0.0 0.0 0.0 0.0 -0.0 0.0 0.0 0.0 -0.0 0.0 0.0 0.0 0.0 0.0 0.0 0.0 -0.0 0.0 0.0 0.0 -0.0 -0.0 0.0 0.0
-0.0 0.0 0.0 0.0 0.0 0.0 -0.0 0.0 -0.0 -0.0 -0.0 0.0 -0.0 0.0 -0.0 0.0 0.0 -0.0 -0.0 0.0 0.0 -0.0 0.0 0.0 0.0 0.0 0.0 -0.0 -0.0 -0.0 -0.0 0.0 -0.0 -0.0 -0.0 0.0 -0.0 0.0 -0.0 0.60006446 0.0 -0.0 0.0 0.0 0.0 -0.0 0.0 -0.0 -0.0 0.0 -0.0 -0.0 -0.0 0.0 -0.0 0.0 0.0 0.0 0.0 -0.0 -0.0 0.0 -0.0 -0.0
-0.0 0.0 0.0 -0.0 0.0 0.0 0.0 -0.0 -0.0 0.0 -0.0 0.0 0.0 0.0 -0.0 -0.0 0.0 0.0 -0.0 -0.0 -0.0 -0.0 -0.0 -0.0 -0.0 -1.4900987 0.0 0.0 -0.0 0.0 0.0 0.0 -0.0 0.0 -0.0 -0.0 0.0 -0.0 -0.0 -0.0 0.0 0.0 0.0 -0.0 -0.0 0.0 -0.0 -0.0 0.0 0.0 0.0 -0.0 -0.0 -0.0 0.0 -0.0 -0.0 -0.0 0.0 -0.0 0.0 0.0 -0.0 -0.0
-0.0 0.0 -0.0 -0.0 -0.0 -0.0 0.0 -0.0 -0.0 0.0 -0.0 -0.0 -0.0 0.0 0.0 0.0 0.0 -0.0 -0.0 -0.0 -0.0 -0.0 0.0 -0.0 0.0 -0.0 -0.0 -0.0 -0.0 -0.0 -0.0 -0.0 0.0 0.0 -0.0 -0.0 -0.0 -0.0 0.0 -0.0 -0.0 -0.0 -0.0 -0.0 0.0 -0.0 -0.0 0.0 -0.0 -0.0 -0.0 -0.0 -0.0 0.0 -0.0 0.0 -0.0 -0.0 -0.0 -0.0 -0.0 -0.0 -0.0 -0.0
1.4591463 -0.0 0.0 -0.0 0.0 0.0 0.0 0.0 -0.0 -0.0 0.0 -0.0 -0.0 -0.0 -0.0 -0.0 0.0 -0.0 0.0 -0.0 0.0 -0.0 0.0 0.0 -0.0 0.0 -0.0 0.0 0.0 0.0 -0.0 -0.0 -1.0582416 0.0 -0.0 0.0 0.0 0.0 -1.0613135 -0.0 0.0 0.0 0.0 0.0 0.0 -0.0 -0.0 -0.0 -0.0 -0.0 0.0 -0.0 0.9395087 0.0 0.0 0.0 -0.0 -0.0 0.0 0.0 0.0 0.0 -0.0 -0.0
0.0 -0.0 0.0 -0.0 0.0 0.0 -0.0 0.0 0.0 -0.0 -0.0 -0.0 -0.0 0.0 -0.0 -0.0 0.0 0.7250635 0.0 0.0 0.0 -0.0 0.0 -0.0 -0.0 -0.0 -0.0 -0.0 0.0 -0.0 -0.0 0.0 -0.0 0.0 0.0 0.0 -0.0 -0.0 -0.0 0.0 -0.0 0.0 0.0 -0.0 -0.0 -0.0 0.0 -0.0 -0.437824 -0.0 0.0 0.0 -0.0 -0.0 -0.0 -0.0 -0.73882407 -0.0 -0.0 0.0 -0.0 -0.0 0.0 0.0
0.0 -0.0 -0.0 -0.0 -0.0 -0.0 0.0 -0.0 -0.0 -0.0 0.0 0.0 0.0 0.0 -0.0 -0.0 -0.0 0.0 0.0 -0.0 -0.0 -0.0 -0.0 -0.0 0.0 -0.0 0.0 0.0 -0.0 0.0 0.0 0.0 -0.0 0.0 0.0 -0.0 -0.0 -0.0 -0.0 -0.0 -0.0 0.0 0.0 0.0 -0.0 0.0 0.0 -0.0 0.0 0.0 -0.0 -0.0 -0.0 0.0 -0.0 0.0 0.0 -0.0 0.0 -0.0 -0.0 -0.0 0.0 0.0
0.0 -0.0 -0.0 -0.0 0.0 0.0 0.0 0.0 -0.0 -0.0 0.0 0.0 -0.0 -0.0 -0.0 -0.0 0.0 0.0 0.0 -0.0 0.0 0.0 -0.0 0.0 -0.0 0.0 -0.0 -0.0 -0.0 0.0 0.0 0.0 -0.0 -0.0 0.0 0.0 0.0 -0.0 -0.0 0.0 -0.0 0.0 -0.0 -0.0 -0.0 0.0 0.0 -0.0 -0.0 0.0 0.0 0.0 0.0 0.0 0.0 0.0 0.0 -0.0 -0.0 0.0 0.0 0.0 0.0 0.0
-0.0 -2.827201 0.0 -0.0 0.0 -0.0 0.0 0.0 -0.0 -0.0 0.0 -0.0 -0.0 0.0 -0.0 0.0 -0.0 0.0 0.0 0.0 -0.0 0.0 -0.0 0.0 -0.0 -0.0 -0.0 -0.0 -0.0 0.0 0.0 0.0 -0.0 0.0 0.0 0.0 0.0 -0.0 0.0 0.0 0.0 0.0 -0.0 -0.0 -0.0 0.0 -0.0 -0.0 -0.0 0.0 0.0 0.0 -0.0 -0.0 -0.0 -0.0 0.0 -0.0 -0.0 0.0 -0.0 0.0 -2.263605 0.0
0.0 0.8436986 0.0 -0.0 0.0 -0.7368725 -0.0 -0.0 0.0 -0.0 -0.0 0.0 -0.0 0.0 0.0 -0.0 -0.0 -0.0 0.0 0.0 -0.0 0.0 -0.0 0.0 -0.0 0.0 0.0 0.0 0.0 -0.0 0.0 -0.0 0.0 0.0 0.0 -0.0 0.0 0.0 0.0 0.0 -0.0 -0.0 0.0 -0.0 0.0 0.0 0.0 0.0 -0.0 -0.0 0.0 0.0 -0.0 -1.2204087 0.0 0.0 -0.0 -0.0 0.0 0.0 0.0 0.0 0.0 0.0
0.0 0.0 -0.0 0.0 -0.0 0.0 0.0 -0.0 -0.0 -0.0 -0.0 -0.0 0.0 -0.0 0.0 -0.0 0.0 -0.0 0.0 0.0 -0.0 -0.0 -0.0 0.0 -0.0 0.0 -0.0 -0.0 0.0 -0.0 0.0 0.0 0.0 -0.0 -0.0 -0.0 0.0 -0.872434 0.0 0.0 -0.60284394 -0.0 -0.0 -0.0 0.0 0.0 -0.0 0.0 -0.835494 0.5485092 -0.0 -0.0 0.0 -0.0 0.0 0.0 0.0 -0.0 0.0 0.0 -0.0 0.0 0.0 -0.0
-0.0 -0.0 -0.0 -0.0 -0.0 -0.0 0.0 -0.0 -0.0 0.0 -0.0 0.0 -0.0 -0.0 0.0 -0.0 -0.0 -0.0 -0.0 0.0 -0.0 -0.0 -0.0 -0.0 -0.0 0.0 0.0 0.0 -0.0 -0.0 -0.0 -0.0 0.0 0.0 -0.0 -0.0 -0.0 -0.0 -0.0 0.0 -0.0 -0.0 -0.0 0.0 -0.0 -0.0 0.0 -0.0 -0.0 0.0 -0.0 0.0 -0.0 0.0 -0.0 -0.0 -0.0 0.0 0.0 0.0 0.0 -0.0 -0.0 -0.0
-0.0 0.0 0.0 -0.0 -0.0 -0.0 -0.0 -0.0 -0.0 -0.0 -0.0 0.0 0.0 0.0 0.0 0.0 -0.0 0.0 0.0 0.0 -0.0 -0.0 -0.0 -0.0 -0.0 -0.0 0.0 0.0 0.0 -0.0 -0.0 -0.0 0.0 0.0 -0.0 0.0 -0.0 0.0 0.0 -0.0 -0.0 -0.0 -0.0 -0.0 0.0 -0.0 -0.0 0.0 0.0 -0.0 -0.0 -0.0 -0.0 -0.0 -0.0 -0.0 -0.0 -0.0 -0.0 0.0 0.0 -0.0 -0.0 -0.0
0.0 -0.0 -0.0 -0.0 0.0 -0.0 -0.0 0.0 0.0 -0.0 0.0 0.0 0.0 -0.0 -0.0 -0.0 0.0 0.0 0.0 -0.0 0.0 -0.0 0.0 -0.0 -0.0 -0.0 -0.0 -0.0 -0.0 0.0 0.0 -0.0 -0.0 0.0 0.0 0.0 0.0 0.0 -0.0 0.0 0.0 0.0 -0.0 -0.0 -0.0 -0.0 -0.0 -0.0 0.0 0.0 -0.0 0.0 -0.0 -0.0 -0.0 0.0 0.0 -0.0 0.0 -0.0 0.0 -0.0 -0.0 0.0
-0.8695786 0.0 -0.0 0.0 0.0 -0.0 0.0 -0.0 -0.0 0.0 0.0 -0.0 -0.0 -0.0 0.37390363 -0.0 0.0 -0.5228089 -0.0 0.40915954 -0.0 -0.0 0.0 -0.0 0.0 0.570457 -0.0 0.0 -0.50079316 0.0 -0.0 -0.0 0.561923 0.0 0.0 0.0 0.0 0.0 0.0 -0.0 -0.0 0.0 -0.0 -0.0 0.0 -0.0 -0.0 0.0 0.0 0.0 0.0 0.0 0.0 0.0 -0.0 -0.0 0.0 -0.0 -0.0 -0.0 0.0 0.0 -0.0 -0.0
-0.0 0.0 0.0 -0.0 -0.0 -0.0 -0.0 -0.0 -0.0 0.0 -0.0 0.0 0.0 0.0 0.0 0.0 -0.0 -0.0 0.0 -0.0 -0.0 0.0 -0.0 0.0 -0.0 -0.0 -0.0 -0.0 -0.0 0.0 -0.0 -0.0 0.0 0.0 0.0 -0.0 -0.0 -0.0 0.0 0.0 -0.0 -0.0 0.0 -0.0 0.0 0.0 0.0 0.0 0.0 -0.0 0.0 0.0 0.0 0.0 0.0 -0.0 -0.0 -0.0 -0.0 -0.0 -0.0 0.0 0.0 -2.3716033
-0.0 -0.0 -0.0 -0.0 -0.0 -0.0 -0.0 -0.0 -0.0 -0.0 -0.0 0.0 -0.0 -0.0 -0.0 -0.0 -0.0 0.0 -0.0 -0.0 0.0 -0.0 -0.0 -0.0 -0.0 -0.0 -0.0 -0.0 -0.0 0.0 -0.0 -0.0 -0.0 0.0 -0.0 -0.0 -0.0 -0.0 -0.0 -0.0 0.0 0.0 -0.0 -0.0 -0.0 -0.0 0.0 -0.0 -0.0 -0.0 -0.0 -0.0 -0.0 -0.0 0.0 -0.0 -0.0 -0.0 -0.0 0.0 -0.0 -0.0 0.0 0.0
-0.0 -0.0 0.0 -0.0 -0.0 -0.0 0.0 0.0 -0.0 0.0 -0.0 -0.0 -0.0 -0.0 -0.0 -0.0 -0.0 0.0 -0.0 -0.0 -0.0 -0.0 -0.0 -0.0 -0.0 0.0 -0.0 0.0 -0.0 -0.0 -0.0 -0.0 -0.0 -0.0 -0.0 -0.0 -0.0 -0.0 0.0 -0.0 0.0 0.0 0.0 -0.0 -0.0 0.0 -0.0 -0.0 0.0 0.0 -0.0 0.0 -0.0 -0.0 -0.0 -0.0 0.0 -0.0 -0.0 -0.0 0.0 -0.0 -0.0 -0.0
-0.0 0.0 0.0 0.0 -0.0 0.0 0.0 0.0 0.0 -0.0 -0.0 -0.0 -0.0 0.0 0.0 0.0 -0.0 -0.0 0.0 0.0 0.0 0.0 -0.0 -0.0 -0.0 -0.0 0.0 -0.0 0.0 -0.0 -0.0 0.0 0.0 0.0 0.0 0.0 -0.0 -0.0 0.0 0.0 0.0 -0.0 -0.0 0.0 0.0 0.0 0.0 0.0 -0.0 -0.0 -0.0 0.0 -0.0 -0.0 -0.0 -0.0 0.0 0.0 0.0 0.0 -0.0 0.0 -0.0 0.0
0.0 0.0 0.0 -0.0 -0.0 -0.0 -0.0 0.0 0.0 0.0 -0.0 -0.0 -0.0 0.0 0.0 0.0 0.0 0.0 -0.0 -0.0 0.0 0.0 0.0 -0.0 -0.0 0.0 0.0 0.0 -0.0 -0.0 -0.0 -0.0 0.0 0.0 -0.0 0.0 -0.0 0.0 0.0 0.0 0.0 -0.0 0.0 -0.0 0.0 0.0 0.0 -0.0 -0.0 -0.0 -0.0 0.0 -0.0 -0.0 -0.0 -0.0 0.0 0.0 0.0 -0.0 -0.0 0.0 0.0 -0.0
-0.0 -0.0 0.0 0.0 -0.0 -0.0 -0.0 0.0 -0.0 0.0 0.0 0.0 0.0 -0.0 -0.0 -0.0 -0.0 0.0 0.0 0.0 0.0 0.0 -0.0 0.0 -0.0 0.0 -0.0 -0.0 -0.0 -0.0 0.0 -0.0 -0.0 0.0 0.0 -0.0 -0.0 -0.0 0.0 -0.0 0.0 0.0 -0.0 0.0 -0.0 0.0 -0.0 0.0 0.0 0.0 -0.0 0.0 0.0 -0.0 0.0 -0.0 0.0 0.0 0.0 -0.0 0.0 -0.0 -0.8778383 -0.76482725
-0.0 -1.8505021 0.0 -0.0 -0.0 0.0 -0.0 0.0 -0.0 0.0 0.0 0.0 -0.0 0.0 -0.0 0.0 0.0 0.0 -0.0 -0.0 0.0 0.0 -0.0 0.0 -0.0 0.0 0.0 0.0 0.0 0.0 0.0 -0.0 -0.0 0.0 0.0 -0.0 0.0 -0.0 0.0 -0.0 0.0 0.0 -0.0 0.0 -0.0 0.0 0.0 -0.0 -0.0 0.0 0.0 -0.0 0.0 -0.0 -0.0 -0.0 0.0 -0.0 0.0 0.0 -0.0 0.0 -1.6883006 0.0
-0.0 0.0 0.0 -0.0 -0.0 -0.0 -0.0 -0.0 0.0 -0.0 -0.0 0.0 0.0 0.0 0.0 -0.0 -0.0 -0.0 -0.0 -0.0 0.0 -0.0 -0.0 -0.0 -0.0 0.0 -0.0 0.0 -0.0 -0.0 -0.0 -0.0 0.0 -0.0 0.0 -0.0 -0.0 -0.0 -0.0 0.0 -0.0 -0.0 -0.0 0.0 0.0 -0.0 -0.0 0.0 -0.0 -0.0 0.0 0.0 0.0 0.0 0.0 -0.0 0.0 0.0 0.0 -0.0 0.0 0.0 0.0 0.0
-0.0 -0.0 -0.0 0.0 -0.0 0.0 -0.0 0.0 -0.0 0.0 0.0 1.116201 -0.0 -1.3312365 -0.0 -0.0 0.0 0.0 0.0 0.0 0.0 -0.0 -0.0 -0.0 0.0 0.0 -0.0 0.0 0.0 0.0 -0.0 0.0 -0.0 -0.0 -0.0 -0.0 0.0 0.0 -0.0 -0.0 0.0 0.0 0.0 0.0 -0.0 0.0 0.0 -0.0 0.0 0.0 0.0 0.0 0.0 -0.0 0.0 0.0 -0.0 -0.0 -0.0 0.0 -0.0 0.0 0.0 -0.0
-0.0 -0.0 0.0 -0.0 0.0 -0.0 0.0 -0.0 -0.0 0.0 0.0 0.0 -0.0 0.0 -0.0 -0.0 -0.0 0.0 -0.0 0.0 0.0 -0.0 0.0 0.0 -0.0 0.0 -0.0 0.0 -0.0 -0.0 -0.0 0.0 -0.0 -0.0 -0.0 0.0 -0.0 0.0 -0.0 -0.0 -0.0 0.0 -0.0 -0.0 -0.0 0.0 -0.0 -0.0 -0.0 0.0 -0.0 0.0 -0.0 -0.0 -0.0 -0.0 0.0 -0.0 -0.0 -0.0 0.0 0.0 0.0 -0.0
0.0 -132.47054 -0.0 -0.0 0.0 -0.0 0.0 0.0 0.0 0.0 0.0 -0.0 0.0 -0.0 -0.0 -0.0 -0.0 0.0 0.0 0.0 -0.0 0.0 -0.0 0.0 -0.0 0.0 -0.0 -0.0 -0.0 0.0 0.0 -0.0 -0.0 -0.0 0.0 -0.0 0.0 0.0 0.0 -0.0 0.0 0.0 -0.0 -0.0 0.0 0.0 -0.0 -0.0 0.0 0.0 -0.0 0.0 0.0 -0.0 -0.0 0.0 0.0 -0.0 0.0 -0.0 0.0 0.0 -0.0 0.0
-0.0 0.0 0.0 -0.0 0.0 -0.0 0.0 -0.0 -0.0 0.0 0.0 0.0 -0.0 0.0 0.0 0.0 0.0 -0.5756068 -0.0 -0.0 -0.0 0.0 0.0 0.0 -0.0 0.0 0.0 -0.0 -0.0 -0.0 -0.0 0.0 0.0 -0.0 -0.0 0.0 -0.0 -0.0 0.0 -0.5327469 0.0 -0.0 -0.0 0.0 0.0 0.0 0.0 0.0 -0.0 0.0 -0.0 -0.0 -0.0 0.0 0.0 0.0 0.0 -0.0 -0.0 -0.0 -0.0 -0.0 -0.0 0.0
-0.0 -0.0 -0.0 0.0 -0.0 0.0 0.0 -0.0 -0.0 -0.0 0.0 -0.0 -0.0 -0.0 -0.0 0.0 -0.0 0.0 -0.0 -0.0 -0.0 -0.0 -0.0 0.0 0.0 0.0 0.0 0.0 0.0 0.0 -0.0 0.0 -0.0 0.0 -0.0 -0.0 0.0 -0.0 -0.0 0.0 0.0 0.0 0.0 0.0 -0.0 1.4694108 0.0 -0.0 0.0 0.0 0.0 0.0 -0.0 0.0 -0.0 -0.0 0.0 -0.0 0.0 0.0 0.0 0.0 0.0 -0.0
0.0 0.0 -0.0 0.0 -0.0 0.0 -0.0 0.0 -0.0 -0.0 -0.0 -0.0 -0.0 -0.0 0.0 0.0 -0.0 -0.0 0.0 0.0 -0.0 -0.0 -0.0 -0.0 -0.0 -0.0 0.0 -0.0 0.0 -0.0 -0.0 -0.0 0.0 -0.0 0.0 -0.0 -0.0 -0.0 0.0 0.0 -0.0 -0.0 0.0 -0.0 0.0 -0.0 -1.0026749 0.0 -0.0 0.0 -0.0 0.0 0.0 0.0 -0.0 -0.0 -0.0 -0.0 0.0 -0.0 -0.0 -0.0 -0.0 0.0
-0.0 -0.36092326 -0.0 -0.0 -0.0 0.0 0.0 0.0 0.0 0.0 0.0 -0.0 -0.0 -0.0 -0.0 -0.0 -0.0 0.63643545 0.0 -0.0 0.0 0.0 -0.0 0.31770185 -0.0 -0.8809439 0.0 -0.0 0.0 0.0 0.0 -0.0 -0.0 -0.0 -0.0 -0.0 0.0 -0.42792767 -0.0 -0.0 0.34682193 0.38642025 0.0 0.34727702 0.0 -0.0 -0.0 0.0 0.0 -0.0 0.0 0.0 0.0 0.0 0.0 0.0 0.0 0.0 0.0 -0.3301898 0.0 -0.0 -0.0 -0.0
-0.0 0.0 -0.0 0.0 -0.0 0.0 0.0 0.0 -0.0 0.0 -0.0 -0.0 -0.0 -0.0 0.0 0.0 0.0 -0.0 0.0 0.0 -0.0 -0.0 -0.0 -0.0 -0.0 0.0 0.0 0.0 0.0 -0.0 -0.0 0.0 0.0 -0.0 -0.0 -0.0 -0.0 0.0 0.0 0.0 -0.0 -0.0 0.0 0.0 0.0 -0.0 -0.0 -0.0 -0.0 -0.0 -0.0 0.0 0.0 -0.0 0.0 -0.0 -0.0 -0.0 -0.0 0.0 0.0 -0.0 0.0 -0.0
-0.0 -0.0 -0.0 0.0 -0.0 -0.0 -0.0 -0.0 0.0 -0.0 0.0 -0.0 -0.0 0.0 -0.0 0.0 0.0 0.0 -0.0 0.0 -0.0 -0.0 -0.0 0.0 -0.0 0.0 0.0 -0.0 0.0 0.0 -0.0 -0.0 -0.0 -0.0 -0.0 -0.0 0.0 -0.0 0.0 -0.0 0.0 0.0 -0.0 0.0 -0.0 -0.0 0.0 0.0 0.0 0.0 -0.0 -0.0 0.0 -0.0 0.0 -0.0 0.0 -0.0 0.0 0.0 0.0 -0.0 -0.0 0.0
0.0 -0.0 0.0 -0.0 0.0 0.0 -0.0 0.0 -0.0 -0.0 0.0 0.0 0.0 0.0 -0.0 0.0 0.0 0.0 0.0 -0.0 -0.0 -0.0 0.0 -0.0 -0.0 -0.0 0.0 -0.0 -0.0 0.0 0.0 0.0 -0.0 0.0 0.0 0.0 0.0 -0.0 -0.0 -0.0 -0.0 0.0 -0.0 0.0 0.0 -0.0 0.0 -0.0 -0.0 0.0 -0.0 -0.0 0.0 -0.0 -0.0 -0.0 -0.0 -0.0 -0.0 0.0 0.0 -0.0 -0.0 0.0
-0.0 -0.0 -0.0 -0.0 -0.0 -0.0 -0.0 0.0 -0.0 -0.0 0.0 0.0 0.0 0.0 -0.0 -0.0 -0.0 0.0 0.0 -0.0 -0.0 -0.0 -0.0 -0.0 -0.0 -0.0 0.0 -0.0 -0.0 0.0 0.0 0.0 -0.0 0.0 -0.0 0.0 0.0 -0.0 -0.0 -0.0 -0.0 0.0 -0.0 -0.0 -0.0 0.0 0.0 -0.0 0.0 0.0 -0.0 0.0 0.0 -0.0 -0.0 -0.0 0.0 -0.0 -0.0 -1.2366971 -0.0 -0.0 -0.0 -0.0
-0.0 -0.0 0.0 -0.0 0.0 -0.0 -0.0 0.0 -0.0 0.0 -0.0 0.0 0.0 0.0 -0.0 -0.0 -0.0 -0.0 0.0 0.0 -0.0 -0.0 -0.0 -0.0 -0.0 -0.0 0.0 0.0 -0.0 -0.0 -0.0 -0.0 -0.0 0.0 0.0 0.0 -0.0 0.0 -0.0 0.0 -0.0 0.0 0.0 -0.0 -0.0 -0.0 -0.0 -0.0 -0.0 0.0 -0.0 0.0 -0.0 -0.0 -0.0 -0.0 -0.0 -0.0 0.0 -0.0 0.0 -0.0 -0.0 -0.0
-0.0 1.3343617 -0.0 0.0 0.0 -0.0 -0.0 0.0 0.0 -0.0 0.0 -0.0 0.0 -0.0 0.0 0.0 0.0 -0.0 -0.0 -0.0 -0.0 0.0 0.0 0.0 0.0 -0.0 0.0 -0.0 0.0 0.0 -0.0 -0.0 0.0 0.0 -0.0 -0.0 -0.0 0.0 0.0 -0.0 0.0 -0.0 0.0 0.0 0.0 0.0 0.0 -0.0 1.7780323 -3.6786628 -0.0 -0.0 -0.0 0.0 -0.0 0.0 -0.0 0.0 -2.5759437 -0.0 -0.0 0.0 -0.0 -0.0
-0.0 0.3925042 0.0 0.0 0.0 -0.0 0.0 -0.0 0.0 0.0 -0.0 0.0 -0.0 0.0 0.0 0.0 0.0 0.0 -0.0 0.0 -0.0 -0.0 0.0 -0.0 0.0 0.0 -0.0 -0.0 0.536221 -0.0 -0.0 0.0 0.5116086 -0.0 -0.0 0.0 -0.0 -1.1397772 -0.0 0.0 0.0 -0.0 0.65094054 -0.0 -0.0 -0.0 0.0 0.8266616 0.0 -0.36764652 -0.0 0.0 -0.0 0.0 0.5062506 -0.0 -0.0 0.0 0.0 -0.0 0.0 0.0 -0.0 -0.0
-0.0 -0.0 -0.0 -0.0 -0.0 -0.0 -0.0 -0.0 -0.0 -0.0 -0.0 -0.0 0.0 0.0 -0.0 -0.0 -0.0 0.0 -0.0 -0.0 -0.0 -0.0 -0.0 -0.0 -0.0 -0.0 0.0 -0.0 -0.0 -0.0 -0.0 -0.0 -0.0 0.0 -0.0 -0.0 -0.0 -0.0 -0.0 -0.0 -0.0 0.0 -0.0 -0.0 -0.0 -0.0 -0.0 -0.0 -0.0 -0.0 -0.0 -0.0 -0.0 -0.0 -0.0 -0.0 -0.0 -0.0 0.0 -0.0 0.0 -0.0 -0.0 0.0
0.0 0.0 0.0 0.0 0.0 0.0 0.0 -0.0 -0.0 -0.0 -0.0 -0.0 0.0 -0.0 0.0 -0.0 -0.0 -0.0 -0.0 0.0 0.0 -0.0 0.0 -0.0 0.0 0.0 -0.0 -0.0 0.0 -0.0 0.0 -0.0 0.0 -0.0 -0.0 -0.0 0.0 0.0 -0.0 0.0 0.0 -0.0 0.0 -0.0 0.0 -0.0 0.0 0.0 0.0 0.0 -0.0 0.0 0.0 -0.0 0.0 0.0 0.0 -0.0 0.0 0.0 0.0 0.0 -0.0 0.0
-0.0 -0.0 0.0 0.0 -0.0 -0.0 -0.0 0.0 -0.0 -0.0 -0.0 -0.0 0.0 0.0 -0.0 -0.0 -0.0 0.0 0.0 0.0 -0.0 0.0 -0.0 -0.0 0.0 0.0 -0.0 0.0 0.0 -0.0 -0.0 -0.0 -0.0 -0.0 0.0 -0.0 0.0 -0.0 0.0 -0.0 0.0 0.0 0.0 0.0 -0.0 -0.0 -0.0 -0.0 0.0 -0.0 -0.0 0.0 0.0 0.0 -0.0 0.0 0.0 0.0 -0.0 0.0 -0.0 -0.0 -0.0 -0.0
-0.0 -0.0 0.0 -0.0 0.0 0.0 -0.0 0.0 -0.0 -0.0 0.0 -0.0 -0.0 0.0 -0.0 -0.0 0.0 0.0 -0.0 0.0 0.8132818 -0.0 0.0 -0.0 0.0 0.0 -0.0 -0.0 0.0 0.0 -0.0 0.0 -0.0 -0.0 -0.0 0.0 0.0 0.0 -0.0 0.0 -0.0 0.0 0.0 -0.0 -0.0 -0.0 0.0 -0.7476515 0.0 0.0 0.0 0.0 0.0 0.0 -0.0 -0.0 0.0 -0.0 -0.0 0.0 -0.0 0.0 -0.0 -0.0
0.0 -0.0 0.0 -0.0 0.0 0.0 -0.0 0.0 0.0 0.0 0.0 0.0 0.0 0.0 -0.0 -0.0 0.0 0.4763407 -0.0 -0.0 0.0 0.0 -0.0 -0.0 -0.0 -0.0 0.0 0.0 0.0 0.0 0.0 -0.0 -0.0 0.0 0.0 0.0 0.0 -0.0 -0.0 0.0 0.0 0.0 -0.0 -0.0 -0.0 0.0 0.0 -0.0 -0.0 0.0 0.0 -0.0 -0.0 0.0 -0.0 0.0 0.0 -0.0 0.0 0.0 -0.0 0.0 -0.0 0.0
-0.0 0.0 -0.0 0.0 -0.0 0.0 -0.0 -0.0 -0.0 0.0 -0.0 0.0 0.0 0.0 0.0 0.0 0.0 -0.0 0.0 0.0 0.0 -0.0 0.0 -0.0 -0.0 -0.0 0.0 0.0 0.0 -0.0 0.0 0.0 0.0 0.0 -0.0 -0.0 -0.0 -0.0 0.0 -0.0 0.0 -0.0 0.0 0.0 0.0 0.0 -0.0 0.0 0.0 -0.0 0.0 -0.0 0.0 0.0 -0.0 -0.0 0.0 0.0 0.0 0.0 -0.0 -0.0 0.0 0.0
-0.0 -0.0 -0.0 0.0 -0.0 -0.0 -0.0 -0.0 -0.0 -0.0 -0.0 -0.0 -0.0 -0.0 -0.0 -0.0 -0.0 0.0 -0.0 -0.0 -0.0 -0.0 -0.0 -0.0 0.0 0.0 -0.0 -0.0 0.0 -0.0 -0.0 -0.0 -0.0 -0.0 0.0 -0.87622637 -0.0 0.0 0.0 0.0 0.0 0.0 0.0 0.0 -0.0 -0.0 -0.0 -0.0 0.0 -0.0 -0.0 -0.0 -0.0 0.0 0.0 -0.0 -0.0 0.0 -0.0 -0.0 -0.0 -0.0 0.0 0.0
-0.0 -0.0 0.0 -0.0 0.0 -0.0 -0.0 0.0 0.0 -0.0 -0.0 -0.0 -0.0 -0.0 -0.0 -0.0 -0.51608664 -0.0 -0.0 -0.0 -0.0 -0.0 -0.0 0.0 -0.0 -0.0 -0.0 -0.0 -0.0 -0.0 -0.0 -0.0 -0.0 -0.0 -0.0 0.0 -0.0 0.0 -0.0 -0.0 -0.0 -0.0 -0.0 -0.0 -0.0 -0.0 -0.0 -0.0 0.0 0.0 -0.0 -0.0 -0.0 -0.0 -0.0 -0.0 0.0 0.0 -0.0 -0.0 -0.0 -0.0 -0.0 -0.0
0.9267872 0.77547866 0.0 -0.0 -0.80721945 0.0 0.0 0.0 -0.0 -0.0 0.0 0.0 -0.0 0.0 0.0 0.0 -0.0 -0.0 0.9767948 -0.0 0.0 0.0 -0.0 0.0 -1.2101897 -0.93106616 0.0 -0.0 -0.0 -0.0 -0.0 0.0 0.0 0.0 -0.0 -0.0 -0.0 0.0 0.0 0.0 -0.0 -0.0 0.0 0.0 0.0 -0.0 0.0 1.0690715 -0.0 -0.0 0.0 0.0 -0.0 -0.0 -0.0 0.0 0.0 -0.0 -0.0 0.0 0.0 0.0 0.0 0.0
-0.0 0.0 -0.0 -0.0 -0.0 -0.0 0.0 0.0 -0.0 0.0 0.0 -0.0 -0.0 0.0 0.0 0.0 -0.0 -0.0 0.0 0.0 0.0 -0.0 -0.0 -0.0 0.0 -0.0 0.0 0.0 -0.0 0.0 0.0 -0.0 0.0 0.0 0.0 -0.0 0.0 -0.0 -0.0 0.0 -0.0 0.0 0.0 0.0 -0.0 -0.0 0.0 0.0 -0.0 0.0 0.0 0.0 -0.0 0.0 -0.0 -0.0 0.0 -0.0 -0.0 0.0 0.0 125.41989 -0.0 0.0
0.0 -0.0 0.0 0.0 -0.0 0.0 -0.0 0.0 -0.0 0.0 0.0 -0.8620665 -0.0 0.0 -0.0 0.0 0.0 0.46927762 0.0 0.0 0.0 -0.0 -0.0 -0.0 -0.0 0.0 -0.0 0.0 0.0 0.0 0.0 -0.0 -0.0 -0.0 -0.0 0.0 0.0 0.0 0.0 -0.0 0.0 0.0 0.0 0.0 -0.0 -0.0 0.0 -0.0 0.0 -0.0 -0.0 0.0 0.0 -0.0 -0.0 0.0 0.0 -0.0 -0.0 0.0 -0.0 -0.0 0.0 -0.0
-0.0 -0.0 -0.0 -0.0 -0.0 -0.0 -0.0 -0.0 -0.0 -0.0 -0.0 0.0 0.0 -0.0 -0.0 -0.0 -0.0 -0.0 -0.0 -0.0 -0.0 -0.0 -0.0 -0.0 -0.0 -0.0 -0.0 -0.0 -0.0 -0.0 -0.0 -0.0 -0.0 -0.0 -0.0 -0.0 -0.0 -0.0 -0.0 -0.0 -0.0 -0.0 -0.0 -0.0 -0.0 -0.0 -0.0 -0.0 -0.0 -0.0 -0.0 0.0 -0.0 0.0 -0.0 -0.0 -0.0 -0.0 -0.0 -0.0 -0.0 -0.0 -0.0 -0.0
0.0 0.0 -0.0 -0.0 -0.0 -0.0 0.0 -0.0 -0.0 -0.0 -0.0 -0.0 0.0 0.0 0.0 0.0 -0.0 -0.0 -0.0 -0.0 -0.0 -0.0 0.0 -0.0 -0.0 -0.0 -0.0 -0.0 0.0 -0.0 -0.0 -0.0 0.0 0.0 0.0 -0.0 -0.0 0.0 0.0 -0.0 0.0 -0.0 0.0 -0.0 0.0 0.0 0.0 0.0 0.0 0.0 -0.0 -0.0 0.0 -0.0 0.0 0.0 0.0 -0.0 0.0 0.0 0.0 -0.0 -0.0 0.0
-0.0 -0.0 0.0 -0.0 -0.0 -0.0 0.0 0.0 -0.0 0.0 -0.0 0.7014026 0.0 0.69159037 0.0 0.0 -0.0 -0.0 0.0 -0.0 -0.0 0.0 0.0 -0.0 0.0 -0.0 1.2628309 0.0 -0.0 -0.0 -0.0 0.0 0.0 0.0 0.0 0.0 -0.0 0.0 -0.0 0.0 0.0 -0.0 0.0 -0.0 0.0 0.0 0.0 -0.0 -0.0 -0.0 -0.0 0.0 -0.0 0.0 -0.0 -0.0 -0.0 -0.0 0.0 -0.0 0.0 -0.0 -0.0 -0.0
-0.0 -0.0 -0.0 0.0 -0.0 0.0 -1.303877 0.0 0.0 1.5148653 0.0 0.0 -0.0 -0.0 -0.0 -0.0 0.0 0.0 -0.0 -0.0 0.0 0.0 -0.0 -0.0 0.0 -0.0 0.0 -0.0 -0.0 0.0 -0.0 0.0 -0.0 -0.0 -0.0 0.0 -0.0 0.0 0.0 0.0 0.0 0.0 -0.0 -0.0 -0.0 0.0 -0.0 -0.0 -0.0 0.0 -0.0 -0.0 0.0 0.0 0.0 0.0 -0.0 0.0 -0.0 -0.0 0.0 0.0 -0.0 0.0
-0.0 -0.0 -0.0 -0.0 0.0 -0.0 0.0 0.0 -0.0 -0.0 -0.0 0.0 -0.0 0.0 -0.0 -0.0 -0.0 -0.0 0.0 0.0 -0.0 -0.0 -0.0 -0.0 -0.0 0.0 -0.0 -0.0 -0.0 -0.0 -0.0 -0.0 -0.0 -0.0 -0.0 0.0 -0.0 -0.0 -0.0 -0.0 -0.0 -0.0 -0.0 -0.0 0.0 -0.0 -0.0 -0.0 -0.0 0.0 -0.0 -0.0 0.0 -0.0 -0.0 -1.1080291 0.0 -0.0 -0.0 -0.0 -0.0 -0.0 -0.0 -1.0078998
-0.0 0.0 0.0 -0.0 0.0 -0.0 0.0 0.0 -0.0 0.0 0.0 0.0 0.0 -0.0 0.0 0.0 -0.0 -0.0 1.5889019 -0.0 -0.0 0.0 0.0 0.0 0.0 -0.0 0.0 -0.0 -0.0 0.0 0.0 0.0 0.0 0.0 -0.0 0.0 -0.0 -0.0 -0.0 -0.0 0.0 -0.0 0.0 -0.0 0.0 0.0 -0.0 0.0 0.0 0.0 -0.0 -0.0 0.0 0.0 0.0 -1.2325288 0.0 -0.0 0.0 -0.0 0.0 0.0 -0.0 -0.0
-0.0 -0.0 0.0 -0.0 -0.0 0.0 -0.0 -0.0 0.0 0.0 -0.0 -0.0 0.0 0.0 -0.0 0.0 0.0 0.0 -0.0 0.0 0.0 0.0 0.0 0.0 0.0 -0.0 -0.0 -0.0 0.0 0.0 0.0 0.0 -0.0 0.0 0.0 0.0 0.0 0.0 0.0 0.0 0.0 0.0 0.0 -0.0 -0.0 0.0 -0.0 -0.0 0.0 -0.0 0.0 0.0 0.0 -0.0 -0.0 -0.0 -1.3977969 0.0 -0.0 0.0 0.0 0.0 -0.0 0.0
0.0 0.0 -0.0 0.0 -0.0 0.0 -0.0 0.0 -1.3468703 0.0 -0.0 -0.0 0.0 0.0 -0.0 -0.0 0.0 -0.0 0.0 0.0 0.0 -0.0 -0.0 -0.0 -0.0 0.8807443 0.0 0.0 0.0 -0.0 -0.0 0.0 -0.0 0.0 -0.0 -0.0 -0.0 0.0 0.0 0.0 -0.0 -0.0 0.0 0.0 0.0 0.0 0.0 0.0 -0.0 0.0 -0.0 -0.0 0.0 -0.0 -0.0 -0.0 -0.0 -0.0 0.0 0.0 -0.0 -0.0 -0.0 -0.0
0.0 -0.0 0.0 0.0 0.0 -0.0 0.0 -0.0 0.0 0.0 0.0 -0.0 -0.0 0.0 -0.0 0.0 0.0 0.8583907 0.0 0.0 0.0 0.0 0.0 0.0 0.0 -0.0 0.0 0.0 -0.0 0.0 -0.0 -0.0 -0.0 0.0 0.0 0.0 0.0 0.0 0.0 0.0 -0.0 0.0 0.0 -0.0 -0.0 -0.0 0.0 -0.0 0.0 0.0 -0.0 -0.0 -0.0 0.0 -0.0 0.0 -0.0 0.0 -0.0 -0.0 0.0 0.0 -0.0 0.0
-0.0 0.0 -0.0 0.0 -0.0 0.0 -0.0 -0.0 -0.0 -0.0 0.0 0.0 0.0 -0.0 0.0 0.0 0.0 -0.0 0.0 -0.0 0.0 0.0 -0.0 0.0 -0.0 -0.0 0.0 0.0 0.0 -0.0 -0.0 0.0 0.0 0.0 -0.0 -0.0 -0.0 -1.1400898 0.0 -0.0 -0.0 -0.0 -0.0 0.0 0.0 0.0 0.0 0.0 -0.0 0.0 0.0 0.0 -0.0 -0.0 0.0 0.0 -0.0 -0.0 0.0 0.0 0.0 -0.0 -0.0 0.0
0.0 0.7549348 0.0 -0.0 0.0 -0.0 -0.0 -0.0 -0.0 -0.0 0.0 1.0237579 0.0 -0.0 0.0 -0.0 0.0 -0.0 -0.0 -0.0 -0.0 -0.0 0.0 0.0 0.0 -0.0 -0.0 0.0 -0.0 0.0 0.0 0.0 0.0 -0.0 -0.0 0.0 0.0 0.0 0.0 -0.0 0.0 -0.0 0.0 -0.0 0.0 -0.0 0.0 0.0 0.0 -0.0 0.0 0.0 -0.0 0.0 -0.0 -0.0 0.0 -0.0 -0.0 -0.0 -0.0 0.0 0.0 0.0
0.0 0.0 -0.0 0.0 -0.0 0.0 0.0 -0.0 0.0 -0.0 -0.0 0.0 0.0 0.0 0.0 -0.0 0.0 0.0 -0.0 -0.0 0.0 -0.0 0.0 -0.0 0.0 0.0 0.0 0.0 0.0 0.0 0.0 0.0 0.0 0.0 -0.0 0.0 -0.0 0.0 0.0 0.0 0.0 -0.0 0.0 0.0 -0.0 -0.0 0.0 0.0 -0.0 0.0 0.0 -0.0 -0.0 -0.0 0.0 0.0 0.0 0.0 0.0 0.0 -0.0 0.0 -0.0 0.0
-0.0 -0.0 -0.0 0.0 0.0 0.0 -0.0 0.0 0.0 0.0 -0.0 -0.0 0.0 0.0 -0.0 -0.0 0.0 0.0 -0.0 -0.0 0.0 0.0 0.0 0.0 0.0 0.0 -0.0 0.0 -0.0 -0.0 -0.0 0.0 -0.0 -0.0 0.0 0.0 0.0 -0.0 0.0 0.0 -0.0 0.0 0.0 -0.0 -0.0 -0.0 0.0 -0.0 -0.0 0.0 -0.0 -0.0 -0.0 -0.0 -0.0 0.0 -0.0 0.0 0.0 -0.0 -0.0 -0.0 -0.0 -0.0
-0.0 0.0 -0.0 -0.0 -0.0 -0.0 0.0 -0.0 0.0 -0.0 -0.0 0.0 -0.0 -0.0 0.0 -0.0 -0.0 -0.0 -0.0 -0.0 -0.0 -0.0 -0.0 -0.0 -0.0 0.0 -0.0 -0.0 -0.0 -0.0 -0.0 0.0 0.0 -0.0 -0.0 0.0 -0.0 0.0 -0.0 -0.0 0.0 -0.0 -0.0 -0.0 0.0 0.0 0.0 0.0 -0.0 -0.0 0.0 -0.0 -0.0 -0.0 -0.0 -0.0 0.0 -0.0 -0.0 -0.0 -0.0 -0.0 0.0 -0.0
0.0 -1.0661412 -0.0 0.0 -0.0 0.0 -0.0 -1.6758367 0.0 0.0 0.0 0.0 0.0 0.0 -0.0 0.0 -0.0 0.0 -0.0 -0.0 -0.0 0.0 -0.0 0.0 0.0 0.0 0.0 -0.0 0.0 0.0 0.0 0.0 -0.0 0.0 0.0 -0.0 0.0 -0.0 0.0 0.0 0.0 0.9504624 0.0 0.0 -0.0 0.0 -0.0 -0.0 -0.0 -0.0 0.0 -0.0 0.0 0.0 0.0 0.0 0.0 0.0 0.0 0.0 -0.0 0.0 -0.0 -0.0
-0.0 -0.0 -0.0 -0.0 -0.0 -0.0 -0.0 -0.0 -0.0 -0.0 -0.0 0.0 0.0 -0.0 -0.0 0.0 -0.0 0.0 -0.0 0.0 -1.2592561 -0.0 0.0 -0.0 -0.0 0.0 -0.0 -0.0 -0.0 0.0 0.0 0.0 -0.0 -0.0 -0.0 0.0 0.0 -0.0 -0.0 0.0 -0.0 0.0 -0.0 -0.0 0.0 0.0 -0.0 -0.0 0.0 0.0 0.0 -0.0 0.0 0.0 -0.0 0.0 0.0 -0.0 -0.0 -0.0 -0.0 -0.0 -0.0 -0.0
-0.0 -0.0 0.0 -0.0 0.0 -0.0 0.0 0.0 -0.0 0.0 0.0 0.0 0.0 -0.0 0.0 0.0 -0.0 -0.6407488 0.0 0.0 -0.0 -0.0 0.0 -0.0 -0.0 0.0 0.0 0.0 -0.0 0.0 0.0 -0.0 0.0 0.0 -0.0 0.0 0.0 -0.0 -0.0 -0.0 -0.0 -0.0 -0.0 -0.0 0.0 0.0 -0.0 0.0 0.0 0.0 0.0 0.0 0.0 0.0 -0.0 -0.0 0.0 -0.0 -0.0 -0.0 0.0 0.0 -0.0 -0.0
-0.0 -0.0 -0.0 0.0 -0.0 0.0 0.0 0.0 -0.0 -0.0 0.0 -0.0 -0.0 -0.0 -0.0 0.0 -0.0 0.0 0.0 0.0 0.0 -0.0 -0.0 0.0 0.0 -0.0 0.0 0.0 0.0 0.0 -0.0 -0.0 -0.0 0.0 0.0 -0.0 -0.0 -0.0 -0.0 -0.0 -0.0 0.0 -0.0 0.0 -0.0 0.0 -0.0 0.0 0.0 0.0 0.0 0.0 0.0 -0.0 0.0 0.0 -0.0 -0.0 0.0 0.0 -0.0 0.0 -0.0 -0.0
0.0 -0.0 -0.0 0.0 0.0 0.0 -0.0 0.0 0.0 0.0 0.0 -0.0 -0.0 0.0 -0.0 0.0 0.0 0.9489621 -0.0 0.0 0.0 0.0 0.0 0.0 0.0 0.0 -0.0 0.0 0.0 0.0 0.0 0.0 -0.0 -0.0 -1.0430862 0.0 0.0 0.0 -0.0 0.0 0.0 0.0 0.0 0.0 -0.0 -0.0 0.0 -0.0 -0.0 -0.0 0.0 -0.0 0.0 -0.5624305 -0.0 0.0 -0.0 -0.0 0.0 0.0 0.0 0.0 -0.0 -0.0
-0.0 0.0 -0.0 -0.0 -0.0 0.0 0.0 -0.0 0.0 -0.0 0.0 -0.0 -0.0 -0.0 0.0 0.0 0.0 -0.0 -0.0 0.0 0.0 -0.0 0.0 0.0 0.0 -0.0 0.0 0.0 0.0 0.0 0.0 0.0 -0.0 0.0 -0.0 -0.0 0.0 -0.0 -0.0 -0.0 -0.0 0.0 -0.0 0.0 0.0 0.0 0.0 1.2489927 -0.0 0.0 0.0 0.0 -0.0 -0.0 0.0 -0.0 0.0 -0.0 0.0 -0.0 0.0 0.0 -0.0 -0.0
0.0 0.0 -0.0 0.0 -0.0 -0.0 0.0 -0.0 -0.0 -0.0 0.0 -0.0 -0.0 -1.3097345 0.0 -0.0 0.0 -0.0 0.0 0.0 -0.0 -0.0 0.0 0.0 -0.0 -0.0 0.0 0.0 0.0 0.0 -0.0 0.0 0.0 0.0 0.0 0.0 -0.0 0.0 0.0 0.0 0.0 -0.0 0.0 -0.0 0.0 0.0 -0.0 0.0 0.0 0.0 0.0 -0.0 -0.0 -0.0 0.0 0.0 0.0 -0.0 0.0 -0.0 0.0 0.0 -0.0 0.0
-0.0 -0.0 0.0 0.0 -0.0 -0.0 -0.0 -0.0 -0.0 0.0 -0.0 0.0 0.0 -0.0 -0.0 -0.0 -0.0 0.0 -0.0 -0.0 -0.0 0.0 0.0 -0.0 -0.0 0.0 -0.0 0.0 0.0 -0.0 0.0 -0.0 -0.0 -0.0 0.0 -0.0 0.0 0.0 0.0 0.0 0.0 0.0 0.0 -0.0 -0.0 -0.0 -0.0 -0.0 -0.0 -1.7236793 0.0 -0.0 -0.0 0.0 -0.0 -0.0 0.0 0.0 -0.0 -0.0 0.0 0.0 -0.0 0.0
0.0 -0.0 -0.0 -0.0 0.0 0.0 0.0 -0.95214856 0.0 -0.0 -0.0 0.0 0.0 -0.0 -0.0 -0.0 -0.0 0.9419451 -0.0 0.0 0.0 -0.0 -0.0 -0.5526304 -0.9527999 0.0 0.0 0.0 -0.0 0.0 0.0 -0.0 -0.0 0.0 -0.0 0.0 0.0 0.0 -0.0 0.0 -0.0 0.56513613 -0.0 0.0 -0.0 0.0 -0.0 -0.0 -0.0 0.0 0.0 0.0 0.0 -0.0 -0.0 0.8208822 0.0 0.0 -0.0 0.0 0.0 0.0 0.0 0.0
0.0 -0.0 -0.0 -0.0 -0.0 0.0 -0.0 -0.0 -0.0 -0.0 0.0 -0.0 -0.0 -0.0 -0.0 -0.0 0.0 0.0 -0.0 -0.0 0.0 -0.0 0.0 -0.0 0.0 -0.0 0.0 -0.0 -0.0 0.0 0.0 0.0 -0.0 0.0 -0.0 -0.0 -0.0 -0.0 -0.0 0.0 -0.0 0.0 0.0 0.0 -0.0 0.0 -0.0 -0.0 -0.0 -0.0 -0.0 -0.0 -0.0 0.0 -0.0 0.0 -0.0 -0.0 -0.0 -0.0 -0.0 0.0 -0.0 0.0
0.0 -0.0 0.0 0.0 0.0 0.0 0.0 0.0 0.0 -0.0 0.0 0.0 0.0 0.0 -0.0 0.0 0.0 0.0 -0.0 -0.0 -0.0 0.0 -0.0 -0.0 -0.0 0.0 -0.0 -0.0 0.0 0.0 -0.0 -0.0 -0.0 0.0 0.0 0.0 0.0 0.0 0.0 0.0 0.0 0.0 -0.0 -0.0 0.0 0.0 -0.0 -0.54240876 -0.0 -0.0 0.0 0.0 -0.0 -0.0 -0.0 -0.0 0.53143317 0.0 0.0 -0.0 0.0 0.0 -0.0 -0.0
-0.0 -0.0 0.0 -0.0 -0.0 0.0 -0.0 0.0 -0.0 -0.0 -0.0 -0.0 0.0 -0.0 -0.0 0.0 -0.0 0.0 0.0 0.0 0.0 0.0 0.0 -0.0 0.0 0.0 -0.0 0.0 0.0 -0.0 0.0 -1.0540166 -0.0 0.0 -0.0 -0.0 0.0 -0.0 -0.0 -1.6431869 0.0 0.0 -0.0 0.0 -0.0 -0.0 0.0 -0.0 0.0 -0.0 0.0 0.0 0.0 0.0 0.0 0.0 0.0 -0.0 -0.0 0.0 -0.0 -0.0 0.0 -0.0
0.0 2.02205 -0.0 0.0 -0.0 -0.0 -0.0 -0.0 0.0 -0.0 -0.0 -0.0 0.0 -0.0 0.0 0.0 0.0 -0.0 -1.7143662 -0.0 -0.0 -0.0 0.0 -0.0 0.0 -0.0 0.0 -0.0 0.0 -0.0 -0.0 0.0 0.0 -0.0 0.0 -0.0 -0.0 -0.0 -0.0 0.0 -0.0 -0.0 -0.0 0.0 -0.0 -0.0 0.0 0.0 -0.0 -0.0 0.0 -0.0 -0.0 0.0 -0.0 0.0 -0.0 0.0 -0.0 -0.0 -0.0 0.0 -0.0 0.0
0.0 0.0 -0.0 -0.0 0.0 0.0 0.0 -0.0 0.0 -0.92762727 -0.0 -0.0 0.0 0.0 0.0 0.0 -0.0 -0.0 -0.0 -0.0 0.0 0.0 -0.0 0.0 0.0 0.0 -0.0 0.0 -0.0 -0.0 0.0 0.0 0.0 -0.0 -0.0 0.0 0.0 -0.0 0.0 0.0 -0.0 -0.0 0.0 -0.0 0.0 0.0 0.0 -0.0 -0.0 -0.0 -0.0 -0.0 -0.0 -0.0 0.0 0.0 -0.0 0.0 0.0 -0.0 -0.0 0.0 0.0 0.0
0.0 0.0 -0.0 -0.0 -0.0 -0.0 -0.0 -0.0 0.0 0.0 -0.0 0.0 0.0 0.0 0.0 0.0 -0.0 -0.0 0.0 -0.0 0.0 -0.0 -0.0 0.0 -0.0 -0.0 0.0 -0.0 0.0 -0.0 -0.0 -0.0 0.0 0.0 -0.0 -0.0 -0.0 -0.0 0.0 -0.0 0.0 -0.0 0.0 0.0 0.0 0.0 0.0 -0.0 0.0 -0.0 -0.0 0.0 0.0 0.0 0.0 0.0 0.0 0.0 0.0 -0.0 0.0 -0.0 -0.0 0.0
0.0 0.43974993 0.0 -0.0 0.0 -0.0 0.0 -0.0 0.0 -0.0 -0.0 0.0 -0.0 0.0 0.0 0.0 0.0 -0.9023278 0.0 0.0 -0.0 0.0 0.0 0.0 -0.0 0.0 0.0 -0.0 -0.0 -0.0 -0.0 0.0 0.0 0.0 -0.0 -0.0 -0.0 0.0 0.0 0.0 -0.0 -0.0 0.0 0.0 0.0 0.0 -0.5346268 0.0 0.0 0.0 -0.0 0.0 -0.0 0.0 -0.0 0.0 0.0 -0.0 0.0 0.0 -0.0 -0.0 0.0 -0.0
-0.0 -0.29750848 0.0 -0.0 0.0 0.0 0.0 -0.0 -0.0 0.0 -0.0 -0.0 0.0 -0.0 -0.0 -0.0 -0.0 0.0 0.0 -0.0 0.0 -0.0 0.0 -0.0 -0.0 0.0 0.0 -0.0 -0.0 -0.0 0.0 0.0 -0.4513182 -0.0 -0.0 -0.0 -0.0 0.0 -0.0 0.0 -0.0 0.0 0.0 0.0 -0.0 -0.0 -0.0 0.6367287 0.0 -0.0 0.0 -0.0 0.0 -0.0 -0.0 -0.0 -0.0 0.0 -0.0 -0.0 0.0 -0.0 0.0 0.0
0.0 0.0 -0.0 0.0 -0.0 0.0 0.0 -0.0 -0.0 -0.0 -0.0 -0.0 0.0 0.0 0.0 0.0 0.0 -0.0 0.0 -0.0 0.0 -0.0 0.0 -0.0 0.0 -0.0 0.0 -0.0 0.0 -0.0 -0.0 0.0 0.0 0.0 -0.0 -0.0 -0.0 -0.0 0.0 0.0 -0.0 -0.0 0.0 -0.0 0.0 0.0 0.0 0.0 -0.0 -0.0 0.0 -0.0 -0.0 -0.0 0.0 -0.0 -0.0 -0.0 -0.0 -0.0 -0.0 -0.0 0.0 0.0
0.0 -0.0 0.0 -0.0 -0.0 -0.0 -0.0 0.0 0.0 0.0 0.0 0.0 0.0 -0.0 -0.0 -0.0 -0.0 0.8830813 -0.0 -0.0 0.0 0.0 -0.0 0.0 0.0 0.0 -0.0 -0.0 -0.0 0.0 0.0 -0.0 -0.80825806 0.0 -0.0 0.0 0.0 0.0 -0.0 0.0 -0.0 0.0 0.0 -0.0 -0.0 0.0 -0.0 -0.0 -0.0 -0.0 0.0 -0.0 -0.0 -0.0 0.0 -0.0 0.0 0.0 -0.0 -0.0 -0.0 0.0 0.0 -0.0
0.0 1.274192 0.0 -0.0 0.0 1.130678 0.0 0.0 -1.0840502 0.0 0.0 0.0 0.0 0.0 0.0 0.0 0.0 -0.0 0.0 -0.0 0.0 -0.0 0.0 0.0 -0.0 -0.0 -0.0 0.0 -0.0 -0.0 -0.0 0.0 0.0 -0.0 -0.0 1.2915548 -0.0 0.0 -1.8897858 -0.0 0.0 -0.0 -0.0 -0.0 0.0 -0.0 -0.0 0.0 -0.0 0.0 0.0 -0.0 0.0 -0.0 -0.0 -0.0 -0.0 -0.0 -0.0 0.0 0.0 -0.0 -0.0 -0.0
0.0 -0.0 0.0 0.0 -0.0 0.0 -0.0 0.0 -0.0 0.0 -0.0 0.0 0.0 0.0 -0.0 -0.0 0.0 0.0 0.0 0.0 0.0 -0.0 0.0 -0.0 -0.0 0.0 -0.0 0.0 0.0 -0.0 0.0 0.0 -1.0388131 -0.0 -0.0 -0.0 0.0 0.0 0.0 -1.534344 0.0 0.0 -0.0 -0.0 -0.0 0.0 1.2700734 -0.0 0.0 -0.0 -0.0 -0.0 0.0 -0.0 0.0 -0.0 -0.0 -0.0 -0.0 0.0 -0.0 -0.0 0.0 -0.0
-0.0 0.0 0.0 -0.0 0.0 -0.0 0.0 -0.0 -0.0 0.0 -0.0 0.0 0.0 0.0 0.0 0.0 -0.0 -0.0 -0.0 -0.0 -0.0 -0.0 -0.0 -0.0 0.0 0.0 0.0 0.0 -0.0 -0.0 -0.0 0.0 0.0 -0.0 -0.0 0.0 -0.0 -0.0 0.0 -0.0 0.0 -0.0 -0.0 0.0 0.0 0.0 0.0 0.0 -0.0 -0.0 -0.0 0.0 0.0 -0.0 -0.0 -0.0 -0.0 -0.0 0.0 -0.0 0.0 -0.0 -0.0 0.0
-0.0 -0.0 0.0 0.0 -0.0 0.0 1.0091244 0.0 0.0 -0.0 -0.0 -0.0 -0.0 0.0 -0.0 0.0 -0.0 0.0 0.0 -0.0 0.0 -0.0 -0.0 0.0 0.0 0.0 0.0 0.0 -0.0 -0.0 -0.0 0.0 -0.0 -0.0 0.0 0.0 0.0 -0.0 0.0 -0.0 -0.0 0.0 -0.0 0.0 -0.0 -0.0 -0.0 -0.0 -0.0 0.0 -0.0 0.0 -0.0 0.0 -0.0 0.0 0.0 0.0 0.0 0.0 -0.68786144 0.0 0.0 -0.0
-0.0 -0.0 -0.0 -0.0 -0.0 0.0 -0.0 0.0 0.0 0.0 -0.0 0.0 0.0 0.0 -0.0 0.0 -0.0 0.0 -0.0 -0.0 -0.0 -0.0 -0.0 -0.0 -0.0 -0.0 -0.0 0.0 -0.0 -0.0 0.0 -0.0 -0.0 0.0 -0.0 -0.0 0.0 0.0 -0.0 0.0 -0.0 0.0 -0.0 -0.0 -0.0 -0.0 -0.0 -0.0 -0.0 -0.0 0.0 0.0 -0.0 -0.0 -0.0 0.0 0.0 -0.0 0.0 -0.0 -0.0 -0.0 0.0 -0.0
-0.0 0.0 -0.0 -0.0 0.0 -0.0 0.0 -0.0 -0.0 0.0 0.0 -0.0 0.0 0.0 0.0 -0.0 0.0 -0.0 0.0 -0.0 -0.0 0.0 -0.0 0.0 -0.0 -0.0 0.0 -0.0 0.0 -0.0 -0.0 -0.0 1.8453234 0.0 0.0 -0.0 0.0 0.0 0.0 0.0 0.0 -0.0 -0.0 0.0 0.0 -0.0 -0.0 0.0 0.0 0.0 0.0 -0.0 0.0 -0.0 -0.0 -0.0 -0.0 -0.0 -0.0 0.0 -0.0 0.0 -1.715861 0.0
-0.0 0.0 -0.0 -0.0 -0.0 -0.0 -0.0 -0.0 -0.0 0.0 -0.0 -0.0 -0.0 -0.0 0.0 -0.0 -0.0 -0.0 -0.0 -0.0 -0.0 -0.0 -0.0 -0.0 -0.66562456 -0.0 -0.0 -0.0 0.0 -0.0 -0.0 -0.0 0.0 -0.0 -0.0 -0.0 -0.0 -0.0 -0.0 0.0 -0.0 -0.0 -0.0 -0.0 0.0 -0.0 -0.0 -0.0 -0.0 -0.0 0.0 -0.0 -0.0 -0.0 -0.0 -0.0 -0.0 -0.0 -0.0 -0.0 0.0 -0.0 -0.0 -0.0
0.0 -0.0 0.0 -0.0 -0.0 0.0 -0.0 0.0 0.0 -0.0 0.0 0.0 0.0 -0.0 -0.0 -0.0 0.0 0.63586825 0.0 -0.0 0.0 0.0 -0.0 -0.0 0.0 0.0 0.0 0.0 -0.0 0.0 0.0 -0.0 -0.0 0.0 -0.0 0.0 0.0 -0.0 0.0 -0.0 -0.0 0.0 -0.0 -0.0 -0.0 -0.0 0.0 -0.0 -0.0 0.0 -0.0 0.0 0.0 -0.0 0.0 0.0 -0.0 -0.0 0.0 0.0 -0.0 -0.0 -0.0 0.0
0.0 -0.0 0.0 -0.0 0.0 -1.4341974 0.0 0.0 0.0 0.0 0.0 -0.0 0.0 -0.0 -0.0 -0.0 -0.0 0.0 0.0 0.0 -0.0 0.0 -0.0 0.0 -0.0 0.0 -0.0 0.0 -0.0 -0.0 -0.0 -0.0 -0.0 0.0 0.0 0.0 -0.0 0.0 0.0 -0.0 -0.0 0.0 0.0 -0.0 -0.0 -0.0 0.0 -0.0 0.0 -0.0 0.0 0.88877773 -0.0 -0.0 0.0 0.0 -0.0 -0.0 0.0 -0.0 0.0 -0.0 0.0 0.0
-0.0 -0.0 0.0 -0.0 0.0 -0.0 0.0 -0.0 -0.0 0.0 -0.0 -0.0 -0.0 -0.0 -0.0 -0.0 -0.0 -0.0 0.0 0.0 -0.0 -0.0 -1.1839311 -0.0 -0.0 0.0 -0.0 0.0 -0.0 -0.0 -0.0 -0.0 0.0 0.0 -0.0 0.0 -0.0 -0.0 -0.0 0.0 -0.0 -0.0 -0.0 -0.0 0.0 -0.0 -0.0 -0.0 0.0 0.0 0.0 0.0 0.0 -0.0 -0.0 -0.0 0.0 -0.0 -0.0 -0.0 0.0 -0.0 -0.0 -0.0
-0.0 0.0 -0.0 -0.0 -0.0 -0.0 0.0 -0.0 -0.0 0.0 -0.0 -0.0 -0.0 -0.0 0.0 -0.0 0.0 0.0 -0.0 -0.0 -0.0 -0.0 0.0 -0.0 -0.0 -0.0 0.0 -0.0 -0.0 -0.0 -0.0 0.0 0.0 0.0 -0.0 -0.0 -0.0 -0.0 -0.0 0.0 0.0 -0.0 0.0 -0.0 0.0 0.0 0.0 0.0 0.0 0.0 -0.0 -0.0 0.0 -0.0 0.0 -0.0 -0.0 -0.0 -0.0 -0.0 0.0 -0.0 0.0 0.0
0.0 -0.0 -0.0 -0.0 -0.0 -0.0 -0.0 -0.0 -0.0 -0.0 0.0 0.0 -0.0 -0.0 -0.0 -0.0 0.0 0.0 -0.0 -0.0 0.0 -0.0 -0.0 0.0 0.0 -0.0 -0.0 -0.0 -0.0 -0.0 -0.0 0.0 -0.0 -0.0 -0.0 -0.0 -0.0 -0.0 -0.0 0.0 -0.0 0.0 0.0 -0.0 -0.0 -0.0 -0.0 -0.0 0.0 0.0 -0.0 -0.0 -0.0 0.0 0.0 -0.0 -0.0 -0.0 -0.0 -0.0 -0.0 -0.0 0.0 -0.0
-0.0 0.0 -0.0 -0.0 -0.0 -0.0 -0.0 -0.0 -0.0 -0.0 -0.0 -0.0 -0.0 -0.0 0.0 0.0 -0.0 -0.0 -0.0 -0.0 -0.0 -0.0 -0.0 -0.0 -0.0 -0.0 0.0 -0.0 -0.0 -0.0 -0.0 -0.0 0.0 0.0 -0.0 -0.0 -0.0 -0.0 -0.0 -0.0 -0.0 -0.0 -0.0 -0.0 0.0 0.0 0.0 0.0 -0.0 -0.0 -0.0 -0.0 -0.0 -0.0 -0.0 -0.0 -0.0 -0.0 -0.0 -0.0 0.0 -0.0 0.0 -0.0
-0.0 0.0 0.0 0.0 -0.0 -0.0 0.0 -0.0 0.0 -0.0 -0.0 0.0 -0.0 -0.0 0.0 -0.0 -0.0 -0.0 0.0 0.0 0.0 -0.0 0.0 -0.0 0.0 -0.0 0.0 0.0 0.0 -0.0 -0.0 0.0 0.0 0.0 -0.0 -0.0 -0.0 -0.0 0.0 -0.0 0.0 -0.0 0.0 0.0 0.0 -0.0 0.0 0.0 0.0 -1.5068907 -0.0 -0.0 -0.0 -0.0 -0.0 -0.0 0.0 0.0 -0.0 0.0 -0.0 -0.0 0.0 -0.0
0.0 0.0 -0.0 -0.0 0.0 -0.0 -0.0 -0.0 0.0 1.0438598 0.0 -0.0 -0.0 -1.1680924 0.0 -0.0 -0.0 -0.0 -0.0 -0.0 -0.0 0.0 0.0 0.0 -0.0 -0.0 0.0 0.0 0.0 -0.0 -0.0 -0.0 0.0 -0.0 0.0 -0.0 -0.0 0.0 -0.0 0.0 0.0 -0.0 0.0 -0.0 0.0 -1.3968272 0.0 0.0 0.0 -0.0 -0.0 0.0 -0.0 -0.0 0.0 0.0 -0.0 0.0 0.0 -0.0 -0.0 -0.0 -0.0 -0.0
-0.0 0.0 0.0 -0.0 0.0 -0.0 0.0 -0.0 0.0 -0.0 -0.0 0.0 0.0 -0.0 0.0 -0.0 -0.0 -0.0 -0.0 0.0 -0.0 -0.0 -0.0 -0.0 -0.0 0.0 0.0 -0.0 -0.0 -0.0 -0.0 0.0 0.0 0.0 -0.0 0.0 -0.0 0.0 -0.0 -0.0 -0.0 -0.0 -0.0 -0.0 0.0 0.0 -0.0 0.0 -0.0 -0.0 -0.0 0.0 0.0 -0.0 -0.0 0.0 0.0 0.0 -0.0 0.0 0.0 -0.0 -0.0 0.0
