56 56 64 256 1 0 1 1
0.0 0.0 0.0 -0.0 -0.0 -0.0 -0.0 -0.0 0.0 -0.0 -0.0 0.0 0.0 0.0 0.0 0.0 -0.0 0.0 0.0 -0.0 -0.0 -0.0 0.0 0.0 0.0 0.0 1.5570072 0.0 0.0 0.0 -0.0 -0.0 -0.0 -0.0 0.0 0.0 -0.0 0.0 -0.0 0.0 0.0 -0.0 0.0 -0.0 0.0 -0.0 0.0 0.0 -0.0 -0.0 0.0 0.0 0.0 0.0 0.0 -0.0 -0.0 0.0 -0.0 -0.0 -0.0 -0.0 -0.0 -0.0
-0.0 -0.0 -0.0 0.0 0.0 -0.0 -0.0 -0.0 0.0 -0.0 0.0 -0.0 0.0 0.0 -0.0 0.0 0.0 -0.0 -0.0 -0.0 -0.0 -0.0 0.0 0.0 0.0 -0.0 0.0 -0.0 0.0 -0.0 -0.0 -0.0 -0.0 -0.0 -0.0 0.0 -0.0 -0.0 0.0 0.0 -0.0 0.0 0.0 0.0 -0.0 -0.0 -0.0 -0.0 0.0 -0.0 -0.0 0.0 0.0 0.0 -0.0 0.0 0.0 0.0 0.0 -0.0 -0.0 -0.0 -0.0 0.0
0.0 -0.0 -0.0 0.0 0.0 0.0 0.0 -0.0 -0.0 -0.0 -0.0 -0.0 0.0 -0.0 -0.0 -0.0 0.0 -0.0 -0.0 0.0 -0.0 -0.0 0.0 -0.0 0.4441983 0.0 0.0 -0.0 0.0 -0.0 -0.0 0.0 0.0 0.0 -0.0 0.0 0.0 -0.0 -0.0 -0.0 -0.0 0.0 0.0 0.0 0.0 0.0 -0.0 -0.0 0.0 0.0 -0.0 -0.0 0.0 0.0 -0.0 0.0 -0.0 -0.0 0.0 0.0 -0.42734408 0.0 0.0 0.0
-0.0 -0.0 0.0 -0.0 0.0 0.0 -0.0 0.0 -0.0 -0.0 -0.0 -1.2259232 0.0 0.0 0.0 -0.0 -0.0 -0.0 -0.0 0.0 0.0 0.0 -0.0 0.0 0.0 -0.0 0.0 0.0 0.0 0.0 -0.0 -0.0 0.0 -0.0 0.0 -0.0 -0.0 0.0 -0.0 -0.0 0.0 0.0 -0.0 0.0 0.0 0.0 -0.0 -0.0 -0.0 0.0 -0.0 -0.0 0.0 -0.0 -0.0 0.0 -0.0 -0.0 0.0 0.0 -0.0 0.0 0.0 0.0
-0.0 0.0 0.0 -0.0 0.0 0.0 0.0 -0.0 -0.0 0.0 -0.0 0.0 0.0 0.0 0.0 0.0 0.0 0.0 -0.0 0.0 0.0 0.0 -0.0 -0.0 0.0 0.0 0.0 -0.0 -0.0 -0.0 0.0 0.0 0.0 0.0 -0.0 -0.0 -0.0 -0.0 0.0 0.0 0.0 -0.0 -0.0 -0.0 0.0 -0.0 0.0 -0.0 -0.6676739 0.0 -0.0 0.0 0.0 -0.0 -0.0 -0.0 0.0 0.0 0.0 0.0 -0.0 -0.0 0.0 -0.0
-0.0 0.0 -0.0 -0.0 0.0 -0.0 -0.0 -0.0 0.0 -0.0 0.0 0.0 0.0 0.0 0.0 0.0 -0.0 -0.0 -0.0 -0.0 -0.0 0.0 0.0 0.0 -0.0 -0.0 0.0 -0.0 0.0 -0.0 0.0 0.0 -0.0 0.0 0.0 -0.0 0.0 0.0 -0.0 -0.0 0.0 0.0 -0.8290403 -0.0 -0.0 -0.0 0.0 -0.0 1.1957575 -0.0 0.0 0.0 0.0 0.0 0.0 -0.0 -0.0 0.0 -0.64743024 -0.0 0.0 -0.0 -0.0 0.0
0.0 0.6615602 -0.0 -0.0 0.0 -0.0 0.0 -0.0 0.0 -0.0 -0.0 -0.0 -0.0 -0.0 0.0 -0.0 -0.0 0.0 -0.0 -0.0 0.0 0.0 -0.0 0.0 0.0 0.0 -0.0 -0.0 -0.0 0.0 -0.0 -0.0 -0.0 0.0 0.0 -0.0 0.0 -0.0 -0.0 -0.0 -0.0 -0.0 0.0 -0.0 0.0 0.0 -0.0 -0.0 0.0 0.0 0.0 0.0 -0.63551396 -0.0 0.0 -0.0 0.0 0.0 -0.0 0.0 -0.0 0.0 -0.0 -0.0
0.0 -0.0 -0.0 -0.0 -0.0 0.0 -0.0 -0.0 -0.0 -0.0 0.0 -0.0 -0.0 -0.0 -0.0 -0.0 0.0 0.0 0.0 -0.0 -0.0 -0.0 -0.0 -0.0 -0.0 -0.0 -0.0 -0.0 0.0 0.0 -0.0 0.0 -0.0 -0.0 -0.0 -0.0 0.0 0.0 -0.0 -0.0 0.0 0.0 -0.0 0.0 -0.0 -0.0 0.0 -0.0 0.0 -0.0 -0.0 -0.0 0.0 0.0 0.0 0.0 -0.0 -0.0 0.0 -0.0 0.0 0.0 -0.0 -0.0
0.0 -0.0 -0.0 -0.0 -0.0 -0.0 0.0 0.0 -0.0 -0.0 0.0 -1.008461 -0.0 -0.0 0.0 -0.0 0.0 0.0 -0.0 0.0 0.0 -0.0 -0.0 -0.0 0.0 -0.0 -0.0 0.0 0.0 -0.0 0.0 0.0 -0.0 -0.0 0.0 0.0 0.0 0.0 0.0 -0.0 0.0 -0.0 -0.0 0.0 0.0 -0.0 -0.0 -0.0 -0.0 -0.0 -0.0 -0.0 -0.0 0.0 0.0 -0.0 0.7069813 -0.0 -0.0 -0.0 -0.0 -0.0 -0.0 -0.0
0.0 -0.0 -0.0 0.0 0.0 0.0 0.0 -0.0 0.0 0.0 -0.0 0.0 -0.0 -0.0 0.0 0.0 0.0 -0.0 0.0 -0.0 -0.0 0.0 0.0 -0.0 -0.0 -0.0 0.0 -0.0 0.0 -0.0 -0.0 0.0 -0.0 0.0 -0.0 -0.0 0.0 -0.0 -0.0 0.0 0.0 0.0 0.0 0.0 -0.0 -0.0 0.0 0.0 -0.0 0.0 0.0 -0.0 0.0 0.0 -0.0 0.0 0.0 -0.0 0.0 -0.0 -0.0 -0.0 -0.0 0.0
0.0 -0.0 0.0 0.0 0.0 -0.0 0.0 0.0 0.0 -0.0 -0.0 -0.0 0.0 -0.0 -0.0 -0.0 0.0 0.0 -0.0 0.0 -0.0 -0.0 -0.0 -0.0 0.0 0.0 -0.0 -0.0 0.0 -0.0 -0.0 -0.0 0.0 0.0 -0.0 0.0 0.0 0.0 -0.0 0.0 -0.21460901 0.0 0.0 0.0 -0.0 0.0 -0.0 0.0 -0.0 -0.0 -0.0 -0.0 -0.0 -0.0 -0.0 0.0 0.0 0.0 -0.0 -0.0 -0.0 0.0 0.0 0.0
-0.0 -0.0 0.0 -0.0 0.0 -0.0 0.0 0.0 -0.0 0.0 -0.0 0.0 -0.0 -0.0 0.0 -0.0 0.7664413 -0.0 0.0 0.0 0.0 -0.0 -0.0 -0.0 0.0 0.0 0.0 -0.0 0.0 -0.0 0.0 -0.68660086 -0.0 -0.0 -0.0 0.0 0.0 -0.0 -0.0 0.0 0.0 0.0 0.0 0.0 -0.0 -0.0 -0.0 -0.0 -0.0 0.0 -0.0 0.0 0.8002744 0.0 0.0 -0.0 0.0 -0.0 0.0 -0.0 -0.0 -0.0 -0.0 0.0
0.0 0.0 -0.0 0.0 -0.0 -0.0 0.0 0.0 0.0 -0.0 -0.0 -0.0 -0.0 -0.0 -0.0 -0.0 0.0 -0.0 -0.0 0.0 -0.0 -0.0 -0.0 0.0 -0.0 0.0 -0.0 -0.0 0.0 0.0 -0.0 -0.0 0.0 0.0 0.0 -0.0 -0.0 0.0 -0.0 -0.0 0.0 -0.0 0.0 -0.0 0.0 -0.0 0.0 0.0 -0.0 0.0 -0.0 0.0 -0.0 0.0 -0.0 -0.0 0.0 -0.0 -0.0 -0.0 -0.0 -0.0 -0.0 -0.0
0.0 0.0 0.0 -0.0 -0.0 0.0 0.0 0.0 0.0 -0.0 -0.0 0.0 0.0 -0.0 -0.0 -0.0 -0.0 0.0 -0.0 -0.0 -0.0 -0.0 -0.0 0.0 -0.0 0.0 0.0 -0.0 -0.0 -0.0 0.0 0.0 -0.0 0.0 0.0 -0.0 0.0 0.0 0.0 -0.0 -0.0 -0.0 0.0 -0.0 -0.0 0.0 0.0 0.0 -0.0 -0.0 0.0 0.0 -0.0 0.0 0.0 0.0 -0.0 0.0 -0.0 0.0 0.0 -0.0 0.0 -0.0
0.0 -0.0 -0.0 -0.0 0.0 -0.0 0.0 0.0 0.0 -0.0 -0.0 -0.0 -0.0 -0.0 -0.0 -0.0 -0.0 0.0 0.0 -0.0 -0.0 -0.0 -0.0 -0.0 -0.0 0.0 0.0 0.0 -0.0 -0.0 0.0 0.0 -0.0 -0.0 -0.0 0.0 0.0 -0.0 0.0 -0.0 0.0 -0.0 0.0 -0.0 -0.0 -0.0 -0.0 -0.0 -0.0 -0.0 0.0 -0.0 0.0 0.0 -0.0 -0.0 0.0 0.0 0.0 -0.0 0.0 -0.0 -0.0 -0.0
0.0 0.0 -0.0 -0.0 0.0 -0.0 0.0 0.0 0.0 -0.0 0.0 0.0 -0.0 -0.0 -0.0 -0.0 0.0 0.0 0.0 0.0 -0.0 -0.0 0.0 0.0 -0.0 -0.0 0.0 0.0 0.0 0.0 0.0 0.0 -0.0 -0.0 0.0 -0.0 -0.0 0.0 -0.0 -0.0 0.0 -0.0 -0.0 0.0 0.0 0.0 -0.0 0.0 0.0 0.0 -0.0 0.0 -0.0 0.0 -0.0 -0.0 0.0 -0.0 0.0 0.0 -0.0 -0.0 -0.0 0.0
0.0 0.0 0.0 0.0 0.0 0.0 0.0 0.0 -0.0 -0.0 0.0 0.0 0.0 -0.0 -0.0 -0.0 0.0 0.0 0.0 0.0 0.0 0.0 0.0 -0.0 -0.0 -0.0 0.0 -0.0 0.0 -0.0 -0.0 0.0 0.0 0.52110934 0.0 0.0 -0.0 0.0 -0.0 0.0 -0.0 0.0 0.0 0.0 -0.0 0.0 -0.0 -0.0 -0.0 0.0 -0.0 -0.0 0.0 0.0 0.0 0.0 0.0 0.0 0.0 0.0 -0.0 0.0 -0.0 0.0
0.0 0.0 -0.0 -0.0 -0.0 -0.0 0.0 0.0 -0.0 -0.0 0.0 0.0 -0.0 0.0 -0.0 0.0 -0.0 0.0 -0.0 0.0 -0.0 -0.0 -0.0 0.0 -0.0 0.0 0.0 0.7550226 0.0 -0.0 0.0 0.0 -0.0 0.0 0.0 -0.0 0.0 -0.0 -0.0 -0.0 0.0 0.0 0.0 -0.0 0.0 -0.0 0.67866725 -0.0 0.0 -0.0 0.0 0.0 0.0 -0.0 -0.0 0.0 0.0 0.0 -0.0 0.0 -0.0 0.0 -0.0 -0.0
0.0 0.0 0.0 -0.0 -0.0 -0.0 0.0 0.0 0.0 0.0 0.0 0.0 0.0 -0.0 0.0 0.0 -0.0 -0.0 -0.0 -0.0 0.0 0.0 0.0 0.0 -0.0 0.0 0.0 -0.0 -0.0 -0.0 -0.0 -0.0 -0.0 0.0 -0.0 -0.0 -0.0 0.0 0.0 -0.0 0.0 -0.0 0.0 -0.0 -0.0 0.0 -0.0 -0.0 -0.0 0.0 0.0 -0.0 -0.0 -0.0 0.0 -0.0 0.0 -0.0 -0.0 -0.0 0.0 0.0 -0.0 -0.0
-0.0 0.0 -0.0 0.0 -0.0 0.0 0.0 0.0 0.0 0.0 0.0 -0.0 0.0 0.0 -0.0 0.0 -0.0 -0.0 -0.0 0.0 -0.0 0.0 -0.0 -0.0 0.0 -0.0 0.0 0.0 0.0 0.0 -0.0 -0.714129 0.0 -0.0 -0.0 0.0 -0.0 0.0 -0.0 0.0 0.0 0.0 0.0 -0.0 -0.0 -0.0 -0.0 -0.0 0.0 -0.0 0.0 0.0 0.0 -0.0 0.0 0.0 -0.0 -0.0 0.0 -0.0 -0.0 -0.0 0.0 0.0
-0.0 0.0 -0.0 0.0 -0.0 0.0 -0.0 -0.0 -0.0 0.0 0.0 0.0 -0.0 -0.0 0.0 0.0 -0.0 -0.0 -0.0 0.0 -0.0 0.0 0.0 0.0 0.0 -0.0 -0.0 0.0 0.0 -0.0 -0.0 -0.0 0.0 -0.0 -0.0 0.0 0.0 -0.0 -0.0 0.0 -0.0 0.0 -0.0 0.0 -0.0 0.0 -0.0 -0.0 0.0 -0.0 0.0 0.0 -0.0 -0.0 0.0 0.0 -0.0 0.0 -0.0 0.0 0.0 0.0 0.0 -0.0
-0.0 0.0 0.0 -0.0 0.0 -0.0 0.0 -0.0 -1.3118404 -0.0 -0.0 0.0 0.0 0.0 -0.0 0.0 -0.0 -0.0 -0.0 1.1889285 0.0 0.0 -0.0 0.0 0.0 -0.0 -0.0 -0.0 0.0 0.0 0.0 -0.0 0.0 0.0 0.0 0.0 -0.0 0.0 0.0 0.0 -0.0 0.0 -0.0 0.0 -0.0 -0.0 -0.0 -0.0 -0.0 0.0 0.0 0.72207206 -0.0 -0.0 0.0 0.0 -0.0 -0.0 0.0 0.0 -0.0 -0.0 -0.0 0.0
0.0 -0.0 -0.0 -0.0 -0.0 0.0 0.0 0.0 0.0 -0.0 -0.0 0.0 0.0 -0.0 -0.0 -0.0 0.0 0.0 0.0 0.0 0.0 0.0 -0.0 -0.0 -0.0 0.0 -0.0 0.0 0.0 -0.0 0.0 0.0 0.0 0.0 -0.0 0.0 -0.0 -0.0 -0.0 0.0 0.0 0.0 -0.0 0.0 -0.0 -0.0 0.0 -0.0 -0.0 0.0 0.0 0.0 -0.0 -0.25752792 -0.0 -0.0 0.0 -0.0 0.0 -0.0 0.0 0.0 0.0 0.0
-0.0 0.0 0.0 -0.0 -0.0 -0.0 -0.0 0.0 -0.0 0.0 -0.0 0.0 0.0 0.0 0.0 0.0 -0.0 0.0 0.0 0.0 0.0 0.0 -0.0 0.0 -0.0 0.0 -0.0 -0.0 -0.0 0.0 -0.0 0.0 0.0 0.0 0.0 0.0 -0.0 0.0 -0.0 0.0 -0.0 -0.0 -0.0 0.0 0.0 -0.0 0.0 0.0 -0.0 0.0 -0.0 0.0 -0.0 0.0 0.0 -0.0 0.0 -0.0 -0.0 0.0 -0.0 -0.0 -0.0 0.0
0.0 0.0 0.0 0.0 0.0 -0.0 0.0 0.0 -0.0 -0.0 0.0 0.0 -0.0 -0.0 -0.0 -0.0 0.0 0.0 0.0 0.0 -0.0 0.07122122 0.11444992 0.0 0.083223306 0.0 -0.0 0.0 0.0 -0.0 0.0 0.0 -0.0 0.0 -0.0 -0.0 -0.0 0.0 0.0 -0.0 -0.0 0.0 0.0 0.0 -0.0 -0.0 -0.0 -0.0 0.0 -0.0 -0.0 0.0 -0.0 -0.0 -0.0 -0.0 -0.0 0.0 -0.0 -0.0 -0.0 -0.0 -0.0 0.0
-0.0 0.0 -0.0 0.0 -0.0 -0.0 -0.0 -0.0 -0.0 -0.0 0.0 0.0 -0.0 0.0 0.0 0.0 0.0 -0.0 -0.0 0.0 -0.0 0.0 -0.0 0.0 -0.0 -0.0 0.0 0.0 -0.0 0.0 -0.0 -0.0 0.0 0.0 -0.0 -0.0 -0.0 0.0 -0.0 -0.0 -0.0 -0.0 -0.0 -0.0 0.0 0.0 -0.0 -0.0 -0.0 -0.0 0.0 0.0 -0.0 -0.0 0.0 0.0 -0.0 0.0 -0.0 -0.0 0.0 0.0 -0.0 -0.0
-0.0 -0.0 0.0 0.0 0.0 -0.0 -0.0 -0.0 -0.0 -0.0 0.0 -0.0 0.0 0.0 0.0 0.0 -0.0 0.0 -0.0 -0.0 0.0 -0.0 0.0 -0.0 1.0956078 -0.0 -0.0 0.0 -0.0 0.0 -0.0 -0.0 -0.0 -0.0 0.0 0.0 -0.0 -0.0 0.82397383 -0.0 -0.0 0.0 -0.0 0.0 0.0 0.0 -0.0 -0.0 -0.0 -0.0 -0.0 -0.0 -0.0 -0.0 -0.0 0.0 -0.0 -0.0 -0.0 0.0 0.0 -0.0 0.0 -0.0
-0.0 0.0 -0.0 -0.0 -0.0 -0.3182103 -0.0 -0.0 -0.0 -0.0 -0.0 -0.0 -0.0 -0.0 -0.0 0.0 -0.0 0.0 0.0 -0.0 -0.0 -0.0 -0.0 -0.0 0.0 -0.0 -0.0 -0.0 -0.0 -0.0 0.0 -0.4114098 -0.0 0.0 0.0 -0.0 -0.0 -0.0 0.0 -0.0 -0.0 -0.0 0.0 0.0 0.0 -0.0 0.0 -0.0 0.0 0.0 0.0 0.0 0.0 0.0 0.0 0.0 0.0 0.0 0.0 -0.0 -0.0 -0.0 -0.0 0.0
0.0 -0.0 -0.0 -0.0 0.0 -0.0 0.0 0.0 0.0 0.6864341 0.0 -0.0 0.0 0.7140037 0.7906196 0.0 -0.0 0.0 0.0 -0.0 -0.0 -0.0 -0.0 -0.0 -0.0 0.0 -0.0 -0.0 -0.0 0.0 0.0 -0.0 0.0 0.0 -0.0 -0.0 -0.0 0.0 -0.0 0.0 0.0 -0.0 -0.0 -0.0 0.0 -0.0 0.0 -0.0 -0.0 -0.0 0.0 -0.0 -0.0 0.0 -0.0 0.0 -0.0 -0.0 0.65055776 -0.0 -0.0 0.0 -0.0 0.0
-0.57848203 0.0 -0.0 0.0 -0.0 -0.0 0.0 0.0 -0.71213824 -0.0 -0.0 0.0 -0.0 0.0 -0.0 0.0 -0.0 -0.0 -0.0 0.8299129 0.0 -0.0 -0.0 0.0 -0.0 -0.0 -0.0 -0.0 0.0 0.0 -0.0 -0.0 0.0 -0.0 -0.0 0.0 0.0 -0.0 -0.0 0.0 -0.0 -0.0 -0.0 -0.0 -0.0 -0.0 -0.0 -0.0 0.0 1.034879 -0.0 0.0 0.0 -0.0 0.0 -0.0 -0.0 -0.0 -0.0 -0.0 -0.0 0.0 0.0 0.0
-0.0 -0.0 0.0 -0.0 0.0 -0.0 -0.41345683 0.0 0.0 0.0 -0.0 0.0 -0.0 0.0 0.0 -0.0 0.0 0.0 -0.0 0.0 0.0 -0.0 0.0 -0.0 0.0 0.0 -0.0 -0.0 -0.0 0.0 0.0 -0.0 0.0 0.0 0.0 -0.0 -0.0 -0.0 -0.0 -0.0 0.0 0.0 0.0 -0.0 -0.0 -0.0 -0.0 0.0 -0.0 0.0 -0.0 -0.0 -0.0 -0.0 0.0 -0.0 -0.0 -0.0 -0.0 -0.0 0.0 -0.0 0.0 -0.0
0.0 0.0 -0.0 0.0 -0.0 0.0 0.0 -0.0 -0.0 0.0 -0.0 -0.0 0.0 -0.0 0.0 0.0 -0.0 -0.0 -0.0 -0.0 0.0 0.0 -0.0 -0.0 0.0 -0.0 -0.0 -0.0 -0.0 0.0 0.0 0.0 -0.0 0.0 -0.0 0.0 -0.0 -0.0 0.0 0.0 -0.0 0.0 -0.0 0.0 0.0 0.0 -0.0 -0.0 0.0 -0.0 -0.0 -0.0 0.0 0.0 0.0 0.0 -0.0 0.0 0.0 -0.0 0.0 0.0 -0.0 0.0
0.0 0.0 -0.0 0.0 0.0 0.0 -0.0 -0.0 0.0 0.0 -0.0 -0.0 -0.0 0.0 0.0 0.0 -0.0 -0.0 0.0 -0.0 -0.0 0.0 0.0 -0.0 0.0 -0.0 -0.0 0.0 0.0 0.0 -0.0 0.0 0.0 0.0 0.0 0.0 0.0 -0.0 0.0 0.0 -0.0 -0.0 -0.0 0.0 -0.0 0.0 0.0 0.0 0.0 0.0 0.0 0.0 -0.0 0.0 -0.0 0.0 0.0 -0.0 0.0 -0.0 0.0 0.0 -0.0 0.0
0.0 -0.0 -0.0 -0.0 0.0 -0.0 -0.0 0.0 0.0 -0.0 -0.0 -0.0 -0.0 0.0 -0.0 0.0 0.0 0.0 0.0 0.0 0.0 0.0 0.0 -0.0 -0.0 -0.0 0.0 0.0 0.0 -0.0 -0.0 0.0 -0.0 0.0 0.0 -0.0 0.0 0.0 -0.0 -0.0 0.0 -0.0 0.0 0.0 0.0 -0.0 -0.0 0.0 0.0 -0.0 -0.0 -0.0 0.0 0.0 -0.0 -0.0 0.0 -0.0 0.0 -0.0 0.0 0.0 0.0 0.0
0.0 -0.0 -0.0 0.0 -0.0 -0.0 -0.0 0.0 0.0 -0.0 0.0 0.0 -0.0 -0.0 0.0 -0.0 0.0 -0.0 -0.0 0.0 -0.0 -0.0 -0.0 0.0 -0.0 -0.0 -0.0 0.0 0.0 -0.0 0.0 -0.0 0.0 -0.0 0.0 -0.0 0.0 0.0 -0.0 0.0 0.0 -0.0 0.0 0.0 0.0 -0.0 -0.0 -0.0 -0.0 0.0 0.0 -0.0 0.0 -0.0 -0.0 -0.0 0.0 -0.0 -0.0 0.0 -0.0 -0.0 -0.0 -0.0
0.0 -0.0 -0.0 0.0 0.0 0.0 0.0 -0.0 -0.0 -0.25466278 0.0 -0.0 0.0 0.0 -0.0 -0.0 0.0 -0.0 -0.0 -0.0 -0.0 0.0 0.0 0.0 -0.0 0.0 0.0 0.0 0.0 -0.1921592 -0.0 0.0 0.0 0.0 -0.0 0.0 0.0 0.0 0.0 0.0 -0.332699 -0.0 0.53572494 -0.0 -0.0 0.0 0.0 0.0 -0.0 -0.0 0.0 0.0 0.0 0.0 0.5323017 -0.0 0.0 0.0 0.0 0.0 0.0 -0.0 0.0 0.0
0.0 0.0 0.0 -0.0 -1.0105889 -0.0 0.0 0.0 -0.8759046 -0.0 0.0 -0.0 0.0 0.0 0.0 -0.0 -0.0 -0.0 0.0 0.7565851 0.0 -0.0 -0.0 0.0 0.0 -0.0 0.0 0.0 -0.0 0.0 -0.0 0.0 0.0 0.0 -0.0 0.0 -0.63212353 0.0 0.0 0.0 -0.0 0.0 -0.0 0.77245 0.0 0.0 -0.0 -0.0 -0.0 -0.0 -0.0 -0.0 0.0 0.0 0.0 -0.0 -0.0 0.0 -0.0 -0.0 -0.0 -0.0 0.0 -0.0
0.0 -0.0 -0.0 -0.0 0.0 0.0 -0.71048653 -0.0 0.0 0.0 0.0 -0.0 0.0 -0.0 0.0 0.0 0.0 0.0 0.0 -0.0 -0.0 0.0 0.0 0.0 0.0 0.0 -0.0 -0.0 0.0 -0.0 -0.0 -0.0 0.0 -0.0 -0.0 -0.0 -0.0 -0.0 0.0 -0.0 -0.0 0.0 0.0 0.0 -0.0 -0.0 0.0 -0.0 -0.0 -0.0 -0.0 -0.0 -0.0 0.0 0.0 0.0 -0.0 -0.0 0.0 -0.0 -0.0 0.0 -0.0 -0.0
-0.0 0.0 -0.0 -0.0 -0.0 0.0 0.0 0.0 -0.0 -0.0 -0.0 -0.0 -0.0 -0.0 0.0 -0.0 -0.0 -0.0 -0.0 0.0 -0.0 -0.0 -0.0 0.0 -0.0 -0.0 -0.0 0.0 0.0 0.0 -0.0 -0.0 0.0 0.0 -0.0 -0.0 -0.0 0.0 -0.0 0.0 -0.0 -0.0 0.0 0.0 0.0 -0.0 -0.0 0.0 0.0 -0.0 -0.0 -0.0 0.0 0.0 -0.0 -0.0 -0.0 -0.0 0.0 -0.0 0.0 -0.0 -0.0 0.0
0.0 -0.0 0.0 -0.0 -0.0 -0.0 -0.0 0.0 0.0 0.0 0.0 0.0 -0.0 -0.0 0.0 0.0 -0.0 0.0 0.0 -0.0 0.0 0.0 0.0 -0.0 0.0 0.0 0.0 -0.0 -0.0 0.0 -0.0 -0.0 -0.0 0.0 -0.0 0.0 -0.0 -0.0 0.0 -0.0 -0.0 -0.0 -0.0 0.0 -0.0 0.65738875 -0.70073014 0.0 -0.0 0.0 -0.0 -0.0 -0.0 0.0 -0.0 0.0 0.0 0.0 0.0 -0.0 -0.0 -0.0 -0.0 0.0
-0.0 0.0 0.53167415 0.0 -0.0 0.0 0.0 0.0 -0.0 -0.0 -0.0 -0.0 0.0 0.0 -0.0 0.0 -0.0 -0.68221885 0.0 -0.0 0.0 0.0 0.0 -0.0 -0.0 0.0 0.0 0.0 0.0 -0.0 -0.0 -0.0 -0.0 0.0 0.0 -0.51170963 -0.0 -0.0 -0.0 0.0 -0.0 -0.0 0.0 -0.0 -0.41905352 -0.0 -0.0 0.0 -0.0 0.0 -0.0 -0.0 0.0 -0.0 -0.0 -0.0 -0.0 0.0 0.0 -0.0 -0.0 0.0 -0.0 -0.0
-0.0 0.0 0.0 -0.0 0.0 -0.0 0.0 0.0 -0.0 0.0 -0.0 -0.0 0.0 -0.0 0.0 0.0 -0.0 -0.8588811 0.0 0.0 0.0 0.0 0.0 0.0 -0.0 -0.0 -1.1765914 0.0 0.0 -0.0 -0.0 0.0 -0.0 -0.0 0.0 0.0 -0.0 0.0 0.0 0.0 0.0 0.0 0.0 0.0 -0.0 0.0 -0.0 -0.0 0.0 0.0 -0.0 0.0 -0.0 -0.0 0.0 0.0 -0.0 -0.0 0.0 0.0 0.0 0.0 -0.0 -0.0
-0.0 0.0 0.0 -0.0 0.0 0.0 -0.0 -0.0 -0.0 -0.0 -0.0 0.0 -0.0 -0.0 -0.0 0.0 -0.0 -0.0 -0.0 -0.0 0.0 0.0 0.17478442 -0.0 0.0 0.0 -0.0 -0.0 -0.0 -0.0 -0.0 -0.0 -0.0 0.0 0.0 -0.0 0.0 -0.0 0.0 -0.0 -0.0 -0.0 -0.0 0.0 0.0 0.0 -0.0 -0.0 0.0 -0.0 0.0 -0.0 0.0 -0.0 0.0 -0.0 -0.0 0.0 -0.0 0.0 -0.0 -0.0 -0.0 -0.0
-0.0 0.0 0.0 -0.0 0.0 -0.0 0.0 0.0 0.0 -0.0 -0.0 0.0 0.0 0.0 0.0 0.0 0.0 -0.0 0.0 -0.0 0.0 -0.0 0.0 -0.0 0.0 0.0 -0.0 0.0 0.0 0.0 0.0 -0.0 0.0 0.0 0.0 -0.0 -0.0 0.0 0.0 -0.0 -0.0 -0.0 -0.0 -0.0 -0.0 -0.0 0.0 -0.0 0.0 -0.0 0.0 0.0 -0.0 0.0 -0.0 -0.0 0.0 -0.0 -0.0 0.0 0.0 -0.0 -0.0 -0.0
-0.0 0.0 0.0 0.0 0.0 -0.0 0.0 0.0 0.0 0.0 0.0 -0.0 -0.0 -0.0 0.0 -0.0 0.0 0.0 -0.0 -0.0 -0.0 0.0 0.0 0.0 -0.0 0.0 0.0 -0.0 0.0 -0.0 -0.0 -0.0 0.0 0.0 -0.0 -0.0 0.0 0.0 0.0 0.0 -0.0 0.0 0.0 0.0 0.0 0.0 -0.0 -0.0 -0.0 0.0 0.0 -0.0 0.0 0.0 0.0 -0.0 0.0 -0.0 -0.0 -0.0 0.0 -0.0 0.0 -0.0
0.0 0.0 0.0 -0.0 0.0 -0.0 0.0 0.0 0.0 -0.0 0.0 0.0 -0.0 -0.0 -0.0 -0.0 0.0 0.0 0.0 -0.0 0.0 -0.0 -0.0 -0.0 0.0 0.0 0.0 -0.0 0.0 -0.0 -0.0 -0.0 -0.0 0.0 -0.0 -0.0 0.0 -0.0 0.0 -0.0 0.0 0.0 0.0 -0.0 0.0 -0.0 0.0 -0.0 -0.0 -0.0 0.0 -0.0 -0.0 -0.0 -0.0 -0.0 0.0 -0.0 0.0 -0.0 0.0 -0.0 -0.0 -0.0
-0.0 0.0 0.0 0.0 0.0 -0.0 -0.0 -0.0 0.0 -0.0 -0.0 -0.0 0.0 0.0 0.0 -0.0 0.0 0.0 -0.0 0.0 -0.0 0.0 -0.0 -0.0 -0.0 -0.0 0.0 -0.0 0.0 0.0 0.0 0.0 0.0 -0.0 0.0 -0.0 -0.0 -0.0 0.0 -0.0 0.0 -0.0 -0.0 0.0 0.0 0.0 -0.0 0.0 -0.0 0.0 -0.0 -0.0 0.0 -0.0 0.0 0.0 0.0 -0.0 0.0 0.0 -0.0 0.0 0.0 0.0
0.0 0.0 0.0 0.0 0.0 0.0 -0.67808825 -0.0 0.0 0.0 0.0 0.0 0.0 0.0 0.0 0.0 -0.0 0.0 0.0 0.0 0.0 0.0 -0.0 -0.5996139 -0.0 -0.0 -0.0 0.0 -0.0 0.0 0.0 0.0 0.0 -0.0 0.0 -0.0 -0.0 0.0 -0.0 -0.0 0.5602364 -0.0 -0.37150756 -0.0 -0.0 -0.0 -0.0 -0.0 -0.0 0.0 0.0 0.0 -0.0 0.0 0.0 0.0 -0.0 -0.0 0.0 -0.0 -0.0 -0.0 -0.0 0.0
-0.0 -0.4959909 -0.0 -0.0 0.0 -0.0 0.0 0.0 -0.0 -0.0 0.0 0.0 -0.0 -0.0 -0.0 -0.0 -0.0 -0.0 0.50135 0.0 0.0 0.0 0.0 0.0 -0.0 0.0 -0.0 0.0 -0.0 0.0 -0.0 0.0 0.0 0.0 0.0 0.0 -0.0 0.0 0.0 -0.0 0.0 0.0 -0.0 0.0 -0.0 -0.0 0.0 0.0 -0.0 0.0 -0.0 -0.0 0.0 -0.0 0.0 0.0 0.0 -0.0 -0.0 0.0 -0.0 0.0 0.0 0.0
-0.0 0.0 -0.0 0.0 0.0 0.0 -0.0 -0.0 0.0 -0.0 -0.0 -0.0 0.0 0.6995764 -0.0 0.0 0.0 -0.0 -0.0 -0.0 -0.0 -0.0 0.0 -0.0 0.0 0.0 0.0 -0.0 0.0 -0.0 0.0 0.0 -0.0 0.0 0.992705 0.0 0.0 0.0 -0.0 -0.0 0.0 -0.0 0.0 -0.0 -0.0 -0.0 0.0 -0.0 0.0 0.0 -0.0 0.0 -0.0 -0.0 -0.0 -0.0 -0.0 -0.0 -0.0 0.0 -0.0 -0.0 0.0 0.0
0.0 -0.0 -0.0 -0.0 0.0 0.0 0.0 -0.0 0.0 0.0 -0.0 -0.0 -0.0 -0.0 -0.0 -0.0 -0.0 -0.0 0.0 -0.0 0.0 -0.0 -0.0 -0.0 0.0 -0.0 0.0 -0.0 0.0 -0.0 0.0 -0.0 0.0 -0.0 0.0 -0.0 0.0 -0.0 0.0 0.0 0.0 0.0 0.0 -0.0 0.0 -0.0 0.0 -0.0 -0.0 -0.0 -0.0 -0.0 0.0 0.0 -0.0 0.0 -0.0 0.0 -0.0 -0.0 0.0 -0.0 -0.0 -0.0
-0.0 -0.8472971 -0.0 -0.0 0.0 -0.0 -0.0 -0.0 -0.0 -0.0 0.0 0.0 0.0 -0.0 -0.0 -0.0 0.0 0.0 0.0 0.0 0.0 0.0 0.0 0.0 -0.0 -0.0 0.0 0.0 -0.0 0.0 0.0 -0.0 0.0 0.0 0.0 -0.0 -0.0 -0.0 -0.0 -0.0 0.0 -0.0 -0.0 -0.0 0.0 0.0 0.0 -0.0 -0.0 0.0 -0.0 -0.0 0.0 -0.0 0.0 -0.0 -0.0 -0.0 -0.0 -0.0 -0.0 -0.0 0.0 0.0
-0.4774734 0.0 -0.0 -0.0 0.0 0.0 0.0 -0.0 -0.0 0.0 -0.0 0.51707995 0.0 -0.0 0.0 -0.0 0.0 0.0 -0.0 -0.0 -0.0 0.0 0.0 0.0 0.0 0.0 -0.0 -0.0 0.0 0.0 -0.0 0.0 -0.0 0.0 0.0 -0.0 0.0 0.0 0.0 -0.0 -0.0 0.0 -0.0 -0.0 0.0 0.0 0.0 -0.0 -0.0 0.0 0.5689862 0.4076178 -0.0 -0.0 0.0 -0.0 -0.55795187 0.0 -0.0 0.0 0.0 0.0 -0.0 -0.0
-0.0 0.0 -0.0 0.0 -0.0 0.0 0.0 0.0 -0.0 -0.0 0.0 0.0 -0.0 -0.0 0.0 -0.0 -0.0 -0.0 0.0 0.0 -0.0 -0.0 -0.0 -0.0 -0.0 0.0 0.0 0.0 -0.0 0.0 0.0 0.0 0.0 -0.0 0.0 0.0 -0.0 -0.0 0.0 0.0 -0.0 -0.0 -0.0 -0.0 -0.0 -0.0 -0.0 0.0 0.0 0.0 0.0 0.0 -0.0 -0.0 -0.0 0.0 0.0 0.0 -0.0 0.0 0.0 -0.0 -0.0 0.0
0.0 0.0 0.0 -0.0 0.0 0.0 -0.0 0.0 -0.0 -0.0 -0.0 -0.0 -0.0 0.0 0.0 0.0 -0.0 -0.0 -0.0 0.0 -0.0 0.0 0.0 0.0 0.0 -0.0 -0.0 0.0 -0.0 0.0 -0.0 -0.0 0.0 -0.0 0.0 -0.0 -0.0 -0.0 0.0 0.0 0.0 0.0 -0.0 0.0 -0.0 -0.0 -0.0 0.0 0.0 -0.0 -0.0 -0.0 0.0 0.0 -0.0 0.0 -0.0 -0.0 0.0 -0.0 0.0 0.0 -0.0 -0.0
-0.0 -0.0 -0.0 -0.0 -0.0 -0.0 -0.0 0.0 0.0 -0.0 0.0 -0.0 0.0 0.0 0.0 0.0 -0.0 -0.0 0.0 0.0 -0.0 -0.0 0.0 -0.0 0.0 0.0 -0.0 0.0 0.0 -0.0 -0.0 -0.0 -0.0 -0.0 0.0 0.0 -0.0 0.0 -0.0 -0.0 -0.0 0.0 0.0 -0.0 0.0 -0.0 0.0 -0.0 0.0 0.0 0.0 0.0 0.0 -0.0 -0.0 -0.0 0.0 0.0 -0.0 -0.0 -0.0 -0.0 0.0 0.67127854
0.0 -0.0 -0.0 -0.0 0.62519526 -0.0 0.0 0.0 0.75159824 -0.0 -0.0 0.0 0.0 0.0 -0.0 0.0 -0.0 -0.0 0.0 -0.0 -0.0 0.0 0.0 -0.0 -0.0 0.0 -0.0 -0.0 0.0 -0.0 -0.0 -0.0 0.67941344 0.0 -0.0 0.0 0.0 0.0 -0.0 -0.0 -0.0 0.0 0.0 -0.0 0.0 0.0 -0.0 0.0 0.0 -0.0 0.0 -0.0 -0.0 0.0 0.0 -0.0 0.0 -0.0 0.0 0.0 0.0 -0.0 0.0 -0.0
-0.0 -0.0 -0.0 -0.79132605 -0.0 0.0 0.0 0.0 -0.0 0.0 0.6720296 0.0 0.0 -0.0 -0.4409469 0.0 0.5991706 0.0 0.0 0.0 0.0 -0.0 0.0 -0.0 -0.0 0.0 0.0 -0.0 0.0 -0.0 -0.0 0.0 0.0 0.0 0.0 -0.0 -0.0 0.0 0.0 0.0 0.0 0.0 0.0 -0.0 0.0 0.0 -0.0 -0.0 0.0 -0.0 -0.0 -0.0 -0.0 -0.0 -0.0 -0.0 -0.0 0.0 -0.0 -0.0 0.0 0.5577392 0.0 0.0
-0.0 -0.0 0.0 -0.0 0.0 -0.0 0.0 -0.0 -0.0 0.0 -0.0 -0.0 -0.0 -0.0 0.0 0.0 -0.0 -0.0 0.0 -0.0 -0.0 0.0 -0.0 -0.0 -0.0 -0.0 0.0 0.0 -0.0 -0.0 0.0 -0.0 -0.0 -0.0 0.0 -0.0 -0.0 -0.0 -0.0 -0.0 0.0 0.0 0.0 0.0 0.0 0.0 -0.0 -0.0 0.0 0.0 -0.0 -0.0 0.0 -0.0 -0.0 0.0 0.0 -0.0 0.0 -0.0 -0.0 -0.0 -0.0 0.0
0.0 -0.0 -0.0 -0.0 -0.51990384 -0.0 -0.0 0.0 0.0 -0.54989386 -0.0 -0.0 0.0 0.0 -0.0 0.0 -0.5587774 -0.0 0.0 0.0 -0.0 -0.0 -0.0 -0.0 0.0 -0.0 -0.0 -0.0 -0.0 0.0 -0.4232125 -0.0 -0.74184376 -0.0 -0.0 0.0 -0.0 0.0 -0.0 0.0 0.0 -0.0 0.0 -0.0 -0.0 0.0 -0.0 0.0 -0.0 -0.0 0.0 0.0 -0.0 -0.0 0.0 -0.0 0.0 -0.0 0.0 -0.0 -0.0 -0.63021 0.0 -0.0
0.0 -0.0 -0.0 -0.0 0.0 -0.0 0.0 0.0 0.0 0.0 0.0 0.0 0.0 0.0 -0.0 -0.0 0.0 0.0 0.0 0.0 -0.0 0.0 -0.0 0.0 -0.0 0.0 -0.0 0.0 0.0 -0.30626434 -0.0 0.0 0.0 0.0 0.0 0.0 0.0 0.0 0.0 -0.0 -0.0 -0.0 0.0 0.0 0.0 -0.0 -0.0 -0.0 0.0 0.0 0.0 0.0 -0.0 -0.0 -0.0 -0.0 0.0 0.0 0.0 -0.0 0.0 -0.0 0.0 -0.0
-0.0 0.0 0.0 -0.0 -0.0 -0.0 0.0 0.0 -0.0 0.0 -0.0 0.0 -0.0 -0.0 -0.0 0.0 0.0 -0.0 -0.0 0.0 0.0 -0.0 -0.0 0.0 0.0 0.0 -0.0 -0.0 0.0 0.0 0.0 -0.0 0.0 0.0 -0.0 -0.0 -0.0 0.0 -0.0 -0.0 0.0 -0.0 -0.0 0.0 -0.0 -0.0 -0.0 0.0 0.0 0.0 -0.0 0.0 0.0 -0.0 0.0 -0.0 -0.0 -0.0 -0.0 0.0 -0.0 -0.0 -0.0 -0.0
-0.0 -0.6050275 0.0 0.0 -0.0 0.0 0.0 0.0 0.0 -0.0 -0.0 0.0 0.0 -0.0 0.0 0.0 -0.0 -0.0 0.0 0.0 -0.0 -0.0 -0.0 0.0 -0.0 0.0 0.0 0.0 0.0 0.0 -0.0 -0.0 -0.0 0.0 0.0 -0.0 0.0 0.0 -0.0 0.0 0.0 -0.0 -0.0 0.0 -0.0 -0.0 0.0 -0.0 -0.0 -0.0 -0.0 -0.0 -0.0 0.0 0.0 -0.0 -0.0 -0.0 -0.0 0.0 -0.0 -0.0 -0.0 -0.9368577
0.0 -0.0 0.0 0.0 0.0 0.0 -0.0 -0.0 0.0 -0.0 -0.0 -0.0 -0.0 -0.0 -0.0 0.0 -0.0 -0.0 -0.0 -0.0 0.0 0.0 0.0 -0.0 0.0 -0.0 0.0 0.0 -0.0 -0.0 0.0 -0.0 0.0 -0.0 -0.0 -0.0 -0.0 -0.0 -0.0 -0.0 0.0 -0.0 0.0 0.0 0.0 0.0 0.0 -0.0 0.0 -0.0 -0.0 -0.0 -0.0 -0.0 0.0 0.0 0.0 0.0 0.0 0.0 -0.0 -0.0 -0.0 0.0
-0.0 0.2305749 -0.0 -0.0 -0.0 0.0 0.0 0.0 -0.0 -0.0 -0.0 -0.0 -0.0 0.0 -0.0 0.0 -0.0 -0.0 0.35877392 0.0 -0.0 0.0 0.0 -0.0 -0.0 0.0 -0.0 -0.0 0.0 0.0 -0.0 -0.0 0.0 0.0 -0.0 0.0 -0.0 -0.0 -0.0 -0.0 -0.0 0.0 -0.0 -0.0 -0.0 0.0 -0.0 0.0 -0.0 -0.0 0.0 0.0 0.0 0.0 -0.0 0.0 0.0 0.0 0.0 -0.0 -0.0 -0.0 -0.0 0.0
-0.0 0.0 -0.0 -0.0 0.0 0.0 0.0 -0.0 0.0 -0.0 0.0 -0.0 -0.0 -0.0 -0.0 0.0 -0.0 0.0 -0.42380375 -0.0 -0.0 0.0 0.0 -0.0 0.0 0.0 -0.0 -0.0 -0.0 -0.0 0.0 -0.72926944 -0.0 0.0 -0.0 -0.0 0.0 -0.0 0.0 -0.0 -0.0 -0.0 -0.0 -0.0 0.0 -0.0 -0.0 -0.0 -0.0 0.0 0.0 0.0 -0.0 -0.0 0.0 0.0 0.0 0.0 -0.0 -0.0 -0.0 -0.0 -0.0 -0.89770067
0.0 0.0 -0.0 -0.0 0.0 0.0 0.0 0.0 0.0 -0.0 0.0 -0.0 -0.0 -0.0 -0.0 -0.0 -0.0 -0.0 0.0 0.0 -0.0 0.0 0.0 0.0 -0.0 0.0 -0.0 0.0 0.0 0.0 -0.0 -0.0 0.0 0.0 -0.0 -0.0 0.0 0.0 -0.0 -0.0 0.0 0.0 -0.0 -0.0 0.0 0.0 0.0 0.0 0.0 -0.0 -0.0 0.0 -0.0 0.0 0.0 0.0 0.0 -0.0 -0.0 -0.0 -0.0 0.0 -0.0 -0.0
-0.0 -0.0 0.0 -0.0 0.0 -0.0 0.0 -0.0 -0.0 -0.0 0.0 0.0 -0.0 0.0 0.0 0.0 0.0 -0.0 -0.0 0.0 -0.0 0.0 0.0 0.0 0.0 -0.0 0.0 -0.0 0.0 0.0 -0.0 -0.0 0.0 0.0 -0.0 0.0 -0.0 0.0 0.0 0.0 -0.0 0.0 -0.0 0.0 -0.0 0.0 -0.0 0.0 0.0 0.0 -0.0 0.0 -0.0 0.0 0.0 0.0 0.0 0.0 0.0 0.0 0.0 0.0 -0.0 -0.0
0.0 0.0 -0.0 -0.0 -0.0 -0.0 -0.0 -0.0 -0.0 -0.0 -0.0 0.0 0.0 -0.0 0.0 -0.0 -0.0 0.0 0.0 -0.0 -0.0 0.6203039 0.0 -0.0 -0.0 -0.0 -0.5560366 0.0 -0.0 0.0 -0.0 -0.0 -0.0 -0.0 -0.0 0.0 -0.0 0.0 0.0 0.0 -0.0 -0.0 0.0 0.0 0.0 0.0 0.0 0.0 0.0 -0.0 0.0 -0.0 0.0 -0.0 0.0 0.0 -0.0 0.0 0.0 -0.0 -0.0 0.8891656 0.0 -0.0
0.0 -0.0 -0.0 0.0 0.0 0.0 -0.0 0.0 0.0 -0.0 -0.0 0.0 -0.0 0.0 0.0 0.0 0.0 0.0 0.0 -0.0 0.0 0.0 -0.0 -0.0 0.0 -0.0 -0.0 -0.0 0.0 0.0 0.0 0.0 -0.0 0.0 0.0 -0.0 0.0 -0.0 0.0 0.0 0.0 -0.0 0.0 -0.0 -0.0 0.0 0.0 -0.0 -0.0 0.0 0.0 -0.0 0.0 -0.0 -0.0 -0.0 0.0 0.0 0.0 0.0 0.0 -0.0 -0.0 0.0
0.0 0.0 0.0 -0.0 0.0 0.0 0.0 0.0 0.0 -0.0 0.0 -0.0 0.0 0.0 -0.0 0.0 -0.0 0.0 -0.0 0.0 0.0 0.0 0.0 -0.0 -0.0 0.0 -0.0 0.0 -0.0 -0.0 0.0 -0.0 -0.0 -0.0 0.0 -0.0 0.0 0.0 0.0 -0.0 0.0 0.0 0.0 0.0 0.0 0.0 -0.0 0.0 0.0 -0.0 -0.0 -0.0 -0.0 0.0 -0.0 0.0 0.0 0.0 -0.0 0.0 -0.0 -0.0 -0.0 0.0
-0.0 0.0 0.0 -0.0 0.0 -0.0 0.0 -0.0 0.0 0.0 -0.0 0.0 -0.0 -0.0 0.0 0.0 -0.0 -0.0 -0.0 0.0 -0.0 -0.0 -0.0 -0.0 -0.0 -0.0 -0.0 -0.0 -0.0 0.0 0.0 0.0 -0.0 0.0 -0.0 0.0 0.35755453 0.0 0.0 0.0 -0.0 -0.38552982 0.0 -0.0 0.0 0.0 -0.0 0.0 -0.0 0.0 0.0 0.0 0.0 -0.0 -0.0 0.0 -0.0 -0.0 0.0 -0.0 0.0 0.0 -0.0 0.0
-0.0 0.0 -0.0 -0.0 -0.0 -0.0 0.0 0.0 -0.0 0.0 -0.0 -0.0 0.0 -0.0 0.0 0.0 -0.0 -0.0 -0.0 0.0 -0.0 0.0 0.0 0.0 -0.0 0.0 -0.0 0.0 -0.0 0.0 0.0 -0.0 0.0 -0.0 0.0 0.0 -0.0 0.0 -0.0 -0.0 -0.0 -0.0 -0.0 0.0 0.0 -0.0 -0.0 -0.0 -0.0 0.0 -0.0 -0.0 0.0 -0.0 0.0 0.0 0.0 0.0 0.0 -0.0 -0.0 0.0 0.0 -0.0
-0.0 0.0 0.0 0.0 -0.0 0.0 0.0 -0.0 -0.0 0.0 -0.0 -0.0 0.0 -0.0 -0.0 0.0 0.0 0.0 -0.0 -0.0 -0.0 0.0 -0.0 -0.0 -0.0 0.0 0.0 -0.0 0.0 -0.0 -0.0 -0.0 -0.0 0.0 -0.0 0.0 -0.0 -0.0 -0.0 0.0 0.0 0.0 0.0 -0.0 0.0 0.0 -0.0 0.0 -0.0 -0.0 0.6419167 0.0 -0.0 0.0 0.0 -0.0 -0.0 -0.0 -0.0 0.0 -0.0 0.0 -0.0 -0.0
-0.0 0.0 0.0 -0.0 0.0 -0.0 0.0 0.0 0.0 -0.0 -0.0 -0.0 0.0 -0.0 -0.0 -0.0 0.0 0.0 -0.0 -0.0 0.0 0.0 -0.0 -0.0 0.0 -0.0 0.0 -0.0 0.0 0.0 -0.0 0.0 0.0 0.0 -0.0 0.0 -0.0 -0.0 -0.0 -1.0151027 0.0 -0.0 0.0 -0.0 0.0 0.0 -0.0 -0.0 -0.0 -0.0 0.0 -0.0 -0.0 -0.0 0.0 0.0 -0.0 -0.0 -0.0 0.0 0.0 -0.0 0.0 -0.0
0.0 0.0 0.0 -0.0 -0.0 -0.0 0.0 -0.0 -0.0 -0.0 0.0 -0.0 0.6354917 -0.0 -0.0 -0.0 -0.0 -0.6161642 -0.0 -0.0 0.0 0.0 -0.0 0.0 -0.0 -0.0 -0.0 -0.0 0.0 0.0 0.0 -0.0 0.0 0.0 -0.0 0.0 -0.40665603 0.0 -0.0 -0.0 0.0 0.0 -0.0 -0.0 -0.5055966 -0.0 0.0 -0.0 -0.0 -0.0 -0.0 -0.0 0.0 0.0 0.0 -0.0 0.0 0.0 0.0 0.0 0.0 -0.0 -0.69429183 -0.0
-0.0 -0.0 -0.0 -0.0 -0.0 0.0 0.0 0.0 -0.0 0.0 0.0 -0.0 -0.0 0.0 -0.0 0.0 0.0 -0.0 0.0 -0.0 -0.0 -0.0 0.0 0.0 -0.0 0.0 -0.0 -0.0 0.0 -0.0 0.0 0.0 0.0 0.0 0.0 -0.0 -0.0 -0.0 0.0 0.0 -0.0 0.0 -0.0 -0.0 0.0 -0.0 -0.0 0.0 0.0 0.0 -0.0 -0.0 0.0 0.0 -0.0 -0.0 -0.0 0.0 -0.0 -0.0 -0.0 0.0 -0.0 -0.0
-0.0 0.0 -0.0 -0.0 0.0 0.0 0.0 0.0 -0.50086826 0.0 -0.0 -0.0 0.0 -0.0 0.0 0.0 0.0 1.1947718 -0.0 0.80541676 -0.0 -0.0 0.0 0.0 -0.0 0.0 0.0 -0.0 -0.0 -0.0 -0.0 -0.0 -0.0 0.0 0.0 -0.0 0.0 0.5441283 0.0 -0.0 -0.0 -0.0 -0.0 0.0 0.0 0.0 -0.0 -0.0 0.0 -0.0 0.0 0.0 -0.0 -0.0 -0.0 -0.0 -0.0 -0.0 0.0 0.0 -0.0 -0.0 -0.0 0.0
-0.0 -0.0 0.0 0.0 0.0 0.0 -0.0 -0.0 0.0 0.0 0.0 -0.0 0.0 0.0 -0.0 -0.0 0.0 0.0 0.0 -0.0 0.0 0.0 0.0 -0.0 0.0 0.0 -0.0 -0.0 -0.0 -0.0 -0.0 0.0 0.0 0.0 0.0 0.0 0.0 -0.0 0.0 -0.0 0.0 0.0 0.0 0.0 0.0 0.0 -0.0 -0.0 -0.0 -0.0 0.0 -0.0 -0.0 -0.0 0.0 -0.0 0.0 -0.0 0.0 -0.0 0.0 0.0 0.0 0.0
-0.0 -1.0108726 -0.0 -0.0 -0.0 -0.0 0.0 0.0 -0.0 0.0 0.0 0.0 0.0 0.0 -0.0 0.0 0.0 0.0 0.0 -0.0 -0.0 0.0 -0.0 0.0 0.0 -0.0 -0.0 0.0 0.0 -0.0 -0.0 -0.49299252 0.0 0.0 0.0 -0.0 -0.0 -0.0 0.0 -0.0 0.0 0.0 -0.0 -0.0 -0.0 -0.0 -0.0 -0.0 0.0 0.0 -0.0 0.0 -0.0 0.0 0.0 0.0 0.0 0.0 -0.0 -0.0 -0.0 0.0 0.0 0.6227514
-0.0 0.0 0.0 0.0 -0.0 0.0 0.0 -0.0 0.0 0.0 -0.0 0.0 -0.0 -0.0 0.0 0.0 0.0 -0.0 -0.0 -0.0 -0.0 -0.0 0.0 -0.0 0.0 -0.0 -0.0 -0.0 0.0 0.0 -0.0 0.0 0.0 0.0 -0.0 -0.0 -0.0 -0.0 -0.0 0.0 -0.0 0.0 -0.0 0.0 0.0 0.0 0.0 -0.0 0.0 -0.0 0.0 0.0 0.0 0.0 0.0 0.0 -0.0 0.0 0.0 0.0 -0.0 -0.0 -0.0 -0.0
0.0 0.0 0.0 -0.0 -0.0 0.0 -0.0 0.0 0.0 -0.0 0.0 0.0 0.0 0.0 -0.0 0.0 -0.0 0.0 0.0 -0.0 0.0 -0.0 0.0 -0.2692274 0.0 -0.0 -0.0 -0.0 -0.0 -0.0 -0.0 0.0 -0.0 0.0 0.0 0.0 0.0 0.0 0.0 0.0 0.0 -0.0 -0.0 -0.0 -0.0 0.0 -0.0 0.0 -0.0 -0.0 -0.0 -0.0 0.0 -0.0 0.0 -0.0 -0.0 0.0 -0.0 0.0 -0.0 -0.0 0.0 0.0
0.0 -0.0 -0.0 -0.0 -0.0 -0.0 -0.0 -0.0 0.0 0.0 0.0 -0.0 -0.0 -0.0 0.0 0.0 -0.0 0.0 0.0 -0.0 -0.0 -0.0 0.0 0.0 0.0 -0.0 0.0 -0.0 -0.0 -0.0 -0.0 0.0 0.0 -0.0 -0.0 -0.0 0.0 0.0 0.0 -0.0 -0.0 -0.0 -0.0 -0.0 0.0 -0.0 -0.0 0.0 0.0 -0.0 -0.0 -0.0 0.0 0.0 -0.0 0.0 -0.0 0.0 -0.0 0.0 -0.0 -0.0 0.0 0.0
0.0 -0.0 -0.0 0.0 0.0 -0.0 0.0 -0.0 0.0 -0.0 0.0 0.0 0.0 0.0 -0.0 -0.0 0.0 -0.0 -0.0 0.0 0.0 -0.0 -0.0 0.19484366 -0.0 0.0 -0.0 0.0 -0.5066764 -0.0 0.0 -0.0 0.0 0.0 -0.0 0.0 0.0 -0.0 -0.0 -0.0 -0.0 0.0 0.0 0.0 -0.0 0.0 -0.0 -0.0 -0.0 0.0 0.0 0.0 0.0 0.0 -0.0 -0.0 -0.0 -0.0 0.0 -0.0 0.0 -0.0 -0.0 0.0
-0.0 -0.0 -0.0 0.0 0.0 0.0 -0.0 -0.0 0.0 -0.0 -0.0 0.0 -0.0 0.0 0.0 0.0 0.0 0.0 -0.0 -0.0 -0.0 0.0 0.0 -0.0 -0.0 -0.0 -0.0 -0.0 -0.0 0.0 0.0 -0.0 -0.0 -0.0 0.0 -0.0 -0.0 -0.0 0.0 0.0 -0.0 -0.0 -0.0 -0.0 0.0 0.0 -0.0 0.0 -0.0 0.0 0.0 0.0 0.0 0.0 -0.0 0.0 -0.0 -0.0 0.0 -0.0 -0.0 -0.0 -0.0 0.0
0.0 -0.0 -0.0 0.0 0.0 0.0 0.0 -0.0 0.0 -0.0 -0.0 0.0 0.0 0.0 0.0 -0.0 -0.0 0.0 0.0 0.0 -0.0 -0.0 -0.0 0.0 -0.0 -0.0 -0.0 -0.0 0.0 -0.0 -0.0 0.0 -0.0 -0.0 0.33575207 0.0 0.0 0.0 0.0 -0.0 -0.0 0.0 0.0 0.0 0.0 -0.0 -0.0 -0.0 -0.0 0.39979023 -0.0 0.0 0.0 -0.0 0.0 -0.0 0.0 0.0 -0.33052224 0.0 0.0 -0.0 0.0 -0.0
0.0 0.0 0.0 -0.0 0.0 -0.0 0.0 -0.0 0.0 -0.0 -0.0 0.0 -0.0 -0.0 -0.0 -0.0 -0.0 -0.0 0.0 -0.0 0.0 -0.0 0.0 0.0 -0.0 -0.0 -0.0 -0.0 0.0 0.0 0.0 0.0 0.0 0.0 0.0 -0.0 -0.0 0.0 0.0 -0.0 0.0 0.0 0.0 -0.0 -0.0 -0.0 0.0 0.0 0.0 0.0 -0.0 0.0 -0.0 -0.0 0.0 -0.0 -0.0 -0.0 -0.0 -0.0 0.0 0.0 -0.0 -0.0
-0.0 0.0 0.0 0.0 -0.0 -0.0 0.0 0.0 -0.0 -0.0 -0.0 -0.0 -0.0 0.0 0.0 -0.0 -0.0 -0.0 0.0 0.0 -0.0 0.0 0.0 -0.0 -0.0 0.0 -0.0 -0.0 0.0 0.0 0.0 0.0 -0.0 0.0 0.0 0.0 0.0 -0.0 -0.0 0.0 0.0 -0.0 -0.0 0.0 -0.0 0.0 0.0 0.0 0.0 0.0 0.0 -0.0 0.0 0.0 0.0 0.0 0.0 -0.0 0.0 -0.0 -0.0 -0.0 0.0 0.0
0.0 0.0 -0.0 -0.0 0.0 0.0 0.0 0.0 -0.0 -0.0 0.0 -0.0 0.0 0.0 0.0 -0.0 0.0 -0.0 0.0 0.0 -0.0 0.0 -0.4088495 -0.0 0.0 0.0 0.0 0.0 -0.0 -0.0 -0.0 -0.0 -0.0 0.0 -0.0 0.0 0.0 0.0 0.0 0.0 -0.0 0.0 -0.0 -0.0 -0.0 0.6264108 -0.0 0.0 0.0 -0.0 -0.0 0.0 -0.0 0.0 -0.0 0.0 0.0 0.0 -0.0 -0.0 -0.0 -0.0 0.0 0.0
0.8548779 -0.0 -0.0 -0.0 1.4001161 0.0 0.0 0.0 0.0 0.0 0.0 -0.0 0.0 0.0 -0.0 0.0 -0.0 0.0 -0.0 -0.0 -0.0 0.0 -0.0 -0.0 0.0 0.0 0.0 0.0 0.0 -0.0 -0.0 -0.0 -0.84532315 0.0 -0.0 -0.0 -0.0 -0.0 -0.0 -0.0 0.0 -0.0 0.0 -1.2307552 0.0 0.0 -0.0 -0.0 -0.0 -0.0 -0.0 -1.0184685 -0.0 -0.0 0.0 -0.0 0.0 0.0 0.0 0.0 0.0 -0.0 -0.0 0.0
0.0 -0.0 -0.0 0.0 0.0 0.0 0.0 0.0 0.0 0.0 0.0 -0.0 0.0 -0.0 -0.0 0.0 0.0 0.0 0.0 -0.0 0.0 -0.0 -0.0 -0.0 0.0 -0.0 -0.0 -0.0 -0.0 -0.0 0.0 0.0 -0.0 0.0 0.0 0.0 0.0 -0.0 -0.0 -0.0 0.0 -0.0 0.0 -0.0 0.0 -0.0 0.0 -0.0 -0.0 -0.0 -0.0 -0.0 0.0 0.0 -0.0 -0.0 0.0 -0.0 0.0 0.0 0.0 0.0 0.0 0.0
-0.0 -0.0 0.0 0.54811805 -0.0 -0.0 -0.0 0.0 0.0 -0.0 -0.0 0.0 -0.0 -0.0 0.0 -0.0 0.41318667 -0.4429271 0.0 -0.0 0.0 0.0 -0.0 -0.0 0.0 0.0 0.0 0.0 0.0 0.0 -0.0 -0.0 -0.0 -0.0 0.0 0.0 -0.0 -0.679595 0.0 -0.0 0.0 -0.0 0.0 0.0 -0.0 -0.0 -0.0 -0.0 -0.0 0.5853934 0.0 -0.0 -0.0 -0.0 0.0 0.0 0.0 -0.0 0.0 -0.0 -0.0 0.0 0.6436281 0.0
-0.0 0.0 -0.0 0.0 0.0 0.0 0.0 -0.0 0.0 -0.0 -0.0 0.0 0.0 -0.0 0.0 0.0 0.0 0.0 0.0 -0.0 -0.0 -0.0 0.0 -0.0 0.0 -0.0 0.0 -0.0 0.0 -0.0 -0.0 -0.0 -0.0 0.0 -0.0 -0.0 0.0 -0.0 -0.0 0.0 -0.0 0.0 0.0 -0.0 -0.0 0.0 -0.0 -0.0 -0.0 -0.0 0.0 0.0 0.0 -0.0 -0.0 0.0 -0.0 0.0 0.0 0.0 -0.0 0.0 0.0 -0.0
-0.0 0.0 0.0 -0.0 -0.0 0.0 0.0 0.0 0.0 -0.0 0.0 0.0 -0.0 0.0 0.0 -0.0 0.0 0.0 -0.0 0.0 -0.0 -0.0 -0.0 0.0 -0.0 0.0 -0.0 0.0 0.0 0.0 0.0 0.0 0.0 0.0 0.0 -0.0 -0.0 0.0 -0.0 0.0 0.0 0.0 -0.0 0.0 0.0 0.0 0.0 -0.0 0.0 0.0 -0.0 -0.0 -0.0 0.0 0.0 -0.0 -0.0 0.0 0.0 0.0 0.0 -0.0 -0.0 0.0
-0.0 0.0 0.0 -0.0 -0.0 -0.0 0.0 0.0 0.0 0.0 -0.0 -0.0 0.0 -0.0 -0.0 -0.0 -0.0 0.0 -0.0 -0.0 0.0 -0.0 -0.0 -0.0 0.0 0.0 0.0 0.0 -0.0 -0.0 0.0 0.0 -0.0 0.0 -0.0 0.0 0.0 -0.0 -0.0 0.0 0.0 0.0 0.0 -0.0 -0.0 -0.0 -0.0 -0.0 -0.0 0.0 0.0 -0.0 -0.0 -0.0 -0.0 -0.0 0.0 0.0 0.0 -0.0 0.0 -0.0 0.0 0.0
-0.0 -0.0 -0.0 0.0 0.0 0.0 0.0 0.0 -0.0 -0.0 -0.0 0.0 0.0 -0.0 0.0 0.0 -0.0 0.0 -0.0 0.0 0.0 0.0 -0.0 0.0 -0.0 0.0 -0.0 -0.0 -0.0 -0.0 -0.0 0.0 -0.0 0.0 -0.0 -0.0 -0.0 -0.0 0.0 -0.0 0.0 -0.0 -0.0 0.0 -0.0 -0.0 -0.0 -0.0 0.0 0.0 -0.0 -0.0 -0.0 0.0 0.0 -0.0 0.0 -0.0 0.0 -0.0 -0.0 0.0 -0.0 -0.0
0.0 -0.5329172 -0.0 0.0 0.0 0.0 0.0 0.0 -0.0 -0.0 0.0 0.48762769 0.0 0.0 -0.0 0.0 0.0 0.0 0.7623313 0.0 -0.0 0.0 -0.0 0.0 0.0 0.0 -0.0 -0.0 0.0 -0.0 -0.0 -0.0 -0.0 -0.0 -0.0 -0.0 -0.0 -0.0 -0.0 -0.0 0.0 0.0 0.0 -0.0 0.0 -0.0 -0.0 -0.0 -0.0 0.0 -0.0 -0.0 -0.0 0.0 -0.0 -0.0 -0.0 -0.0 -0.0 0.0 -0.0 0.0 -0.0 -0.0
0.0 0.38732153 -0.0 -0.0 -0.0 -0.0 -0.0 0.0 -0.0 0.0 -0.0 -0.0 -0.0 0.0 0.0 0.0 -0.0 0.0 0.77624303 -0.0 -0.0 0.0 0.0 -0.0 -0.0 0.0 -0.0 -0.0 -0.0 -0.0 -0.0 -0.0 -0.0 -0.0 -0.0 0.0 -0.0 0.0 -0.0 0.0 -0.0 -0.0 0.0 -0.0 0.0 0.0 -0.0 0.0 0.0 -0.0 0.0 0.0 -0.0 0.0 -0.0 -0.0 0.0 0.0 0.0 -0.0 -0.0 -0.0 -0.0 0.48595002
0.0 0.0 0.0 -0.0 -0.0 -0.0 0.0 0.0 -0.0 -0.0 0.0 -0.0 -0.0 -0.0 0.0 0.0 -0.0 0.0 -0.0 0.0 0.0 0.0 0.0 -0.0 -0.0 0.0 0.0 0.0 -0.0 0.0 0.0 -0.0 -0.0 -0.0 0.0 -0.0 0.0 0.0 -0.0 -0.0 0.0 0.0 -0.0 0.0 0.0 -0.0 -0.0 0.0 -0.0 0.0 -0.0 -0.0 -0.0 0.0 0.0 -0.0 0.0 -0.0 0.0 -0.0 -0.0 -0.0 0.0 -0.0
0.0 0.0 0.0 0.0 0.0 -0.0 0.0 0.0 0.0 -0.0 0.0 -0.0 0.0 -0.0 -0.0 0.0 -0.0 0.0 0.0 -0.0 -0.0 0.0 0.0 -0.0 0.0 -0.0 0.0 0.0 -0.0 -0.0 0.0 0.0 -0.0 -0.0 -0.0 0.0 0.0 0.0 -0.0 0.0 0.0 -0.0 0.0 -0.0 0.0 0.0 -0.0 -0.0 -0.0 0.0 0.0 -0.0 -0.0 0.0 -0.0 -0.0 0.0 -0.0 0.0 0.0 0.0 0.0 -0.0 0.0
-0.0 0.0 -0.0 0.0 -0.0 0.0 -0.0 0.0 -0.0 -0.0 0.0 -0.0 0.0 -0.0 0.0 -0.0 0.0 -0.0 -0.0 0.0 -0.0 0.0 -0.0 0.0 -0.0 0.0 -0.0 0.0 0.0 -0.0 -0.0 0.0 -0.0 0.0 -0.0 0.0 0.0 -0.0 0.0 -0.0 0.0 0.0 0.0 0.0 -0.0 -0.0 0.0 -0.0 -0.0 -0.0 0.0 0.0 0.0 0.0 0.0 0.0 -0.0 -0.0 0.0 -0.0 0.0 0.0 0.0 0.0
-0.0 0.0 -0.0 0.0 0.0 -0.0 1.9438087 -0.0 0.0 0.0 0.0 0.0 -0.0 -0.0 0.0 0.0 -0.0 0.0 -0.0 -0.0 -0.0 0.0 -0.0 0.0 0.0 0.0 0.0 -0.0 0.0 0.0 -0.0 -0.0 0.0 0.0 0.0 -0.0 0.0 -0.0 -0.0 -0.0 0.0 0.0 0.0 0.0 0.0 0.0 -0.0 -0.0 -0.0 -0.0 -0.0 -0.0 -0.0 0.0 -0.0 -0.0 -0.0 0.0 -0.0 -0.0 0.0 -0.0 -0.0 0.0
-0.54839224 -0.0 0.0 -0.0 -0.0 0.0 -0.0 0.0 -0.0 0.0 -0.0 0.0 -0.0 0.0 0.0 0.0 -0.0 0.0 -0.0 0.0 0.0 0.0 -0.2744719 -0.0 -0.0 0.0 0.0 -0.0 0.0 0.0 0.0 0.0 -0.0 0.0 0.0 -0.0 -0.0 -0.0 0.0 0.0 0.0 -0.0 -0.0 -0.0 0.0 0.0 0.0 -0.0 -0.0 0.34271276 -0.0 -0.0 0.0 -0.0 -0.0 -0.0 -0.0 -0.0 0.0 0.0 -0.0 0.0 0.0 0.0
0.0 -0.0 -0.0 -0.0 0.0 -0.0 0.0 0.0 0.0 -0.0 0.0 -0.0 -0.0 0.0 0.0 0.0 -0.0 -0.0 0.0 0.0 -0.0 0.0 0.0 -0.0 -0.0 0.0 -0.0 0.0 0.0 -0.0 0.0 0.0 0.0 -0.0 0.0 0.0 0.0 0.0 -0.0 -0.0 0.0 -0.0 0.0 -0.0 -0.0 -0.0 -0.0 -0.0 -0.0 -0.0 -0.0 -0.0 0.0 -0.0 0.0 0.0 0.0 -0.0 0.0 -0.0 -0.0 -0.0 0.0 -0.0
0.0 -0.0 -0.0 0.0 0.0 -0.0 0.0 0.0 -0.0 0.0 0.0 0.0 -0.0 0.0 -0.0 0.0 0.0 -0.0 0.0 0.0 -0.0 0.0 -0.0 0.0 -0.0 0.0 -0.0 0.0 -0.0 0.0 -0.0 0.0 -0.0 0.0 -0.28006783 -0.0 -0.0 0.0 -0.0 0.0 -0.0 -0.0 0.0 0.0 0.0 0.0 0.0 -0.0 -0.0 0.0 0.0 0.0 0.0 0.0 -0.0 0.0 -0.0 -0.0 -0.0 -0.0 -0.0 -0.0 -0.0 0.0
0.0 -0.0 -0.0 -0.0 -0.0 0.0 -0.0 -0.0 0.2507471 0.0 0.0 0.0 0.0 0.0 -0.0 -0.0 -0.0 0.5215748 0.0 -0.0 -0.0 -0.0 -0.0 -0.0 0.0 -0.0 0.0 -0.0 -0.0 0.0 -0.0 -0.0 0.0 0.0 -0.0 -0.0 0.0 -0.0 -0.0 0.0 0.0 0.0 0.0 -0.0 0.0 0.0 -0.0 -0.0 0.0 -0.0 0.0 0.0 -0.0 -0.0 -0.0 0.30909124 -0.0 0.0 -0.0 -0.0 -0.0 -0.0 0.0 0.0
-0.0 -0.0 -0.0 0.0 -0.0 0.0 -0.0 0.0 -0.0 -0.0 -0.0 -0.0 0.0 -0.0 0.0 -0.0 -0.0 -0.0 -0.0 0.0 0.0 0.0 -0.0 0.0 0.0 0.0 0.0 -0.0 -0.0 0.0 0.0 -0.0 0.0 0.0 -0.0 0.0 0.0 -0.0 0.0 0.0 0.0 -0.0 -0.0 0.0 0.0 -0.0 0.0 -0.0 -0.0 0.0 -0.0 -0.0 -0.0 0.0 0.0 0.0 0.0 -0.0 0.0 -0.0 -0.0 -0.0 -0.0 -0.0
-0.0 -0.55814 -0.0 0.0 -0.0 -0.0 0.0 -0.0 -0.0 -0.0 0.0 0.0 0.0 -0.0 -0.0 -0.0 -0.0 -0.0 0.77715963 -0.0 -0.0 -0.0 0.0 0.0 -0.0 -0.0 -0.0 -0.0 0.0 -0.0 -0.0 -0.0 -0.0 0.0 -0.0 0.0 -0.0 -0.0 -0.0 0.0 -0.0 -0.0 0.0 0.0 -0.0 0.0 -0.0 -0.0 0.0 0.0 0.0 0.0 0.0 -0.0 0.0 -0.0 -0.0 -0.0 -0.0 -0.0 -0.0 -0.0 0.0 -0.0
-0.0 -0.0 0.0 -0.0 -0.0 0.0 0.0 0.0 -0.0 0.0 -0.0 0.0 -0.0 -0.0 0.0 -0.0 -0.0 -0.5390712 0.0 -0.0 0.0 -0.0 0.0 0.0 -0.0 0.0 0.0 -0.0 -0.0 0.0 -0.0 0.0 -0.0 0.0 0.0 0.0 -0.0 -0.0 0.0 -0.0 1.3740942 -0.0 0.0 -0.0 -0.0 0.0 -0.0 -0.0 0.0 0.0 -0.0 -0.0 0.0 -0.0 -0.0 -0.0 0.0 0.0 -0.0 0.0 -0.0 -0.0 -0.0 0.0
0.0 0.0 0.0 0.0 0.0 1.3648735 -0.0 0.0 0.0 0.0 0.0 -0.0 -0.0 0.0 -0.0 -0.0 -0.0 0.0 0.0 0.0 -0.0 0.0 -0.0 0.0 0.0 0.0 0.0 -0.0 0.0 0.0 -0.0 1.5424626 0.0 0.0 -0.0 -0.0 0.0 0.0 0.0 0.0 0.0 0.0 0.0 0.0 0.0 -0.0 0.0 -0.0 0.0 0.0 -0.0 0.0 -0.0 -0.0 -0.0 0.0 -0.0 -0.0 0.0 -0.0 0.0 0.0 -0.0 -0.0
-0.0 0.0 0.0 0.0 0.0 -0.0 0.0 0.0 -0.0 0.0 0.0 -0.0 0.0 -0.0 0.0 -0.0 -0.0 -0.0 -0.0 0.0 0.0 -0.0 -0.0 0.0 0.0 0.0 0.0 -0.0 0.0 0.0 -0.0 0.0 0.0 0.0 -0.0 -0.0 -0.0 -0.0 -0.0 0.0 -0.0 -0.0 0.0 -0.0 0.0 0.0 -0.0 -0.0 -0.0 -0.0 0.0 0.0 -0.0 0.0 -0.0 0.0 -0.0 0.0 0.0 -0.0 -0.0 0.0 -0.0 -0.0
0.0 -0.8103527 -0.0 -0.0 0.0 -0.0 -0.0 0.0 -0.0 -0.0 0.0 0.0 0.0 0.0 0.0 -0.0 0.0 -0.0 0.0 0.0 0.0 -0.0 -0.0 0.0 0.0 0.0 0.0 -0.0 -0.0 0.0 -0.0 0.0 0.0 -0.0 -0.0 0.0 0.0 0.0 -0.0 -0.0 -0.0 -0.0 -0.0 0.0 0.0 -0.0 -0.0 -0.0 -0.0 -0.0 -0.0 -0.0 -0.0 -0.0 -0.0 -0.0 -0.0 0.0 0.0 0.0 0.0 0.0 -0.0 -0.54968876
0.0 0.0 -0.0 -0.0 -0.0 0.0 -0.0 0.0 -0.0 -0.0 0.0 0.0 -0.0 -0.0 -0.0 -0.0 0.0 0.0 0.0 -0.0 -0.0 -0.0 -0.0 -0.0 -0.0 0.0 -0.0 0.0 0.0 0.0 0.0 0.0 -0.0 0.0 0.0 -0.0 -0.0 0.0 0.0 -0.0 -0.0 0.0 -0.0 -0.0 0.0 -0.0 0.0 0.0 0.0 0.0 0.0 0.0 -0.0 -0.0 -0.0 -0.0 0.0 -0.0 -0.0 -0.0 -0.0 -0.0 -0.0 -0.0
0.0 0.0 -0.0 -0.0 -0.0 -0.46372464 0.0 0.0 -0.0 0.0 0.0 -0.0 -0.0 0.0 -0.48545638 -0.0 -0.0 0.0 0.0 0.0 -0.0 -0.0 -0.0 0.0 -0.0 -0.0 -0.0 -0.0 -0.0 0.0 0.0 -0.6509786 0.0 0.0 -0.0 -0.0 -0.0 0.0 0.0 0.0 0.0 0.0 0.0 -0.0 0.0 0.0 -0.0 -0.0 0.0 -0.0 0.0 0.0 0.0 0.0 -0.0 -0.37163967 0.0 0.0 -0.0 -0.0 -0.0 0.0 -0.0 -0.0
0.0 -0.0 -0.0 0.0 -0.0 0.0 0.0 0.0 -0.0 0.0 -0.0 0.0 0.0 -0.0 0.0 0.0 -0.0 -0.0 -0.0 0.0 0.0 -0.0 0.0 0.0 0.0 -0.0 -0.0 0.0 -0.0 0.0 -0.0 0.0 -0.0 0.0 -0.5685835 0.0 0.0 -0.0 0.0 0.0 0.0 0.0 0.0 -0.0 0.0 0.0 0.0 -0.0 0.0 -0.0 -0.0 0.0 -0.0 -0.0 -0.0 0.0 -0.0 -0.0 0.0 -0.0 0.0 0.0 0.0 0.0
-0.0 0.0 -0.0 0.0 0.0 -0.58054954 0.0 0.0 0.0 -0.0 0.0 -0.0 0.0 0.0 -0.0 0.0 -0.0 -0.0 -0.0 0.0 -0.0 -0.0 -0.0 -0.0 0.0 0.0 -0.0 -0.0 0.0 0.0 -0.0 0.0 0.0 0.0 -0.0 -0.0 -0.0 0.0 0.0 0.0 -0.0 -0.0 0.0 0.0 -0.0 -0.0 -0.0 -0.0 -0.0 0.0 0.0 0.0 0.0 -0.0 0.0 -0.0 0.0 0.0 -0.0 0.0 0.0 0.0 -0.0 -0.0
0.0 0.0 -0.0 -0.0 -0.0 -0.0 0.0 0.0 -0.0 -0.0 0.0 -0.0 0.0 -0.0 -0.0 -0.0 -0.0 -0.0 -0.0 0.0 -0.0 0.0 -0.0 0.0 -0.0 -0.0 0.0 0.0 -0.0 0.0 -0.0 -0.0 0.0 0.0 -0.0 0.0 0.0 0.0 -0.0 0.0 0.0 -0.0 0.0 0.0 -0.0 -0.0 -0.0 -0.0 -0.0 -0.0 -0.61139 -0.0 0.0 -0.0 0.0 -0.0 0.0 0.0 0.0 -0.0 -0.0 0.0 -0.0 0.0
0.0 0.0 0.0 -0.0 0.0 -0.0 0.0 -0.0 0.0 -0.0 0.0 0.0 0.0 -0.0 0.0 -0.0 0.0 0.0 0.0 0.0 0.0 -0.0 0.0 0.0 -0.0 -0.0 0.0 0.0 0.0 0.0 0.0 -0.0 -0.0 0.0 0.0 -0.0 0.0 0.0 -0.0 -0.0 0.0 -0.0 0.0 -0.0 0.0 0.0 -0.0 -0.0 -0.0 0.0 0.0 0.0 -0.0 -0.0 1.006934 -0.0 0.0 0.0 0.0 -0.0 -0.0 0.0 0.0 -0.0
0.0 -0.0 -0.0 0.0 -0.0 0.0 -0.0 0.0 0.0 -0.0 -0.0 0.0 -0.0 -0.0 0.0 -0.0 -0.0 -0.0 0.0 -0.0 -0.0 1.1451269 0.0 -0.0 -0.0 0.0 -0.0 0.0 0.0 0.0 0.0 0.0 0.0 -0.0 0.0 0.0 0.0 0.0 -0.0 0.0 0.0 -0.0 -0.0 0.0 -0.0 -0.0 0.0 -0.0 0.0 0.0 -0.0 -0.0 0.0 -0.0 0.0 -0.0 0.0 -0.0 0.0 -0.0 0.0 -0.0 0.0 -0.0
0.0 0.0 0.0 0.0 -0.0 0.0 -0.0 -0.0 -0.0 -0.0 0.0 -0.0 0.0 0.0 0.0 -0.0 0.0 0.0 -0.0 0.0 0.0 -0.0 -0.0 0.0 0.0 -0.0 0.0 -0.0 -0.0 0.0 -0.0 -0.0 0.0 -0.0 0.0 -0.0 -0.0 0.0 0.0 -0.0 -0.0 -0.0 -0.0 0.0 0.0 -0.0 -0.0 0.0 -0.0 0.0 -0.0 -0.0 -0.0 0.0 0.0 -0.0 -0.0 0.0 -0.0 -0.0 -0.0 0.0 -0.0 0.0
-0.0 0.0 -0.0 -0.0 -0.0 -0.0 -0.0 -0.0 -0.0 -0.0 0.0 0.0 -0.0 -0.0 -0.0 0.0 -0.0 -0.0 -0.0 0.0 0.0 -0.0 -0.0 0.0 0.0 -0.0 -0.0 -0.0 -0.0 0.0 -0.0 0.0 0.0 0.0 -0.0 -0.0 -0.0 0.0 0.0 -0.0 -0.0 -0.0 -0.0 -0.0 -0.0 0.0 -0.0 -0.0 -0.0 -0.0 0.0 0.0 0.0 0.0 0.0 -0.0 0.0 0.0 0.0 0.0 0.0 -0.0 -0.0 -0.0
-0.0 0.0 -0.0 -0.0 -0.0 -0.0 0.0 0.0 0.0 0.0 -0.0 0.0 0.0 -0.0 0.0 -0.0 -0.0 0.0 0.0 -0.0 -0.0 -0.0 -0.0 0.0 -0.0 0.0 0.0 -0.0 0.0 0.0 -0.0 -0.0 0.0 0.0 -0.0 -0.0 0.0 0.0 -0.0 -0.0 -0.0 0.0 -0.0 0.0 -0.0 0.0 0.0 -0.0 -0.0 -1.3167536 -0.0 -0.0 0.0 0.0 0.0 0.0 -0.0 -0.0 0.0 -0.0 0.0 -0.0 -0.0 0.0
-0.0 0.0 0.0 -0.0 -0.0 0.0 0.0 0.0 -0.0 0.0 -0.0 0.0 -0.0 0.0 -0.0 0.0 -0.0 0.0 0.0 -0.0 -0.0 -0.0 0.0 0.0 -0.0 0.0 -0.0 0.0 0.0 -0.0 0.0 0.0 -0.0 0.0 -0.0 -0.53846437 -0.0 -0.0 0.0 0.0 -0.0 0.0 -0.0 -0.0 0.0 0.0 -0.0 -0.0 -0.0 0.0 -0.0 -0.0 0.0 0.0 -0.0 -0.0 0.0 0.0 0.0 0.0 -0.0 0.0 -0.0 0.0
0.0 0.0 -0.0 0.0 -0.0 0.0 0.0 0.0 0.0 0.0 -0.0 0.0 -0.0 0.0 0.0 0.0 -0.0 0.0 -0.0 -0.0 0.0 -0.0 -0.0 0.0 0.0 0.0 0.0 -0.0 -0.0 -0.0 0.0 0.0 0.0 -0.0 0.0 -0.0 0.0 -0.0 -0.0 0.43681905 -0.0 0.0 -0.0 -0.0 -0.0 -0.0 0.0 -0.0 -0.0 0.0 -0.0 0.0 0.0 0.0 0.0 -0.0 -0.0 -0.0 -0.0 -0.0 0.0 0.0 -0.0 -0.0
0.0 0.0 0.0 -0.0 -0.0 0.0 0.0 0.0 -0.0 -0.0 0.0 0.0 -0.0 0.0 -0.0 -0.0 0.0 0.0 0.0 -0.0 -0.0 0.0 -0.0 -0.0 0.0 0.6100797 0.0 -0.0 -0.0 0.0 -0.0 0.0 0.0 -0.0 0.0 0.0 -0.0 0.0 0.0 -0.0 0.0 -0.0 -0.0 -0.0 -0.0 -0.0 -0.0 -0.0 0.0 0.0 -0.0 0.0 -0.0 0.0 -0.0 -0.0 -0.0 0.0 -0.0 -0.0 0.0 0.0 -0.0 0.0
0.0 0.0 0.0 -0.0 -0.0 -0.0 0.0 0.0 0.0 -0.0 0.0 0.0 -0.0 -0.0 -0.0 -0.0 0.0 0.0 -0.0 0.0 -0.0 0.0 -0.0 0.0 -0.0 -0.0 -0.0 0.0 0.0 -0.0 -0.0 -0.0 0.0 0.0 -0.0 -0.0 0.0 0.0 -0.0 -0.0 -0.0 -0.0 0.0 0.0 -0.0 -0.0 -0.0 -0.0 -0.0 -0.0 0.0 0.0 0.0 0.0 0.0 -0.0 0.0 0.0 0.0 0.0 -0.0 -0.0 -0.0 0.0
0.0 0.0 0.0 0.0 -0.0 -0.0 0.0 0.0 0.0 -0.0 -0.0 0.0 -0.0 0.0 -0.0 -0.0 0.0 -0.0 0.0 -1.1121979 0.0 0.0 -0.0 -0.0 -0.0 0.0 -0.0 -0.0 -0.0 0.0 0.0 -0.0 -0.0 0.0 -0.0 -0.0 -0.0 -0.0 -0.0 0.0 0.78393495 -0.0 0.0 -0.0 0.0 0.0 -0.0 -0.0 0.0 0.0 0.0 -0.0 0.0 -0.0 0.0 -0.0 -0.0 0.0 -0.0 -0.0 -0.0 -0.0 -0.0 -0.0
-0.0 0.0 -0.0 -0.0 0.0 0.0 -0.0 -0.0 0.0 0.0 0.0 -0.0 -0.0 0.0 0.0 0.0 -0.0 0.0 -0.0 -0.0 -0.0 0.0 0.0 -0.0 0.0 -0.0 -0.0 0.0 -0.0 0.0 0.0 0.0 0.0 0.0 -0.0 0.0 -0.0 -0.0 0.0 0.0 -0.0 0.0 0.0 0.0 -0.0 0.0 -0.0 0.0 0.0 -0.0 0.0 -0.0 0.0 0.0 -0.0 0.0 0.0 0.0 0.0 -0.0 0.0 -0.0 0.0 0.0
-0.0 -0.0 0.0 0.0 0.0 0.0 -0.0 0.0 0.0 0.0 -0.0 -0.0 0.0 0.0 0.0 0.0 0.0 -0.0 -0.0 -0.0 0.0 0.0 0.0 -0.0 0.0 0.0 0.0 -0.0 -0.0 -0.0 0.0 0.0 0.0 -0.0 -0.0 0.0 0.0 -0.0 0.0 0.0 -0.0 0.0 -0.718296 0.0 0.0 -0.0 0.0 0.0 0.0 -0.0 0.0 -0.0 0.0 -0.0 -0.0 0.0 0.0 0.0 -0.0 -0.0 0.0 0.0 -0.0 0.0
0.0 0.0 -0.0 -0.0 0.0 0.60756177 0.0 -0.0 -0.0 0.0 0.0 -0.0 0.0 0.0 -0.0 -0.0 0.0 0.0 0.0 0.0 0.0 -0.0 0.0 0.0 -0.0 0.0 0.0 0.0 -0.0 -0.0 0.0 -0.0 -0.0 -0.0 0.0 0.0 -0.0 -0.0 -0.0 0.0 0.0 0.0 0.0 -0.0 0.0 -0.0 -0.0 0.0 -0.0 0.0 0.0 -0.0 -0.0 -0.0 0.0 -0.0 0.0 -0.0 0.0 0.0 0.0 0.0 0.5460541 0.0
-0.0 0.0 0.0 -0.0 -0.0 0.0 -0.0 0.0 -0.0 -0.0 -0.0 0.0 -0.0 0.0 0.0 -0.0 0.0 0.0 -0.0 0.0 -0.0 -0.0 0.0 0.0 0.0 0.0 0.0 -0.0 0.0 0.0 -0.0 0.0 0.0 0.0 0.0 -0.0 -0.0 0.0 0.0 -0.0 -0.0 -0.0 -0.0 0.0 0.0 -0.0 0.0 0.0 -0.0 -0.0 0.0 0.0 0.0 0.0 -0.0 -0.0 -0.0 -0.0 -0.0 0.0 0.0 -0.0 -0.0 -0.0
0.0 -0.0 0.0 0.0 0.0 0.0 0.0 0.0 0.0 -0.0 -0.0 -0.0 0.0 -0.0 -0.0 0.0 0.0 0.0 -0.0 0.0 0.0 0.0 -0.0 0.0 -0.0 0.0 -0.0 -0.0 0.0 -0.0 0.0 0.0 0.0 0.53800046 -0.0 -0.0 0.0 0.0 -0.0 0.0 -0.0 0.0 0.0 0.0 0.0 0.0 -0.0 0.0 -0.0 0.0 -0.0 0.0 0.0 -0.0 0.0 0.0 0.0 0.0 0.0 -0.0 -0.0 -0.0 -0.0 0.0
-0.0 0.0 -0.0 0.0 -0.0 -0.0 -0.0 -0.0 -0.0 -0.0 -0.0 0.0 -0.0 0.0 0.0 0.0 -0.0 -0.0 -0.0 0.0 0.0 0.0 -0.0 0.0 0.0 -0.0 -0.0 -0.0 -0.0 0.0 -0.0 0.0 0.0 -0.0 -0.0 -0.0 -0.0 -0.0 0.0 0.0 -0.0 0.0 -0.0 0.0 0.0 0.0 0.0 0.0 -0.0 0.0 0.0 0.0 0.0 -0.0 0.0 -0.0 -0.0 0.0 -0.0 0.0 -0.0 0.0 0.0 -0.0
0.0 -0.0 0.0 -0.0 0.0 0.0 0.0 0.0 0.0 0.0 -0.0 -0.0 -0.0 -0.0 0.0 -0.0 0.0 -0.0 -0.0 -0.0 -0.0 -0.0 -0.0 0.0 -0.0 0.0 -0.0 0.0 0.0 0.0 -0.0 0.0 0.0 0.0 0.0 -0.0 0.0 0.0 -0.0 -0.0 0.0 -0.0 0.0 0.0 0.0 -0.0 -0.0 0.0 0.0 0.0 -0.0 -0.0 0.0 0.0 -0.0 0.0 0.0 -0.0 -0.0 -0.0 0.0 -0.0 -0.0 0.0
-0.0 0.0 0.0 -0.0 -0.0 -0.0 -0.0 -0.0 -0.0 0.0 -0.0 0.0 -0.0 -0.0 -0.0 -0.0 0.0 0.0 -0.0 0.0 0.0 -0.0 -0.0 0.0 -0.0 -0.0 -0.0 -0.0 0.0 0.0 0.0 -0.0 0.0 0.0 -0.0 -0.0 -0.0 0.0 0.0 0.0 -0.0 -0.0 -0.0 0.0 -0.0 0.0 0.0 -0.0 -0.0 0.0 -0.0 0.0 0.0 0.0 0.0 0.0 -0.0 0.0 -0.0 -0.0 -0.0 0.0 0.0 0.0
0.0 0.64313847 0.0 0.0 -0.0 -0.0 -0.0 -0.0 0.0 0.0 -0.0 -0.0 -0.0 -0.0 0.0 0.0 0.0 -0.0 -0.0 0.0 -0.0 0.0 0.0 -0.0 0.0 0.0 -0.0 0.0 -0.0 0.0 -0.0 0.0 -0.0 0.0 -0.0 -0.0 -0.0 0.0 -0.0 -0.0 -0.0 -0.0 0.0 0.0 -0.0 -0.0 0.0 -0.0 0.0 0.0 0.0 0.0 -0.0 -0.0 0.0 -0.0 0.0 0.0 -0.0 0.0 0.0 0.0 -0.0 -0.0
0.0 -0.0 -0.0 0.0 0.0 -0.0 -0.0 -0.0 0.0 -0.0 -0.0 0.0 -0.0 -0.0 -0.0 0.37261075 0.0 -0.0 0.0 0.0 -0.0 -0.0 -0.0 0.0 0.0 -0.0 -0.0 0.0 -0.0 0.0 -0.0 -0.0 0.0 0.0 -0.0 -0.0 0.0 -0.0 -0.0 0.0 0.0 0.0 0.0 0.0 -0.0 -0.0 0.0 -0.0 -0.0 0.0 -0.0 0.0 0.0 -0.0 0.0 0.0 0.0 0.0 0.0 -0.0 -0.0 0.0 -0.0 -0.0
-0.0 -0.0 -0.0 0.0 0.0 -0.0 0.0 -0.0 0.0 0.0 -0.0 0.0 -0.0 0.76668173 0.0 0.7476087 -0.0 0.0 -0.0 -0.0 -0.0 -0.0 -0.70259887 -0.0 -0.0 0.0 -0.0 -0.0 0.0 -0.0 -0.0 0.0 0.0 -0.0 0.0 -0.0 -0.0 -0.0 -0.0 -0.0 0.0 -0.0 0.0 0.0 -0.0 -0.0 0.0 0.0 -0.5866985 0.0 0.0 -0.0 0.0 -0.0 -0.0 -0.0 -0.0 -0.0 1.0253402 -0.0 0.0 -0.0 -0.0 -0.0
-0.0 -0.0 -0.0 -0.0 -0.0 -0.0 0.0 -0.0 -0.0 -0.0 -0.0 0.0 -0.0 -0.0 -0.0 0.0 -0.0 0.0 -0.0 -0.0 -0.0 -0.0 0.0 0.0 -0.0 0.0 -0.0 -0.0 -0.0 0.0 -0.0 -0.0 0.0 0.0 -0.0 -0.0 -0.0 0.0 0.0 0.0 -0.0 0.88881713 -0.0 0.0 -0.0 0.0 -0.0 -0.0 0.0 -0.7656813 -0.0 -0.0 -0.0 0.47624832 0.0 -0.0 -0.0 -0.0 -0.0 -0.0 0.0 -0.0 -0.58575684 -0.0
0.0 -0.0 -0.0 0.0 0.0 0.0 0.0 -0.0 0.14592543 -0.0 -0.0 0.79467636 -0.0 -0.0 -0.0 -0.0 0.0 0.0 0.0 -1.2191871 -0.0 -0.0 -0.0 -0.0 0.0 -0.0 -0.0 -0.72789025 0.0 -0.0 -0.0 0.0 -0.0 0.0 -0.0 -0.0 -0.0 -0.0 -0.0 0.0 0.0 0.0 0.0 0.0 0.0 0.0 0.0 -0.0 0.0 0.0 0.0 -0.0 -0.0 -0.0 -0.0 -0.0 -0.0 -0.0 0.0 -0.0 0.0 -0.0 0.0 -0.0
0.0 -0.0 0.0 0.0 -0.0 -1.1011847 0.0 0.0 -0.0 0.0 0.0 0.0 -0.0 -0.0 0.0 -0.0 0.0 0.0 0.0 0.0 -0.0 0.0 -0.0 0.0 0.5263711 0.0 0.0 0.0 0.0 0.0 0.0 -1.1928067 0.0 0.0 -0.0 -0.0 0.0 0.0 0.0 -0.0 -0.0 0.0 -0.0 0.0 0.0 0.0 -0.0 -0.0 0.0 0.0 0.0 0.0 -1.2196883 0.0 0.0 0.0 0.0 -1.0332938 -0.0 0.0 -0.0 0.0 -0.0 -0.0
0.0 0.0 0.0 -0.0 0.0 -0.0 -0.0 -0.0 -0.0 0.0 0.0 -0.740883 0.7259715 -0.0 -0.0 -0.0 0.0 -0.0 0.0 0.0 0.0 -0.0 0.0 -0.0 -0.0 -0.0 0.0 -0.0 -0.0 -0.0 -0.0 -0.0 0.0 0.0 0.0 0.0 -0.0 0.0 -0.0 0.0 0.0 -0.0 0.0 -0.0 -0.0 -0.0 -0.0 -0.0 -0.0 -0.0 0.0 -0.0 -0.0 0.0 0.0 -0.0 0.0 -0.0 -0.0 -0.0 0.0 -0.0 -0.0 0.0
0.0 -0.0 -0.0 -0.0 -0.0 0.0 -0.0 -0.0 0.0 0.0 0.0 0.0 -0.0 -0.0 0.0 0.0 0.0 -0.0 0.0 -0.0 0.0 -0.0 0.0 -0.0 0.0 -0.0 0.0 0.0 -0.0 0.0 0.0 -0.0 0.0 -0.0 -0.0 -0.0 0.0 -0.0 0.0 0.0 0.0 0.0 0.0 -0.0 0.0 0.0 -0.0 0.0 0.0 -0.0 0.0 -0.0 0.0 0.0 -0.0 -0.0 0.0 0.0 -0.0 0.0 -0.0 -0.0 -0.0 -0.0
-0.0 0.0 -0.0 -0.0 -0.0 0.0 0.0 0.0 -0.0 -0.0 -0.0 0.0 -0.0 -0.0 -0.0 0.0 -0.0 -0.0 -0.0 0.0 -0.0 -0.0 -0.0 -0.0 0.0 -0.0 -0.0 -0.0 0.0 0.0 -0.0 0.0 -0.0 0.0 -0.0 0.0 -0.0 -0.0 -0.0 0.0 -0.0 -0.0 0.0 -0.0 -0.0 0.39986843 -0.0 -0.0 0.0 -0.0 0.0 0.0 0.0 -0.0 -0.0 -0.0 0.0 0.0 0.0 -0.0 -0.0 -0.0 -0.0 0.0
-0.0 -0.0 -0.0 -0.0 0.0 0.0 -0.0 0.0 -0.0 0.0 0.0 -0.0 -0.0 -0.0 0.0 -0.0 -0.0 -0.0 0.0 0.0 -0.0 0.0 0.0 0.0 -0.0 0.0 0.0 -0.0 0.0 0.0 -0.0 0.0 0.0 0.0 -0.0 -0.0 0.0 -0.0 -0.0 -0.0 0.0 0.0 0.0 0.0 0.96774936 0.0 -0.0 -0.0 0.0 0.0 -0.0 -0.0 0.0 -1.023727 -0.0 -0.0 -0.0 -0.0 -0.0 -0.0 -0.0 0.0 0.0 -0.0
-0.0 -0.0 -0.0 0.0 0.0 0.0 -0.0 -0.0 -0.0 0.0 0.0 0.0 -0.99305683 0.0 0.0 -0.0 -0.0 0.0 -0.0 -0.0 -0.0 0.0 -0.0 -0.0 -0.0 0.0 0.0 -0.0 0.0 -0.0 -0.0 0.0 0.0 0.0 0.0 0.0 0.0 -0.0 -0.0 -0.0 -0.0 -0.0 0.0 -0.0 0.0 0.0 0.0 0.0 0.0 0.0 0.0 -0.0 0.0 0.0 -0.0 0.0 -0.0 0.0 0.0 0.0 -0.0 0.0 -0.0 -0.0
0.0 -0.0 -0.0 0.0 -0.0 0.0 0.0 -0.0 0.0 -0.0 -0.0 0.0 0.0 0.0 0.0 0.0 -0.0 0.0 -0.0 -0.0 -0.0 0.0 -0.0 -0.0 -0.0 -0.0 -0.0 -0.0 0.0 -0.0 -0.0 0.0 -0.0 0.0 0.0 0.0 0.0 -0.0 0.0 -0.0 0.0 0.0 0.0 -0.0 -0.0 0.0 0.0 -0.0 -0.0 -0.0 0.0 0.0 0.0 0.0 -0.0 -0.0 0.0 0.0 0.0 -0.0 -0.0 -0.0 -0.0 0.0
-0.0 -0.0 0.0 0.0 -0.0 -0.0 0.0 0.0 0.0 0.0 0.0 0.0 -0.0 0.0 0.0 0.0 0.0 -0.0 -0.0 -0.0 -0.0 0.0 0.0 -0.0 0.0 0.0 -0.0 0.0 -0.0 0.0 -0.0 0.0 0.0 0.0 -0.0 0.0 0.0 -0.0 0.0 0.0 -0.0 0.0 -0.0 0.0 -0.0 0.0 0.0 0.0 0.0 0.0 0.0 -0.0 0.0 -0.0 -0.0 -0.0 0.0 -0.0 -0.0 0.0 0.0 0.0 0.0 0.0
0.0 -0.0 0.0 -0.0 -0.0 -0.0 0.0 0.0 0.0 0.0 0.0 -0.0 -0.0 0.0 -0.0 -0.0 -0.0 0.0 0.0 0.0 -0.0 0.0 -0.0 0.0 -0.0 0.0 -0.0 -0.0 0.0 0.0 0.0 -0.0 -0.0 0.0 0.0 -0.0 -0.0 -0.0 0.0 -0.0 0.0 -0.0 -0.0 -0.0 -0.0 -0.0 0.0 0.3283891 0.0 0.0 0.0 -0.0 0.0 0.0 -0.0 0.0 0.0 -0.0 -0.0 0.0 -0.0 -0.0 -0.0 0.0
-0.0 -0.0 0.0 -0.0 -0.0 0.0 0.0 0.0 -0.0 -0.0 0.0 0.0 -0.0 -0.0 0.0 -0.0 -0.0 -0.0 0.0 -0.0 -0.0 -0.0 0.0 0.0 -0.0 0.0 0.0 0.0 0.0 0.0 -0.0 0.0 -0.0 0.0 0.0 -0.0 -0.0 0.0 0.0 -0.0 0.0 -0.0 -0.0 -0.0 0.0 -0.0 0.0 -0.0 0.0 -0.0 0.5192905 -0.0 0.0 -0.0 0.0 -0.0 -0.0 0.0 -0.0 0.0 -0.0 0.0 -0.0 -0.0
-0.0 -0.0 0.0 -0.0 0.0 0.0 -0.0 -0.0 0.0 -0.0 0.0 0.0 -0.0 0.0 -0.0 0.0 0.0 0.0 0.0 -0.0 -0.0 0.0 0.0 -0.0 0.0 -0.0 -0.0 -0.0 -0.0 -0.0 -0.0 -0.0 -0.0 -0.0 -0.0 0.0 0.0 -0.0 -0.0 -0.0 -0.0 0.0 0.0 -0.0 -0.0 -0.0 0.0 0.0 -0.0 -0.0 0.0 -0.0 0.0 0.0 -0.0 0.0 -0.0 0.0 0.0 0.0 0.0 -0.0 0.0 -0.0
-0.0 0.0 0.0 -0.0 0.0 0.0 -0.0 -0.0 -0.0 -0.3615576 0.0 0.0 0.0 -0.0 -0.37455013 -0.0 -0.0 0.0 0.0 0.0 -0.0 -0.0 0.25226578 -0.0 0.0 0.0 0.0 0.0 -0.0 0.0 0.0 0.0 0.0 -0.0 -0.0 -0.0 0.0 -0.0 0.0 0.0 0.0 -0.0 -0.0 -0.0 0.0 0.0 0.0 -0.0 0.8394654 0.0 -0.0 0.0 -0.0 -0.0 0.0 -0.0 -0.0 -0.0 -0.0 -0.0 -0.0 0.0 0.0 0.0
0.0 -0.0 -0.0 -0.0 0.0 -0.0 0.0 0.0 -0.0 0.0 -0.0 0.0 -0.0 -0.0 0.0 -0.0 0.0 -0.0 -0.0 0.0 -0.0 0.0 -0.0 0.16510707 -0.0 -0.0 -0.0 0.0 0.0 -0.0 0.0 -0.0 -0.0 -0.0 -0.0 -0.0 -0.0 0.0 -0.0 -0.0 -0.0 0.0 0.0 0.0 0.0 -0.0 0.0 0.0 0.0 0.0 -0.0 0.0 -0.0 0.0 -0.0 -0.0 -0.0 -0.0 -0.0 -0.0 0.0 -0.0 -0.0 -0.0
0.0 -0.0 0.0 0.0 0.0 0.0 0.0 -0.0 0.0 0.0 -0.0 -0.0 0.0 -0.0 -0.0 -0.0 0.0 0.0 0.0 -0.0 0.0 0.0 -0.0 -0.0 -0.0 -0.0 0.0 -0.0 -0.0 0.0 0.0 0.0 -0.0 0.0 -0.0 -0.0 0.0 -0.0 -0.0 -0.0 0.0 -0.0 0.0 -0.0 -0.0 0.0 -0.0 -0.0 -0.0 0.0 -0.0 -0.0 0.0 0.0 -0.0 0.0 0.0 0.0 0.0 -0.0 0.0 0.0 0.0 0.0
-0.0 0.0 0.0 -0.0 -0.0 0.0 0.0 -0.0 -0.0 -0.0 -0.0 -0.0 -0.0 0.0 -0.0 0.9346696 -0.0 -0.0 -0.0 0.0 -0.0 -0.0 0.0 0.0 -0.0 0.0 -0.0 0.0 -0.0 0.0 -0.0 -0.0 0.0 0.0 0.0 -0.0 -0.0 0.0 -0.0 -0.0 0.0 -0.0 0.0 0.0 0.0 0.0 -0.0 0.0 0.0 -0.0 -0.0 -0.0 0.0 0.0 -0.0 -0.0 -0.0 -0.0 -0.0 0.0 0.0 -0.0 -0.0 -0.0
-0.0 0.0 -0.0 0.0 -0.0 -0.0 -0.0 0.0 -0.0 0.0 0.0 0.0 -0.0 -0.0 -0.0 -0.0 0.0 0.0 -0.0 0.0 -0.0 0.0 0.0 0.0 0.0 -0.0 -0.0 -0.0 0.0 0.0 0.0 0.0 0.0 0.0 -0.0 -0.0 -0.0 0.0 0.0 0.0 -0.0 0.0 -0.0 0.0 -0.0 0.0 0.0 0.0 0.0 0.0 0.0 0.0 0.0 -0.0 0.0 -0.0 -0.0 -0.0 -0.0 -0.0 0.0 -0.0 0.0 0.0
0.0 0.0 -0.0 0.0 0.0 -0.0 -0.0 -0.0 -0.0 0.0 -0.0 -0.0 -0.0 0.0 -0.0 -0.0 0.0 -0.0 0.0 -0.0 -0.0 -0.0 -0.0 -0.0 -0.0 -0.0 -0.0 0.0 0.0 -0.0 0.0 -0.0 0.0 -0.0 0.61332107 -0.0 0.0 -0.0 -0.0 0.0 -0.0 0.0 0.0 -0.0 -0.0 -0.0 0.0 0.0 -0.0 0.0 -0.0 -0.0 0.0 0.0 -0.0 -0.0 -0.0 0.0 -0.0 0.0 -0.0 0.0 -0.0 -0.0
-0.0 -0.0 -0.0 0.0 0.0 0.0 -0.0 -0.0 0.0 0.0 0.0 -0.0 0.0 0.0 0.0 0.0 0.0 -0.0 -0.0 -0.0 -0.0 -0.0 -0.0 -0.0 0.0 0.0 -0.0 -0.0 -0.0 0.0 -0.0 0.0 0.0 0.0 0.0 0.0 0.0 -0.0 0.0 -0.0 -0.0 0.0 -0.0 0.0 -0.0 -0.0 0.0 0.0 0.0 0.0 -0.0 -0.0 -0.0 -0.0 -0.0 0.0 -0.0 -0.0 -0.0 0.0 0.0 0.0 -0.0 0.29014686
0.0 -0.0 0.0 0.0 0.0 -0.0 -0.36577925 0.0 0.0 -0.0 -0.0 -0.0 0.0 -0.0 0.0 0.0 0.0 -0.0 -0.0 0.0 0.0 -0.0 -0.0 -0.0 0.0 -0.0 0.0 -0.0 -0.0 0.0 -0.21560484 0.0 -0.0 0.0 -0.0 0.0 -0.0 0.0 0.0 0.0 0.0 0.0 0.0 -0.0 -0.0 0.0 -0.0 0.0 -0.0 0.0 0.0 0.0 -0.0 -0.0 0.0 0.0 0.0 -0.0 -0.0 0.0 -0.0 0.0 0.0 0.0
-0.0 -0.0 -0.0 -0.0 -0.0 -0.0 -0.0 -0.0 0.0 -0.0 0.0 -0.0 0.0 -0.0 0.0 -0.0 -0.0 0.0 -0.0 -0.0 0.0 0.0 0.0 0.0 -0.0 -0.0 0.0 -0.0 0.0 0.9008595 0.0 -0.0 -0.0 -0.0 0.0 -0.0 -0.0 -0.0 0.0 -0.0 0.0 0.0 -0.0 -0.0 0.0 0.0 0.0 0.0 -0.0 -0.0 0.0 -0.0 0.0 0.0 1.1120515 0.0 0.0 0.0 0.0 0.0 0.0 0.0 0.0 -0.0
0.0 0.0 -0.0 0.0 -0.0 0.0 0.0 0.0 -0.0 0.0 0.0 0.0 -0.0 -0.0 -0.0 -0.0 0.0 -0.0 0.0 0.0 -0.0 -0.0 -0.0 0.0 0.0 0.0 -0.0 -0.0 -0.0 0.0 0.0 0.0 -0.0 0.0 -0.0 -0.0 0.0 0.0 -0.0 0.0 0.0 0.0 -0.5176242 -0.0 0.0 0.0 -0.0 0.0 0.0 -0.0 -0.0 0.0 -0.0 0.0 -0.0 0.0 -0.0 0.0 0.0 -0.0 0.0 0.0 -0.0 0.0
-0.0 0.0 0.0 -0.0 -0.0 -0.0 -0.0 0.0 -0.0 -0.0 -0.0 -0.0 -0.0 -0.0 -0.0 -0.0 -0.0 -0.0 -0.0 -0.0 -0.0 -0.0 0.0 0.0 0.0 0.0 0.0 -0.0 -0.0 -0.0 -0.0 0.0 0.0 0.66174793 -0.0 -0.0 -0.0 -0.0 0.0 0.0 0.0 -0.0 0.0 0.0 -0.0 0.0 -0.0 -0.0 0.0 -0.0 -0.0 -0.0 0.0 -0.0 -0.0 -0.0 -0.0 0.0 -0.0 -0.0 0.0 -0.0 -0.0 -0.0
-0.0 -0.0 -0.0 -0.0 0.0 0.0 -0.0 -0.0 -0.0 0.0 0.0 -0.0 -0.0 -0.0 0.0 -0.0 0.0 -0.0 0.0 -0.0 0.0 0.0 0.0 0.0 -0.0 -0.0 0.0 -0.0 -0.0 0.0 -0.0 0.0 -0.0 0.0 -0.0 -0.0 -0.0 -0.0 -0.0 0.0 0.0 -0.0 0.0 -0.0 0.0 0.0 -0.0 -0.0 0.0 0.0 0.0 0.0 -0.0 0.0 -0.0 0.0 0.0 0.0 0.0 -0.0 -0.0 -0.0 0.0 -0.0
0.0 0.0 -0.0 -0.0 -0.0 0.0 -0.23500444 -0.0 -0.0 -0.0 0.0 0.0 0.0 -0.0 -0.0 -0.0 -0.0 0.0 0.0 -0.0 -0.0 0.0 -0.0 0.0 -0.0 0.0 0.0 0.0 0.0 0.0 0.0 -0.0 -0.0 -0.0 -0.0 -0.0 0.0 -0.0 0.0 -0.0 -0.0 -0.0 0.0 -0.0 -0.0 -0.0 0.0 -0.0 -0.0 -0.0 -0.0 0.0 0.0 0.0 0.0 -0.0 -0.0 0.0 0.0 -0.0 0.0 0.0 -0.0 0.0
0.0 -0.0 0.0 0.0 0.0 0.0 -0.0 0.0 -0.0 -0.0 0.0 0.0 0.0 -0.0 -0.0 -0.0 0.0 -0.0 -0.0 0.0 -0.0 -0.0 -0.0 0.0 0.0 -0.0 0.0 0.0 0.0 0.0 -0.0 -0.0 -0.0 0.0 -0.0 -0.0 -0.0 0.0 0.0 0.0 0.0 -0.0 -0.0 -0.0 -0.0 0.0 -0.0 -0.0 -0.0 -0.0 -0.0 0.0 -0.0 0.0 0.0 0.0 0.0 -0.0 0.0 0.0 -0.0 0.0 -0.0 0.0
0.0 0.0 -0.0 -0.0 -0.0 -0.0 0.0 -0.0 0.0 -0.0 -0.0 0.0 -0.0 0.0 0.0 0.0 0.0 0.0 0.0 0.0 -0.0 -0.0 -0.0 0.0 0.0 0.0 0.0 0.0 -0.0 -0.0 -0.0 -0.0 -0.0 0.0 -0.0 -0.0 -0.0 0.0 -0.29372594 0.0 -0.0 -0.0 0.0 0.0 -0.0 -0.0 0.0 -0.0 -0.0 -0.0 0.0 0.0 0.0 -0.0 0.0 -0.0 0.0 0.0 -0.0 -0.0 -0.0 -0.0 -0.0 0.0
-0.0 -0.0 -0.0 0.0 -0.0 0.0 0.0 -0.0 -0.0 -0.0 -0.0 0.0 -0.0 -0.0 -0.0 -0.0 -0.0 0.0 -0.0 0.0 0.0 0.0 -0.0 -0.0 -0.0 -0.0 -0.0 -0.0 -0.0 -0.0 0.0 -0.0 -0.0 0.0 -0.0 -0.0 0.0 -0.0 0.0 0.0 -0.0 -0.0 0.0 -0.0 0.0 0.0 -0.0 0.0 -0.0 -0.0 -0.0 -0.0 -0.0 -0.0 -0.0 -0.0 -0.0 0.0 -0.0 -0.0 -0.0 0.0 0.0 0.0
0.0 -0.0 -0.0 -0.0 -0.0 0.0 0.0 -0.0 -0.0 0.0 -0.0 0.0 0.0 -0.0 0.0 -0.0 0.0 0.0 -0.0 -0.0 -0.0 0.0 0.0 0.0 0.0 0.0 -0.0 -0.0 0.0 -0.0 -0.0 -0.0 -0.0 0.0 -0.0 0.0 0.0 -0.0 0.0 1.231359 0.0 0.0 0.0 -0.0 -0.0 0.0 0.0 0.0 -0.0 -0.0 -0.0 -0.0 0.0 -0.0 0.0 -0.0 0.0 -0.0 0.0 -0.0 -0.0 0.0 0.0 0.0
-0.0 -0.0 0.0 -0.0 -0.0 -0.0 -0.0 -0.0 -0.0 -0.0 -0.0 -0.0 0.0 -0.0 0.0 0.0 0.0 -0.0 0.0 -0.0 0.0 0.0 -0.0 -0.0 0.0 -0.0 0.0 -0.0 -0.0 0.0 -0.0 -0.0 0.0 0.0 0.0 -0.0 -0.0 -0.0 -0.0 -0.0 -0.0 -0.0 -0.0 -0.0 -0.0 -0.0 -0.0 -0.0 -0.0 -0.0 -0.0 -0.0 -0.0 -0.0 -0.0 0.0 -0.0 0.0 -0.0 0.0 0.0 0.0 -0.0 0.0
-0.0 -0.0 -0.0 -0.0 -0.0 -0.0 0.0 0.0 -0.0 0.0 0.0 0.0 -0.0 -0.0 -0.78943866 -0.0 0.0 0.0 0.0 -0.0 0.60230243 0.0 -0.0 0.0 -0.0 -0.0 0.0 -0.0 0.0 0.0 -0.0 0.0 0.0 0.0 0.0 -0.0 -0.0 0.0 -0.0 0.0 0.0 -0.0 0.0 -0.0 0.0 0.0 -0.0 -0.0 -0.0 -0.0 0.0 -0.0 0.0 -0.0 0.0 -0.5320527 0.0 0.0 -0.0 -0.0 0.0 0.0 -0.0 0.0
0.0 0.0 -0.0 -0.0 -0.0 -0.0 0.0 -0.0 -0.0 0.0 -0.0 0.0 0.0 0.0 -0.0 0.0 0.0 -0.0 -0.0 0.0 0.0 -0.0 -0.0 -0.0 -0.0 -0.0 -0.0 0.0 0.0 0.0 0.0 -0.0 -0.0 0.0 0.0 -0.0 -0.0 0.0 -0.0 0.0 0.0 -0.0 -0.0 -0.0 0.0 -0.0 -0.0 0.0 -0.9142011 -0.0 -0.0 0.0 0.0 0.0 -0.0 0.0 -0.0 -0.0 0.0 0.0 -0.0 -0.0 -0.0 0.0
0.0 -0.0 -0.0 -0.0 -0.0 -0.0 -0.0 0.0 -0.0 0.0 -0.0 -0.0 -0.0 0.0 -0.0 -0.0 -0.0 0.0 -0.0 0.0 -0.0 -0.0 -0.0 0.0 -0.0 0.0 0.0 0.0 0.0 -0.0 -0.0 0.0 -0.0 0.0 -0.0 -0.0 0.0 0.0 -0.0 0.0 -0.0 0.0 0.0 -0.0 -0.0 -0.0 0.0 0.0 0.0 0.0 0.0 -0.0 0.0 0.0 0.0 -0.0 0.0 0.0 -0.0 -0.0 -0.0 -0.0 0.0 -0.0
0.0 0.0 0.0 -0.0 -0.0 -0.0 0.0 -0.0 -0.0 -0.0 -0.0 0.0 0.0 0.0 -0.0 -0.0 -0.0 1.1046343 0.0 -0.0 -0.0 -0.0 0.0 -0.0 -0.0 0.0 -0.0 -0.0 0.0 -0.0 0.0 -0.0 -0.0 0.0 0.0 -0.0 -0.0 0.0 0.0 -0.0 -0.0 -0.0 0.0 -0.0 -0.0 -0.0 -0.0 0.0 0.0 -0.0 -0.0 -0.0 0.0 -0.0 -0.0 -0.0 -0.0 0.0 0.0 0.0 -0.0 -0.0 -0.0 0.0
0.0 -0.0 -0.0 0.0 0.0 -0.0 0.0 0.0 0.0 0.0 0.0 -0.0 0.0 0.0 0.0 -0.0 0.0 -0.0 0.0 0.0 -0.0 -0.0 -0.0 -0.0 -0.0 -0.0 0.0 0.0 0.0 -0.0 0.0 0.0 0.0 -0.0 0.0 0.0 -0.0 0.0 0.0 0.0 -0.0 -0.0 0.0 0.0 0.0 -0.0 0.0 -0.0 -0.0 0.0 0.0 -0.0 -0.0 -0.27160776 -0.0 -0.0 0.0 0.0 0.0 -0.0 -0.0 -0.0 0.0 -0.0
0.0 0.0 -0.0 0.0 -0.0 -0.0 0.0 -0.0 -0.0 -0.0 -0.0 0.0 -0.0 -0.0 -0.0 -0.0 -0.0 0.0 -0.0 0.0 0.0 -0.0 -0.0 0.0 -0.0 -0.0 -0.0 -0.0 0.0 0.0 -0.0 -0.0 -0.0 0.0 0.0 0.0 -0.0 0.0 0.0 -0.0 -0.0 0.0 0.0 -0.0 -0.0 0.0 0.0 -0.0 -0.0 0.0 -0.0 0.0 -0.7265151 -0.0 0.0 0.0 -0.0 0.0 0.0 0.0 -0.0 0.0 0.0 0.0
-0.0 -0.0 -0.0 -0.0 0.0 0.0 0.0 0.0 -0.0 0.0 -0.0 0.0 0.0 0.0 -0.0 0.0 0.0 -0.0 -0.0 0.0 -0.0 -0.0 0.0 0.0 0.0 -0.0 -0.0 -0.0 0.0 0.0 -0.0 0.0 0.0 -0.0 -0.0 0.0 -0.0 -0.0 -0.0 0.0 -0.82417744 0.0 0.0 0.0 -0.0 0.0 -0.0 0.0 -0.0 0.0 -0.0 0.0 -0.0 -0.0 -0.0 0.0 -0.0 -0.0 -0.0 0.0 0.0 0.0 -0.0 -0.0
0.0 -0.0 0.0 0.0 0.0 -0.0 -0.0 -0.0 0.0 0.0 1.0669072 -0.0 0.0 -0.0 -0.0 -0.0 0.0 0.0 -0.0 0.0 -0.0 0.0 -0.0 -0.0 0.0 -0.0 0.0 0.0 -0.0 -0.0 -0.0 -0.0 1.1097087 0.0 -0.0 0.0 0.0 0.0 0.0 -0.0 0.0 -0.0 -0.0 0.817996 0.0 0.0 -0.0 -0.0 0.0 0.0 0.0 0.0 -0.0 -0.0 -0.0 0.0 0.0 -0.0 0.0 -0.0 0.0 0.44394484 0.0 -0.0
0.0 0.0 -0.0 0.0 -0.0 0.0 0.0 0.0 0.0 -0.0 0.0 0.0 -0.0 -0.0 -0.0 -0.0 -0.0 0.0 0.0 0.0 0.0 -0.0 -0.0 -0.0 -0.0 0.0 -0.0 0.0 0.0 -0.0 0.0 0.0 -0.0 -0.0 0.0 -0.0 0.0 0.0 -0.0 0.0 -0.0 -0.0 -0.0 -0.0 -0.0 -0.0 -0.0 0.25000325 -0.0 0.0 -0.0 0.0 0.0 0.0 -0.0 0.0 0.0 0.0 -0.0 -0.0 0.0 0.0 0.0 0.0
0.0 0.0 0.0 -0.0 0.0 -0.0 0.0 0.0 -0.0 -0.0 0.0 -0.9976418 -0.0 -0.0 0.0 0.0 -0.0 -0.0 -0.0 0.0 0.0 0.0 -0.0 0.0 -0.0 -0.0 0.0 0.0 -0.0 0.0 -0.0 -0.0 0.0 -0.0 -0.0 -0.0 -0.0 0.0 -0.0 0.0 0.0 -0.0 -0.0 0.0 -0.0 -0.0 -0.0 0.0 0.0 -0.0 -0.0 -0.0 0.0 0.0 0.0 0.0 0.662643 -0.0 0.0 0.0 -0.0 -0.0 -0.0 -0.0
-0.0 -0.0 -0.0 -0.0 0.0 -0.0 0.0 0.0 0.0 -0.0 0.0 0.0 0.0 -0.0 -0.0 -0.0 0.0 -0.0 0.0 0.0 0.0 0.0 0.0 0.0 -0.0 0.0 0.0 0.0 0.0 -0.36202255 0.0 -0.0 0.0 0.0 -0.0 -0.0 -0.0 -0.0 0.77063847 -0.32557276 0.0 -0.0 -0.0 -0.0 0.0 0.0 0.0 -0.0 -0.0 0.0 0.0 0.0 -0.0 -0.5185372 -0.0 -0.4879586 0.0 -0.0 0.0 -0.0 -0.0 -0.0 -0.0 0.0
0.0 -0.0 0.0 -0.0 -0.0 0.0 0.0 0.0 -0.0 -0.0 0.0 -0.0 0.0 -0.0 -0.0 -0.0 -0.0 0.0 -0.0 0.0 -0.0 0.0 0.0 0.0 0.0 0.0 -0.0 0.0 -0.0 0.0 0.0 0.0 0.0 0.0 -0.0 -0.0 -0.0 0.0 0.0 0.0 0.0 -0.0 -0.0 -0.0 0.0 0.0 0.0 0.0 0.0 -0.0 -0.0 0.0 0.8043121 0.0 -0.0 0.0 0.0 1.1340572 -0.0 0.0 -0.0 -0.0 -0.0 -0.0
0.0 -0.0 -0.0 0.0 -0.0 -0.0 0.0 0.0 0.0 -0.0 0.0 0.0 0.0 -0.0 0.0 0.0 0.0 -0.0 0.0 -0.0 -0.0 0.0 0.0 0.0 -0.0 0.0 0.0 -0.0 -0.0 -0.0 -0.0 -0.0 0.0 -0.0 -0.0 0.0 0.0 -0.0 -0.0 -0.0 0.0 -0.0 0.0 0.0 -0.0 -0.0 -0.0 -0.0 -0.0 -0.0 -0.0 0.0 0.0 0.0 0.0 0.0 0.0 -0.0 -0.0 -0.0 -0.0 -0.0 -0.0 -0.0
0.0 -0.0 -0.0 -0.0 0.0 0.0 0.0 -0.0 0.0 0.0 -0.0 -0.0 -0.0 -0.0 0.0 0.0 0.0 -0.0 -0.0 -0.0 0.0 0.0 0.0 -0.0 0.0 -0.0 -0.0 0.0 -0.0 0.0 -0.0 0.0 -0.0 0.0 -0.0 -0.0 0.0 -0.0 -0.0 0.0 0.0 -0.0 0.0 0.0 -0.0 0.0 -0.0 0.0 0.0 -0.0 -0.0 -0.0 0.0 0.0 -0.0 0.0 0.0 0.0 0.0 0.0 0.0 -0.0 -0.0 -0.0
0.0 0.0 -0.0 -0.0 0.0 -0.0 -0.0 -0.0 0.0 -0.0 0.0 -0.0 -0.0 -0.0 -0.0 0.0 -0.0 -0.0 0.0 0.0 -0.0 -0.0 -0.0 -0.0 -0.0 0.0 0.0 0.0 0.71172833 -0.0 -0.0 -0.0 -0.0 0.0 -0.0 -0.0 0.0 0.0 -0.0 0.0 0.0 0.0 0.0 0.0 -0.0 0.0 0.0 -0.0 0.0 -0.0 0.0 0.0 -0.0 0.0 -0.0 -0.0 0.0 -0.0 0.0 -0.0 -0.0 0.0 0.0 -0.0
0.0 0.0 0.0 -0.0 -0.0 0.0 0.0 -0.0 -0.0 -0.0 0.0 -0.0 0.0 0.0 -0.0 0.0 -0.0 0.0 -0.0 -0.0 -0.0 0.0 -0.0 -0.0 -0.0 -0.0 -0.0 0.0 0.0 -0.4056969 -0.0 0.0 -0.0 0.0 0.45455435 -0.0 -0.0 0.0 -0.0 -0.0 -0.0 -0.0 0.0 0.0 -0.0 -0.0 -0.0 -0.0 -0.0 -0.0 -0.0 -0.0 0.0 -0.0 0.0 -0.0 0.0 0.0 0.0 0.0 0.0 -0.0 -0.0 0.0
0.0 -0.0 0.0 0.0 0.0 -0.0 0.0 -0.0 -0.0 -0.0 -0.0 0.0 -0.0 -0.0 0.0 -0.0 -0.0 -0.0 0.0 0.0 -0.0 0.0 0.0 0.0 0.0 -0.0 -0.0 -0.0 0.0 -0.0 0.0 0.0 -0.0 0.0 -0.0 -0.0 0.0 0.0 0.0 0.0 -0.0 -0.0 -0.0 0.0 -0.0 -0.0 0.0 -0.0 0.0 -0.0 -0.0 0.0 0.56932175 0.0 0.0 -0.0 -0.0 -0.0 -0.0 -0.0 0.0 -0.0 -0.0 0.0
0.0 -0.0 -0.0 -0.0 -0.0 -0.0 0.0 -0.0 0.0 -0.0 -0.0 0.0 -0.0 -0.0 -0.0 0.0 0.0 -0.0 -0.0 0.0 -0.0 -0.0 -0.0 0.0 -0.0 -0.0 0.0 -0.0 0.0 0.0 -0.0 -0.0 -0.0 0.0 0.0 -0.0 0.0 0.0 -0.0 -0.0 -0.0 -0.0 0.0 -0.0 0.0 -0.0 -0.0 0.0 0.0 -0.0 0.0 0.0 0.0 -0.0 -0.0 -0.0 -0.0 -0.0 -0.0 -0.0 0.0 -0.0 -0.0 -0.0
0.8412481 0.0 0.0 -0.0 -0.0 0.0 0.0 -0.0 0.0 -0.0 0.0 -0.6650612 0.0 0.0 -0.0 -0.0 0.0 -0.0 0.0 0.0 -0.0 -0.0 -0.0 -0.0 0.0 0.0 -0.0 -0.0 -0.0 -0.0 -0.0 0.0 -0.0 0.0 0.0 0.0 0.0 0.3990956 -0.0 -0.0 0.0 -0.0 0.0 -0.0 0.0 -0.0 -0.0 0.0 -0.0 -0.7679833 -0.0 -0.0 0.0 0.0 -0.0 -0.0 -0.0 -0.0 -0.0 0.0 -0.0 0.0 0.0 0.0
0.0 -0.0 0.0 -0.0 0.0 0.0 0.0 0.0 0.0 -0.0 0.0 0.0 0.0 0.0 -0.0 -0.0 -0.0 -0.0 0.0 -0.0 -0.0 0.0 0.0 0.0 -0.0 -0.0 -0.0 0.0 0.0 -0.0 -0.0 0.0 -0.0 0.0 0.0 0.0 0.0 0.0 0.0 -0.0 0.0 0.0 0.0 -0.0 -0.0 -0.0 -0.0 -0.0 0.0 0.0 -0.0 0.0 0.0 -0.0 0.0 -0.0 0.0 -0.0 -0.0 0.0 -0.0 -0.0 -0.0 -0.0
-0.0 0.96765006 0.0 0.0 -0.0 -0.0 0.0 -0.0 -0.0 -0.0 -0.0 -0.0 -0.0 -0.0 0.0 0.0 -0.0 -0.0 -0.0 -0.0 -0.0 0.0 0.0 -0.0 0.0 0.0 0.0 0.0 0.0 -0.0 -0.0 -0.0 -0.0 0.0 -0.0 -0.0 -0.0 -0.0 -0.0 0.0 0.0 0.0 0.0 -0.0 -0.0 0.0 0.0 -0.0 0.0 -0.0 0.0 0.0 -0.66626084 0.0 -0.0 -0.0 -0.0 -0.88053584 -0.0 0.0 -0.0 -0.0 -0.4916196 0.0
-0.0 0.0 -0.0 -0.0 0.0 0.0 -0.0 -0.0 -0.0 0.0 0.0 0.0 -0.0 -0.0 0.0 -0.0 -0.0 0.5551502 -0.0 -0.0 -0.0 0.0 0.0 -0.0 0.0 -0.0 0.0 -0.0 0.0 -0.0 0.0 -0.0 -0.0 0.0 -0.0 0.0 -0.0 -0.0 0.0 -0.0 -0.0 0.0 0.0 0.0 -0.0 -0.0 -0.0 0.0 -0.0 -0.0 -0.0 -0.0 -0.0 0.0 -0.0 0.0 -0.0 0.0 -0.0 -0.0 0.0 0.0 0.0 0.0
0.7043276 -0.0 -0.0 0.37186506 -0.49919644 -0.0 0.0 -0.0 -0.5994475 -0.0 0.61828756 0.0 0.0 -0.0 -0.0 -0.0 0.0 -0.0 -0.0 -0.0 -0.0 -0.0 -0.0 -0.0 0.0 -0.0 -0.0 0.33031535 -0.0 0.0 -0.0 -0.0 -0.6766836 -0.0 -0.0 -0.0 0.5734699 0.0 -0.0 -0.0 0.0 -0.0 0.0 -0.0 -0.0 -0.0 0.50771564 -0.0 -0.0 -0.0 0.0 0.0 -0.0 0.0 -0.0 -0.0 -0.0 -0.0 -0.0 -0.0 -0.0 0.0 0.0 0.0
0.0 0.0 -0.0 0.0 -0.0 0.0 0.0 0.0 0.0 -0.0 -0.0 0.0 0.0 -0.0 -0.0 -0.0 -0.0 0.0 0.0 0.0 0.0 0.0 -0.0 0.0 -0.0 0.0 0.0 0.0 0.0 0.0 -0.0 0.0 -0.0 2.4994223 -0.0 -0.0 0.0 0.0 -0.0 0.0 0.0 -0.0 0.0 -0.0 0.0 -0.0 -0.0 0.0 -0.0 0.0 0.0 0.0 -0.0 -0.0 -0.0 -0.0 -0.0 -0.0 0.0 0.0 -0.0 0.0 -0.0 0.0
-0.0 0.0 -0.0 0.0 0.0 0.0 0.0 0.0 -0.0 0.0 -0.0 0.0 -0.0 0.0 -0.0 -0.0 0.0 -0.0 -0.0 -0.0 -0.0 -0.0 -0.0 0.0 -0.0 0.0 -0.0 0.0 0.0 -0.0 0.0 -0.0 0.0 0.0 0.0 -0.0 -0.0 0.0 -0.0 0.0 -0.0 -0.0 0.0 0.0 -0.0 -0.0 -0.0 -0.0 0.0 0.0 0.0 -0.0 -0.0 -0.0 -0.0 -0.0 -0.0 0.0 0.0 -0.0 0.0 0.0 -0.0 -0.0
-0.0 0.0 0.0 0.0 -0.0 0.0 0.0 0.0 0.0 -0.67985046 -0.0 0.0 -0.0 0.0 0.46717945 0.0 -0.0 -0.0 0.0 0.0 -0.54896563 0.0 0.0 -0.0 -0.0 0.0 0.0 -0.0 -0.0 -0.0 -0.0 0.0 -0.5398591 0.0 0.0 0.0 0.0 -0.0 0.0 0.0 -0.0 -0.0 0.0 0.0 -0.0 -0.0 0.0 0.0 -0.0 0.0 0.0 -0.0 -0.0 0.0 0.0 0.9636422 -0.0 0.0 0.0 -0.0 -0.62213504 -0.0 0.0 0.0
-0.0 -0.0 0.0 0.0 -0.0 0.0 0.0 0.0 0.0 -0.0 -0.0 0.0 -0.0 -0.0 -0.0 -0.0 0.0 -0.0 0.0 0.0 -0.0 0.0 0.0 -0.0 0.0 -0.0 0.0 -0.0 0.0 -0.0 -0.0 -0.0 0.0 0.0 -0.0 0.0 -0.0 -0.0 -0.0 0.0 -0.0 0.0 0.0 0.6491257 0.0 0.0 -0.0 -0.0 0.0 0.0 -0.0 -0.0 -0.0 -0.0 -0.0 -0.0 0.0 0.0 0.0 -0.0 -0.0 -0.0 0.0 -0.0
0.0 0.0 -0.0 0.0 -0.0 -0.0 0.0 -0.0 -0.0 0.0 -0.35974413 0.0 0.0 -0.0 -0.0 -0.0 0.0 -0.0 0.0 0.0 0.0 -0.0 0.0 0.0 0.0 -0.0 0.0 -0.35330808 0.0 -0.0 -0.0 -0.0 -0.0 -0.0 0.0 0.0 -0.0 0.0 -0.0 0.0 0.0 -0.0 0.0 -0.0 0.0 -0.0 -0.55448353 -0.0 -0.0 -0.0 -0.493068 -0.0 0.0 0.0 0.0 0.0 -0.0 0.0 -0.0 0.0 0.0 0.0 -0.0 0.0
-0.0 -0.0 -0.0 -0.0 -0.0 0.0 0.0 -0.0 -0.0 0.0 -0.0 -0.0 0.0 -0.0 0.0 -0.0 -0.0 0.0 -0.0 -0.0 0.0 -0.0 0.0 0.0 -0.0 0.0 0.0 -0.0 0.0 0.0 -0.0 0.0 -0.0 0.0 0.0 -0.0 -0.0 -0.0 -0.0 -0.0 0.0 -0.0 0.0 -0.0 0.0 0.0 0.0 0.0 -0.0 -0.0 0.0 -0.0 0.0 0.0 1.0075065 0.0 0.0 -0.0 0.0 0.0 0.0 0.0 0.0 0.0
-0.0 -0.0 -0.0 -0.0 0.0 0.0982559 0.0 0.0 -0.0 0.0 0.0 0.0 -0.0 0.0 -0.0 0.0 0.0 -0.0 0.0 0.0 0.0 0.0 -0.0 0.0 -0.0 -0.0 0.0 -0.0 0.0 0.0 0.0 0.0 0.0 -0.0 -0.0 -0.0 0.0 0.0 -0.0 -0.0 -0.0 0.0 0.0 0.0 0.0 -0.0 -0.0 -0.0 0.0 0.0 0.0 -0.0 -0.0 0.0 -0.0 -0.0 0.0 -0.0 -0.0 -0.0 -0.0 -0.0 -0.0 0.9007167
-0.0 -0.0 0.0 0.0 0.0 -0.0 -0.0 -0.0 0.0 0.0 0.0 -0.0 0.0 -0.0 -0.0 -0.0 0.0 -0.0 0.0 0.0 0.0 -0.0 0.0 -0.0 0.0 -0.0 0.0 -0.0 -0.0 -0.0 -0.0 0.0 0.0 0.0 0.0 -0.0 -0.0 -0.0 0.0 0.0 0.0 -0.0 -0.0 0.0 -0.0 -0.0 -0.0 -0.0 -0.0 -0.0 -0.0 0.0 -0.0 -0.0 0.0 0.0 0.0 -0.0 -0.0 -0.0 -0.0 0.0 0.0 -0.0
0.0 -0.0 -0.0 0.0 0.0 -0.0 0.0 0.0 0.0 0.0 0.0 0.0 -0.0 0.0 0.0 -0.0 -0.0 -0.0 0.29622233 0.0 -0.0 0.0 0.0 -0.0 -0.0 0.0 0.0 0.0 0.0 -0.0 0.0 -0.0 0.0 -0.0 0.0 -0.0 0.0 -0.0 -0.0 0.0 0.0 -0.0 0.0 -0.0 -0.0 -0.0 -0.0 0.0 0.0 -0.0 -0.0 -0.0 -0.0 0.0 -0.0 -0.0 0.0 -0.81759304 -0.0 0.0 0.0 0.0 -0.0 0.0
-0.0 -0.0 -0.0 0.0 -0.0 -0.0 -0.0 0.0 0.0 0.0 -0.0 0.0 -0.0 -0.0 0.0 0.0 -0.0 -0.0 0.0 -0.0 -0.0 -0.0 -0.0 -0.0 -0.0 0.0 0.0 -0.0 -0.0 1.4285455 0.0 -0.0 -0.0 0.0 -0.0 -0.0 -0.0 -0.0 0.0 0.0 0.0 0.0 -0.0 -0.0 0.0 0.0 0.0 0.0 0.0 0.0 0.0 -0.0 -0.0 0.0 -0.0 0.0 0.0 -0.0 0.0 -0.0 -0.0 -0.0 -0.0 -0.0
-0.0 0.0 -0.0 0.0 -0.0 0.0 0.0 0.0 -0.0 0.0 0.0 0.0 -0.0 -0.0 -0.0 -0.0 -0.0 -0.0 -0.0 0.0 -0.0 0.0 -0.0 0.0 -0.0 0.0 0.0 -0.0 0.0 0.0 -0.0 0.0 0.0 0.0 0.0 -0.0 -0.0 0.0 0.0 -0.0 -0.0 -0.0 -0.0 0.0 0.0 -0.0 0.0 0.0 -0.0 0.0 0.0 0.0 -0.0 -0.0 0.0 0.0 -0.0 0.0 -0.0 0.0 -0.0 -0.0 0.0 0.0
0.0 -0.0 0.0 0.0 0.0 0.0 -0.0 -0.0 0.0 -0.0 0.0 0.0 0.0 -0.0 -0.0 -0.0 0.0 0.0 0.0 -0.0 0.0 0.0 0.0 0.0 -0.0 0.0 -0.0 -0.0 -0.0 -0.0 -0.0 0.0 0.0 -0.0 -0.0 0.0 0.0 -0.0 -0.0 -0.0 0.0 -0.0 0.0 -0.0 0.0 -0.0 0.0 -0.0 0.0 0.0 0.0 0.0 -0.0 0.0 0.0 -0.0 0.0 -0.0 0.0 -0.0 0.0 0.0 -0.0 0.0
0.0 0.0 0.0 -0.0 0.0 -0.0 0.0 -0.0 0.0 0.0 0.0 0.0 -0.0 -0.0 0.0 0.0 -0.0 0.0 -0.0 0.0 -0.0 0.0 -0.0 -0.0 0.0 -0.0 -0.0 -0.0 0.0 0.0 0.0 0.0 -0.0 0.0 -0.0 0.0 0.0 0.0 0.0 -0.0 0.0 -0.0 0.0 -0.0 0.0 0.0 -0.0 0.0 -0.0 -0.0 0.0 0.0 0.0 0.0 -0.0 0.0 -0.0 0.0 0.0 0.0 -0.0 0.0 -0.0 0.0
0.0 -0.0 0.0 0.0 -0.0 0.0 -0.0 0.0 0.0 -0.0 0.0 -0.0 -0.0 -0.0 0.0 0.0 0.0 -0.0 -0.0 -0.0 0.0 -0.0 0.0 -0.0 -0.0 0.0 0.0 0.0 -0.0 0.0 0.0 0.0 0.0 0.0 0.0 -0.0 -0.0 -0.0 -0.0 -0.0 -0.0 -0.0 -0.0 -0.0 -0.0 -0.0 0.0 0.0 -0.0 0.0 0.0 -0.0 -0.0 -0.0 0.0 0.0 0.0 -0.0 0.0 -0.0 0.0 -0.0 -0.0 0.0
0.0 0.0 0.0 -0.0 -0.0 0.0 0.0 0.0 0.0 -0.0 0.0 0.0 -0.0 0.0 -0.0 0.0 0.0 0.0 0.0 -0.0 0.0 0.0 0.0 -0.0 0.0 -0.0 0.0 0.0 -0.0 -0.0 0.0 0.0 -0.0 0.0 -0.0 0.0 0.0 0.0 -0.0 0.0 0.0 -0.0 -0.0 -0.0 -0.0 -0.0 0.0 0.0 0.0 -0.0 -0.0 -0.0 0.0 0.0 -0.0 0.0 0.0 -0.0 -0.0 0.0 0.0 0.0 -0.0 0.0
-0.0 -0.0 0.0 0.0 -0.0 -0.0 -0.0 0.0 -0.0 -0.0 0.0 0.0 0.0 -0.0 0.0 -0.0 0.0 0.0 -0.0 0.0 0.0 -0.0 -0.0 -0.0 -0.0 0.0 0.0 0.0 -0.0 0.34444806 0.0 0.0 -0.0 0.0 -0.5773036 0.0 -0.0 -0.0 0.0 0.0 0.0 0.0 -0.0 -0.0 -0.0 0.0 0.0 0.0 -0.0 0.0 0.0 0.0 0.0 0.0 -0.0 0.0 0.0 0.0 0.0 -0.0 -0.0 -0.0 0.0 -0.0
-0.0 -0.0 0.0 -0.0 0.0 -0.0 0.0 0.0 -0.0 0.0 -0.0 0.0 0.0 0.0 0.0 0.0 -0.0 -0.0 0.0 0.0 -0.0 -0.0 -0.0 0.0 0.0 0.0 -0.0 0.0 -0.0 0.0 -0.0 0.0 0.0 0.0 -0.0 0.0 -0.0 -0.0 0.0 -0.0 0.0 0.0 -0.0 0.0 0.0 0.0 -0.0 -0.0 -0.0 0.0 -0.0 0.0 -0.0 -0.0 -0.0 -0.0 -0.0 -0.0 -0.0 -0.0 0.0 -0.0 0.0 -0.0
0.0 0.0 -0.0 0.0 0.0 0.0 0.0 0.0 0.0 0.0 0.0 -0.0 0.0 -0.0 0.0 -0.0 0.0 -0.0 -0.0 -0.0 -0.0 -0.0 -0.0 -0.0 0.0 -0.0 0.0 0.0 0.0 0.0 0.0 -0.0 -0.0 0.0 0.0 0.0 0.0 0.0 0.0 -0.0 0.0 0.0 0.0 -0.0 0.0 -0.0 -0.0 0.0 0.0 0.0 -0.0 -0.0 0.0 0.0 -0.0 -0.0 -0.0 0.0 0.0 0.0 0.0 -0.0 -0.0 -0.0
0.0 -0.0 -0.0 0.0 0.0 0.0 -0.0 0.0 0.0 0.0 0.0 0.0 -0.0 -0.0 -0.0 0.0 0.0 -0.0 0.0 0.0 -0.0 0.0 -0.0 0.0 -0.0 0.0 -0.0 0.0 0.0 0.0 -0.0 -0.0 0.0 0.0 -0.0 -0.0 -0.0 0.0 -0.0 0.0 0.0 -0.0 0.0 -0.0 -0.0 -0.0 0.0 -0.0 -0.0 0.0 -0.0 0.0 0.0 -0.0 -0.0 0.0 -0.0 -0.0 -0.0 -0.0 0.0 0.0 -0.0 -0.0
0.0 0.0 -0.0 -0.0 0.0 -0.0 -0.0 -0.0 0.0 -0.0 0.0 -0.0 0.0 -0.0 -0.0 -0.0 0.0 0.0 0.0 0.0 0.0 0.0 0.0 0.0 -0.0 -0.0 -0.0 0.0 0.0 -0.0 -0.0 -0.0 0.0 0.0 -0.0 -0.0 -0.0 0.0 -0.0 0.0 -0.0 -0.0 0.0 -0.0 -0.0 -0.0 0.0 -0.0 -0.0 0.0 -0.0 -0.0 0.0 -0.0 0.0 -0.0 0.0 0.0 0.0 -0.0 0.0 0.0 -0.0 0.0
-0.0 0.0 0.0 0.0 -0.0 0.0 0.0 -0.0 0.0 0.0 -0.0 -0.0 0.0 -0.0 0.0 0.0 -0.0 -0.0 -0.0 0.0 0.0 0.0 -0.0 -0.0 0.0 -0.0 -0.0 -0.0 -0.0 0.0 -0.0 -0.0 -0.0 0.0 0.0 -0.0 0.0 -0.0 -0.0 0.0 0.0 -0.0 -0.0 -0.0 0.0 0.0 -0.0 0.0 -0.0 -0.0 0.0 -0.0 -0.0 0.0 -0.0 0.0 -0.0 -0.0 0.0 0.0 0.0 0.0 0.0 -0.0
-0.0 0.93449247 0.0 0.0 -0.0 -0.0 0.0 0.0 0.0 -0.5221469 -0.0 0.0 -0.0 0.0 -0.0 -0.0 -0.55554754 -0.0 -0.0 0.0 -0.0 0.0 -0.0 0.0 0.0 0.0 -0.0 0.0 -0.0 0.0 0.0 -0.0 -0.0 0.0 0.0 -0.0 0.0 -0.0 -0.0 0.0 0.0 -0.0 0.0 0.0 0.0 -0.0 -0.0 -0.0 -0.0 -0.0 -0.0 -0.0 -0.0 -0.0 0.0 0.0 -0.0 -0.0 0.0 -0.0 -0.0 -0.0 -0.0 0.0
0.0 0.0 -0.0 0.0 -0.0 0.0 0.0 0.0 -0.0 0.0 0.0 -0.0 -0.0 -0.0 -0.0 -0.0 -0.0 0.0 -0.0 -0.0 0.0 0.0 0.0 0.0 -0.0 -0.0 0.0 0.0 0.0 -0.0 -0.0 0.0 -0.0 0.0 0.0 -0.0 0.0 0.0 0.0 -0.0 0.0 -0.0 0.0 -0.0 0.0 -0.0 -0.0 -0.0 0.0 -0.0 -0.0 -0.0 -0.0 -0.0 -0.0 -0.0 0.0 0.0 -0.0 0.0 -0.0 0.0 -0.0 0.0
0.0 -0.0 -0.0 -0.0 -0.0 0.0 -0.0 -0.0 -0.0 -0.0 0.0 0.0 0.0 -0.0 -0.0 -0.0 -0.0 0.0 0.0 -0.0 -0.0 -0.0 0.0 -0.0 -0.0 0.0 0.0 -0.0 -0.0 -0.0 -0.0 0.0 0.0 0.0 0.0 -0.0 -0.0 -0.0 0.0 -0.0 0.0 -0.0 -0.0 -0.0 0.0 0.0 -0.0 -0.0 -0.0 -0.0 -0.0 -0.0 -0.0 -0.0 -0.0 -0.0 -0.0 -0.0 0.0 0.0 -0.0 0.0 0.0 0.0
0.0 0.0 -0.0 0.0 -0.0 0.0 0.0 0.0 -0.0 0.0 -0.0 -0.0 -0.0 -0.0 -0.0 0.0 -0.0 -0.0 -0.0 -0.0 0.0 -0.0 0.0 -0.0 -0.0 -0.0 -0.0 -0.0 0.0 0.0 0.0 -0.0 -0.0 0.0 0.0 -0.0 -0.0 0.0 0.0 0.0 0.0 -0.0 -0.0 -0.0 -0.0 0.0 -0.0 0.0 0.0 0.0 -0.0 0.0 -0.0 0.0 -0.0 0.0 -0.0 -0.0 0.0 0.0 0.0 -0.0 -0.0 -0.0
0.0 -0.0 0.0 -0.0 -0.0 -0.0 0.0 0.0 0.0 -0.0 -0.0 -0.0 0.0 0.0 -0.0 -0.0 0.0 0.0 0.0 -0.0 -0.0 0.0 -0.0 -0.0 0.0 0.0 0.0 0.0 -0.0 0.0 0.0 0.0 -0.0 0.0 -0.0 0.0 0.0 -0.0 0.0 -0.0 0.0 0.0 0.0 -0.0 0.0 0.0 -0.0 -0.0 0.0 -0.0 -0.0 -0.0 0.0 0.0 -0.0 -0.0 0.0 -0.0 0.0 0.0 0.0 -0.0 -0.0 -0.0
-0.0 -0.0 0.0 -0.0 -0.0 0.0 0.0 0.0 0.0 -0.0 -0.0 -0.0 -0.5698622 -0.0 -0.0 0.0 -0.0 0.0 -0.0 -0.0 0.0 -0.0 0.0 -0.0 -0.0 0.0 0.0 -0.0 0.0 0.0 -0.0 0.0 0.0 0.0 -0.0 -0.0 -0.0 -0.0 0.0 -0.0 0.0 0.0 -0.0 -0.0 -0.0 0.0 0.0 0.0 0.0 -0.0 -0.0 -0.0 -0.0 0.0 0.0 0.0 0.0 -0.0 0.0 0.0 0.0 -0.0 -0.0 0.0
0.0 0.0 -0.0 0.0 0.0 -0.0 0.0 0.0 0.0 -0.0 0.0 0.0 -0.0 -0.0 -0.0 0.0 0.0 -0.0 0.0 -0.0 -0.0 0.0 -0.0 -0.0 -0.0 -0.0 0.0 0.0 0.0 -0.0 0.0 -0.0 -0.0 -0.0 -0.0 -0.0 -0.0 -0.0 -0.0 -0.0 0.0 -0.0 0.0 -0.0 -0.0 0.0 -0.0 -0.0 0.0 0.0 -0.0 -0.0 -0.0 -0.0 -0.0 -0.0 0.0 -0.0 0.0 -0.0 0.0 -0.0 -0.0 0.0
-0.0 0.0 0.0 -0.0 -0.0 0.0 -0.0 0.0 -0.0 -0.0 0.0 -0.0 -0.0 0.0 0.0 -0.0 -0.0 -0.0 0.0 0.0 0.0 -0.0 0.0 0.0 0.0 0.0 -0.0 0.0 0.0 0.0 -0.0 -0.0 0.0 -0.0 0.0 -0.0 -0.0 -0.0 -0.0 0.0 0.0 -0.0 -0.0 0.0 -0.0 0.0 -0.0 0.0 -0.0 0.0 -0.0 -0.0 0.0 -0.0 0.0 -0.0 0.0 -0.0 0.0 0.0 0.0 0.0 -0.0 -0.0
-0.0 0.0 -0.0 0.0 -0.0 -0.0 -0.0 -0.0 -0.0 -0.0 0.0 -0.0 0.0 0.0 -0.0 -0.0 0.0 -0.0 0.0 0.0 -0.0 0.0 0.0 0.0 -0.0 -0.0 0.0 0.0 0.0 0.0 -0.0 0.0 0.0 -0.0 0.0 0.0 -0.0 0.0 0.0 -0.0 -0.0 0.0 -0.0 0.0 -0.0 0.0 0.0 0.0 -0.0 -0.0 -0.0 0.0 -0.0 0.0 0.0 -0.0 -0.0 0.0 -0.0 -0.0 -0.0 0.0 0.0 0.0
-0.0 -0.0 -0.0 -0.0 0.0 -0.0 -0.0 -0.0 -0.0 -0.0 0.0 0.0 -0.0 0.0 0.0 0.0 0.0 -0.0 0.0 -0.0 0.0 -0.0 0.0 -0.0 0.0 -0.0 -0.0 -0.0 0.0 -0.0 0.0 0.0 -0.0 -0.0 -0.0 -0.0 0.0 -0.0 -0.0 0.0 -0.0 0.0 -0.0 0.0 -0.0 0.0 0.0 0.0 0.0 -0.0 0.0 0.0 -0.0 -0.0 0.0 0.0 -0.0 0.0 0.0 0.0 -0.0 0.0 -0.0 0.0
0.0 -0.0 -0.0 -0.0 0.0 -0.0 -0.0 0.0 0.0 -0.0 0.0 0.0 0.0 0.0 -0.0 -0.0 -0.0 0.0 0.0 0.0 -0.0 -0.0 -0.0 -0.0 -0.0 -0.0 -0.0 0.0 0.0 -0.0 0.0 -0.0 0.0 0.0 0.0 0.0 -0.0 0.0 0.0 0.0 -0.0 -0.2608322 0.0 -0.0 -0.0 -0.0 -0.0 -0.0 0.0 0.0 -0.0 0.0 0.0 -0.0 -0.0 -0.0 -0.0 0.0 -0.0 -0.0 0.0 -0.0 -0.0 0.0
-0.0 0.0 -0.0 0.0 -0.0 -0.0 -0.0 0.0 0.0 0.0 -0.0 -0.0 -0.0 0.0 -0.0 0.0 0.0 -0.0 -0.0 0.0 -0.0 -0.0 -0.0 -0.0 0.0 -0.0 0.0 0.0 0.0 0.0 0.0 -0.0 0.0 -0.0 0.0 -0.0 -0.0 0.0 -0.0 0.0 0.0 0.0 0.0 0.0 -0.0 -0.0 0.0 0.0 0.0 0.0 -0.0 -0.0 0.0 0.0 0.0 -0.0 0.0 -0.0 -0.0 -0.0 0.0 -0.0 0.0 -0.7371744
-0.0 0.0 0.0 -0.0 -0.0 -0.0 0.0 -0.0 -0.0 0.0 -0.0 0.0 0.0 -0.0 -0.0 -0.0 0.0 -0.0 0.0 0.0 -0.0 0.0 0.0 0.0 -0.0 0.0 -0.0 -0.0 0.0 0.0 -0.0 0.0 -0.0 -0.0 0.0 -0.0 0.0 0.0 0.0 0.0 -0.0 -0.0 -0.0 -0.0 -0.0 0.0 0.0 0.0 0.0 0.0 0.0 0.0 -0.0 -0.0 0.0 0.0 0.0 0.0 -0.0 0.0 -0.0 -0.0 -0.0 -0.0
-0.0 -0.0 -0.0 -0.0 0.0 0.0 -0.0 -0.0 -0.0 0.0 -0.0 -0.0 -0.0 0.0 0.0 -0.0 0.0 0.0 -0.0 -0.0 0.0 -0.0 -0.0 -0.0 0.0 -0.0 0.0 -0.0 -0.0 -0.0 0.0 -0.0 0.0 -0.0 -0.0 -0.0 0.0 -0.0 0.0 -0.0 -0.0 0.0 -0.0 0.0 0.0 -0.0 -0.0 0.0 0.0 -0.0 -0.0 -0.0 -0.0 0.0 -0.0 -0.0 0.0 -0.0 -0.0 0.0 -0.0 -0.0 -0.0 0.0
-0.0 -0.0 -0.0 0.0 -0.0 -0.0 -0.0 -0.0 -0.0 -0.0 0.0 -0.0 -0.0 -0.0 0.0 0.0 -0.0 -0.0 -0.0 0.0 0.0 -0.0 0.0 0.0 -0.0 -0.0 0.0 -0.0 0.0 0.0 0.0 -0.0 0.0 0.0 0.0 -0.0 -0.0 0.0 0.0 -0.0 -0.0 0.0 -0.0 0.0 0.0 -0.0 -0.0 0.0 0.0 0.0 -0.0 0.0 -0.0 -0.0 -0.0 0.0 0.0 0.0 -0.0 -0.0 -0.0 -0.0 0.0 0.0
0.0 -0.0 -0.0 0.0 0.0 0.0 0.0 0.0 -0.0 -0.0 0.0 -0.0 0.0 -0.0 -0.0 0.0 -0.0 -0.0 0.0 -0.0 -0.0 -0.0 0.0 0.0 -0.0 -0.0 0.0 -0.0 0.0 -0.0 0.0 0.0 0.0 0.0 0.0 -0.0 0.0 0.0 -0.0 -0.0 0.0 0.0 -0.0 0.0 0.0 0.0 -0.0 0.0 0.0 -0.0 -0.0 0.0 -0.0 0.0 -0.0 -0.0 0.0 -0.0 0.0 0.0 -0.0 -0.0 -0.0 -0.0
-0.0 -0.0 -0.0 0.0 0.0 -0.0 0.0 0.0 -0.0 0.0 -0.0 0.0 0.0 0.0 0.0 -0.0 0.0 -0.0 -0.0 0.0 -0.0 -0.0 -0.0 0.0 0.0 0.0 -0.0 0.0 -0.0 -0.0 0.0 -0.0 0.0 0.0 -0.0 -0.0 0.0 -0.0 0.0 0.0 -0.0 -0.1397233 0.0 -0.0 -0.0 -0.0 -0.0 -0.0 0.0 0.0 -0.0 0.0 -0.0 -0.0 -0.0 -0.0 -0.0 0.0 -0.0 -0.0 0.0 -0.0 -0.0 0.0
-0.0 -0.0 0.0 -0.0 -0.0 -0.0 -0.0 -0.0 -0.0 -0.0 0.0 -0.0 0.0 -0.0 0.0 0.0 -0.0 0.0 0.0 0.0 -0.0 0.0 0.0 -0.0 -0.0 -0.0 0.0 -0.0 -0.0 -0.0 -0.0 -0.0 0.0 -0.0 -0.0 0.0 -0.0 -0.0 0.0 -0.0 -0.0 -0.0 -0.0 0.0 0.0 1.4010986 0.0 0.0 -0.0 -0.0 0.0 0.0 -0.0 0.0 0.0 0.0 0.0 0.0 0.0 0.0 -0.0 -0.0 0.0 0.0
-0.0 0.0 0.0 -0.0 -0.0 0.0 -0.0 0.0 0.0 -0.0 0.0 -0.0 -0.0 -0.0 -0.0 -0.0 -0.0 0.0 -0.0 -0.0 0.0 0.0 -0.0 0.0 -0.0 0.0 0.0 0.0 -0.0 -0.0 0.0 0.0 -0.0 0.0 -0.0 -0.0 -0.0 -0.0 0.0 0.0 0.0 0.0 -0.0 -0.0 -0.0 -0.0 0.58556426 0.0 -0.0 0.0 0.0 0.0 -0.0 0.0 -0.0 0.0 0.0 0.0 0.0 -0.0 0.0 -0.0 -0.0 -0.0
-0.0 -0.0 0.0 -0.0 -0.0 0.0 0.0 0.0 -0.0 0.0 -0.0 -0.0 0.0 0.0 -0.0 0.0 -0.0 0.0 -0.0 0.0 -0.0 0.0 0.0 -0.0 -0.0 0.0 0.0 0.0 -0.0 0.0 -0.0 -0.0 0.0 -0.0 0.0 0.0 0.0 0.0 0.0 0.0 -0.0 0.0 -0.0 -0.0 -0.0 0.0 0.0 0.0 -0.0 -0.0 0.0 0.0 0.0 -0.0 -0.0 0.0 0.0 0.0 0.0 0.0 -0.0 -0.0 0.0 0.0
0.0 -0.0 -0.0 0.0 0.0 -0.0 0.0 0.0 0.0 -0.0 -0.0 0.0 -0.0 -0.0 -0.0 -0.0 0.0 0.0 0.0 -0.0 -0.0 -0.0 0.0 -0.0 0.0 0.0 0.0 0.0 -0.0 -0.0 0.0 0.0 -0.0 0.0 -0.0 -0.0 0.0 -0.0 0.0 -0.0 0.0 -0.0 0.0 -0.0 -0.0 0.0 0.0 -0.0 0.0 0.0 0.0 -0.0 -0.0 0.0 -0.0 0.0 0.0 -0.0 -0.0 -0.0 0.0 -0.0 0.0 0.0
0.0 0.0 0.0 0.0 0.0 -0.0 0.0 0.0 -0.0 0.0 -0.0 0.0 -0.0 0.0 -0.0 0.0 0.0 0.0 -0.0 0.0 -0.0 -0.0 0.0 0.0 0.0 -0.0 -0.0 -0.0 0.0 0.0 0.0 -0.0 -0.0 0.0 0.0 -0.0 0.0 0.0 -0.0 0.0 -0.0 0.0 0.0 -0.0 -0.0 -0.0 -0.0 -0.0 -0.0 0.0 -0.0 0.0 -0.0 -0.0 0.0 -0.0 -0.0 0.0 -0.0 0.0 0.0 0.0 0.0 -0.0
0.0 -0.0 -0.0 -0.0 0.0 -0.0 -0.0 0.0 0.6897136 -0.0 0.0 -0.7854672 -0.0 -0.0 -0.0 0.0 -0.0 -0.0 0.0 -0.52595836 0.0 -0.0 0.0 -0.0 0.0 0.0 0.0 0.0 -0.0 -0.0 -0.0 -0.0 0.0 0.0 0.0 0.0 -0.0 -0.72450686 -0.0 0.0 0.0 0.95629805 0.0 -0.0 0.0 0.0 -0.0 -0.0 -0.0 0.0 -0.0 -0.0 -0.0 -0.0 -0.22466846 0.0 0.0 0.0 0.0 0.0 -0.0 -0.0 -0.0 0.0
0.0 0.0 -0.0 -0.0 0.0 -0.0 -0.0 -0.0 0.0 0.0 -0.0 0.0 -0.0 -0.0 -0.0 -0.0 -0.0 0.0 -0.0 0.0 -0.0 -0.0 -0.0 0.0 0.0 0.0 -0.0 -0.0 0.0 -0.0 0.0 -0.0 -0.0 0.0 -0.0 -0.0 -0.0 0.0 -0.0 -0.0 0.0 0.0 0.0 -0.0 0.0 0.0 -0.0 -0.0 0.0 -0.0 0.0 0.0 0.0 0.0 0.0 0.0 0.0 0.0 -0.0 -0.0 0.0 -0.0 -0.0 -0.0
0.0 0.0 0.0 -0.0 -0.0 -0.0 0.0 -0.0 -0.0 0.0 -0.0 0.0 -0.0 -0.0 -0.0 -0.0 -0.0 0.0 0.0 0.0 -0.0 -0.0 -0.0 0.0 -0.0 0.0 -0.0 -0.0 0.0 -0.0 0.0 -0.0 0.0 0.0 0.0 -0.0 0.0 0.0 0.0 -0.0 0.0 -0.0 0.0 0.0 0.0 -0.0 -0.54517794 -0.0 0.0 -0.0 -0.0 -0.0 0.0 -0.0 -0.0 -0.0 0.0 -0.0 -0.0 -0.0 -0.0 0.0 -0.0 -0.0
0.0 0.0 0.0 0.0 0.0 0.0 -0.0 -0.0 0.0 -0.0 0.0 -0.0 0.0 -0.0 -0.0 -0.0 -0.0 0.0 -0.0 0.0 0.0 0.0 -0.0 0.0 0.0 0.0 -0.0 0.0 -0.0 -0.0 -0.0 -0.0 -0.0 0.0 0.0 -0.0 0.0 -0.0 -0.0 -0.0 0.0 0.0 0.0 0.0 0.0 0.0 -0.0 -0.0 -0.0 -0.0 0.0 -0.0 0.0 0.0 0.0 0.0 -0.0 0.0 0.0 -0.0 -0.0 0.0 0.0 0.0
-0.0 -0.0 -0.0 -0.0 0.0 0.0 0.0 0.0 0.0 -0.0 -0.0 0.0 -0.0 -0.0 -0.0 -0.0 0.0 0.0 -0.0 -0.0 0.0 -0.0 -0.0 0.0 0.0 0.0 -0.0 0.0 -0.0 0.0 -0.0 -0.0 0.0 0.0 -0.0 -0.0 -0.0 0.0 0.0 -0.0 0.0 0.0 0.0 -0.0 0.0 0.0 -0.0 -0.0 -0.0 0.0 -0.0 -0.0 -0.5813483 0.0 -0.0 -0.0 -0.0 -0.0 -0.0 -0.0 -0.0 0.0 -0.0 0.0
0.0 -0.0 -0.0 -0.0 -0.0 -0.0 -0.0 0.0 0.0 0.0 0.0 0.0 0.0 0.0 -0.0 -0.0 0.0 0.0 0.0 -0.0 -0.0 -0.0 -0.0 -0.0 0.0 -0.0 0.0 0.0 0.0 -0.0 -0.0 0.0 -0.0 0.0 -0.0 0.0 0.0 -0.0 0.0 0.0 -0.0 -0.0 0.0 -0.0 -0.0 0.0 0.0 0.0 -0.0 -0.0 0.0 0.0 0.0 0.0 -0.0 -0.0 0.0 0.0 0.0 -0.0 -0.0 0.0 0.0 0.0
-0.0 0.0 0.0 -0.0 -0.0 -0.0 0.0 -0.0 0.0 -0.0 0.0 -0.0 -0.0 -0.0 0.0 -0.0 0.0 -0.0 -0.0 0.0 0.0 0.0 -0.0 -0.0 0.0 0.0 0.0 0.0 -0.0 0.0 0.0 0.0 0.0 0.0 -0.0 -0.0 0.0 -0.0 -0.0 -0.0 -0.0 -0.0 0.0 0.0 0.0 -0.0 0.0 -0.0 0.0 -0.0 0.0 0.0 -0.45378894 0.0 0.0 -0.0 -0.0 0.4020482 -0.0 -0.0 0.0 -0.0 -0.0 0.0
0.0 0.0 -0.0 -0.0 -0.0 -0.0 -0.0 -0.0 0.0 -0.0 -0.0 -0.0 -0.0 0.0 -0.0 -0.0 0.0 0.0 -0.0 0.0 -0.0 -0.0 -0.0 0.0 -0.0 0.0 0.0 0.0 -0.42519966 -0.0 -0.0 0.0 0.0 -0.0 -0.0 -0.0 0.0 0.0 -0.0 -0.0 -0.0 0.0 0.0 -0.0 0.0 0.0 0.0 -0.0 -0.0 0.0 -0.0 0.0 0.0 0.0 0.0 -0.0 0.0 -0.0 0.0 -0.5075144 0.0 -0.0 -0.0 -0.0
0.0 -0.0 -0.0 -0.0 -0.0 0.0 -0.0 0.0 0.0 0.0 -0.0 0.0 -0.46022424 0.0 0.0 0.0 0.0 -0.0 0.0 -0.0 -0.0 -0.0 0.0 0.0 0.0 -0.0 -0.0 0.0 0.0 0.0 0.0 0.0 -0.0 -0.0 -0.0 -0.0 -0.0 0.0 -0.0 0.0 -0.0 0.0 -0.0 -0.0 -0.0 0.0 -0.0 0.0 0.0 -0.0 0.0 0.0 -0.0 0.0 -0.0 0.0 -0.0 0.0 -0.0 0.0 0.0 -0.0 -0.0 -0.0
0.0 -0.0 -0.0 -0.0 0.0 0.0 0.0 0.0 -0.0 -0.0 0.0 0.0 -0.0 -0.0 -0.0 -0.0 0.0 -0.0 0.0 -0.0 -0.0 -0.0 0.0 -0.0 -0.0 -0.0 0.0 0.0 0.0 -0.0 -0.0 -0.0 -0.0 0.0 0.0 0.0 0.0 0.0 0.0 -0.0 -0.0 0.0 0.0 0.0 -0.0 -0.0 -0.0 -0.0 0.0 -0.0 -0.0 -0.0 -0.0 -0.0 -0.0 -0.0 -0.0 -0.0 -0.0 0.0 -0.0 -0.0 -0.0 -0.0
0.0 -0.0 -0.0 0.0 -0.0 -0.0 -0.0 0.0 -0.0 0.0 0.0 0.0 -0.0 0.0 -0.0 -0.0 0.0 -0.0 0.0 0.0 0.0 -0.4627479 0.0 0.0 0.0 -0.0 -0.0 0.0 -0.0 0.0 -0.0 0.0 0.0 0.0 0.0 0.0 0.0 0.0 0.0 0.40759775 -0.0 -0.0 0.0 -0.0 -0.0 -0.0 0.0 0.0 -0.0 0.0 0.0 0.0 -0.0 0.0 -0.0 0.46102816 -0.0 0.0 -0.0 0.0 0.0 0.6915882 0.0 0.0
-0.0 -0.0 -0.0 -0.0 -0.0 0.0 0.0 -0.0 -0.0 -0.0 0.0 0.0 0.0 0.0 -0.0 -0.0 0.0 -0.3780472 0.0 0.0 -0.0 0.0 0.0 -0.0 0.0 -0.0 -0.0 0.0 0.0 -0.0 -0.0 0.0 -0.0 -0.0 -0.0 0.0 -0.0 -0.0 -0.0 -0.0 -0.0 -0.0 0.2574222 0.0 -0.0 0.0 0.0 0.0 -0.0 -0.0 0.0 0.0 -0.0 -0.1439478 -0.0 -0.0 -0.0 0.0 -0.0 0.0 -0.0 -0.0 0.20955427 0.0
0.0 0.964937 -0.0 0.0 0.0 0.0 0.0 -0.0 -0.0 -0.0 0.0 -0.0 0.0 -0.0 -0.0 0.0 0.0 0.0 -0.0 -0.0 -0.0 0.0 -0.0 -0.0 0.0 0.0 0.0 -0.0 0.0 0.0 -0.0 0.0 0.0 0.0 -0.0 0.0 0.0 -0.0 0.0 0.0 0.0 -0.0 0.0 -0.0 0.0 -0.0 0.0 -0.0 -0.0 -0.0 -0.0 0.0 -0.0 -0.0 -0.0 -0.0 -0.0 -0.0 -0.0 0.0 0.0 0.0 0.0 -0.0
-0.0 -0.0 0.0 0.0 0.0 0.0 -0.0 -0.0 -0.0 -0.0 -0.0 0.0 -0.0 0.0 0.0 -0.0 0.0 -0.0 0.0 0.0 -0.0 -0.0 0.0 0.0 -0.0 -0.0 -0.0 -0.0 -0.0 0.0 0.0 0.0 0.0 0.0 -0.0 0.0 0.0 -0.0 -0.0 -0.0 -0.0 -0.0 -0.0 0.0 0.0 0.0 0.0 0.0 0.0 -0.0 0.0 0.0 -0.0 -0.0 0.0 -0.0 -0.0 0.0 -0.0 -0.0 -0.0 0.0 0.0 -0.0
-0.0 -0.0 -0.0 -0.0 0.0 0.0 -0.0 0.0 0.0 0.0 0.0 -0.0 0.0 0.0 -0.0 -0.0 0.0 0.0 0.0 0.0 0.0 0.0 0.0 -0.0 -0.0 0.0 0.0 0.0 0.0 -0.0 -0.0 0.0 0.0 -0.0 0.46779904 0.0 0.0 0.0 -0.0 0.0 -0.0 -0.0 0.0 0.0 -0.0 -0.0 -0.0 0.0 0.0 0.0 0.0 -0.0 0.0 -0.42905122 -0.0 -0.0 0.0 0.0 -0.0 0.0 -0.0 0.0 0.0 -0.0
0.0 -0.0 -0.0 -0.0 -0.0 -0.0 0.0 0.0 -0.0 0.0 -0.0 -0.0 0.0 -0.0 -0.0 -0.0 -0.0 -0.0 0.0 -0.0 0.0 -0.0 0.0 0.0 0.0 0.0 -0.0 0.0 -0.0 -0.0 -0.0 -0.0 -0.0 0.0 -0.0 0.22312462 -0.0 0.0 0.0 0.0 -0.42398402 0.0 0.0 -0.0 0.0 0.0 0.0 0.0 -0.0 -0.0 0.0 0.0 0.0 -0.0 0.0 0.0 -0.0 -0.0 -0.6878957 0.0 0.0 0.0 -0.0 -0.0
-0.0 -0.0 -0.0 0.0 -0.7358905 -0.0 0.0 -0.0 0.0 -0.0 0.0 0.0 0.0 -0.0 0.0 0.0 -0.0 0.0 -0.0 0.0 -0.0 0.43809023 0.0 0.0 0.0 -0.0 -0.85970014 -0.0 -0.0 -0.0 -0.0 -0.0 0.4671842 0.0 -0.0 0.0 -0.0 0.0 -0.0 -0.0 -0.0 0.0 -0.0 -0.0 -0.0 0.0 -0.0 0.0 0.0 -0.0 0.0 0.48854384 -0.0 -0.0 -0.0 -0.0 -0.9559249 -0.0 0.0 -0.0 0.0 0.0 -0.0 -0.0
-0.0 0.0 -0.0 0.0 0.0 -0.0 0.0 0.0 0.0 -0.0 -0.0 0.0 0.0 0.0 0.0 -0.0 -0.0 0.0 0.0 -0.0 -0.0 0.0 -0.0 0.0 -0.0 0.0 0.0 -0.0 0.0 0.0 -0.0 -0.0 -0.0 -0.0 0.0 -0.0 0.0 -0.0 0.0 0.0 -0.0 0.0 0.0 -0.0 0.0 0.0 -0.0 -0.0 -0.0 -0.0 0.0 0.0 -0.0 -0.0 -0.0 -0.0 -0.0 0.0 -0.0 -0.0 0.0 0.0 0.0 -0.0
-0.0 -0.0 -0.0 -0.0 -0.0 -0.0 -0.0 0.0 -0.0 -0.0 -0.0 0.0 -0.0 -0.0 0.0 0.0 0.0 -0.0 0.0 0.0 0.0 -0.0 0.0 0.0 0.0 -0.0 0.0 -0.0 0.0 0.0 -0.0 -0.0 -0.0 -0.0 0.0 -0.0 0.0 0.0 -0.0 -0.0 0.0 -0.0 -0.0 0.0 -0.0 -0.0 -0.0 -0.0 -0.0 -0.0 -0.0 -0.0 0.0 0.0 0.0 -0.0 -0.0 -0.0 0.0 0.0 -0.0 -0.0 -0.0 -0.0
-0.0 0.0 0.0 0.0 -0.0 -0.0 0.0 0.0 -0.0 -0.0 -0.0 0.0 0.0 0.0 0.0 -0.0 0.0 -0.0 -0.0 0.0 0.0 -0.0 0.0 0.0 -0.0 0.0 0.0 -0.0 0.0 0.0 0.0 0.0 0.0 0.0 0.0 0.0 -0.0 0.0 -0.0 0.0 -0.0 -0.0 -0.0 -0.0 -0.0 -0.0 -0.0 0.0 0.0 0.0 0.0 0.0 0.0 -0.0 0.0 0.0 -0.0 0.0 -0.0 0.0 0.0 -0.0 -0.0 -0.0
0.0 -0.0 0.0 -0.0 -0.0 -0.0 -0.0 -0.0 0.0 -0.0 -0.0 0.0 0.0 0.0 -0.0 -0.0 0.0 -0.0 0.0 -0.0 0.0 -0.0 -0.0 0.0 -0.0 0.0 -0.0 -0.0 -0.0 -0.0 0.0 0.0 0.0 0.0 0.0 -0.0 0.0 -0.0 0.0 -0.0 0.0 -0.0 0.0 -0.0 0.0 -0.0 0.0 0.0 -0.0 0.0 0.0 -0.0 -0.0 -0.0 -0.0 -0.0 -0.0 0.0 0.0 0.0 0.0 0.0 0.0 -0.0
