56 56 64 256 1 0 1 1
0.0 0.0 0.0 0.118207276 0.0 0.0 -0.0 0.0 -0.0 0.36878878 0.2383398 0.114609495 0.0 -0.0 -0.109474055 -0.2535978 -0.15891911 -0.20862694 -0.0 -0.0 0.0 -0.13082191 0.0 -0.15550287 -0.09919074 0.0 -0.0 0.0 -0.27028793 0.0 0.0 -0.0 -0.3247457 -0.118948035 0.0 0.0 -0.0 -0.0 -0.117728375 -0.0 -0.0 0.0 0.0 -0.124098286 0.0 0.0 -0.1008944 0.2430985 -0.0 0.0 -0.0 0.0 -0.0 -0.1400802 0.18980005 0.29866797 -0.07861393 0.12064011 0.0 0.1979736 0.0 -0.0 0.114453904 -0.0
-0.0 0.0 -0.0 -0.0 -0.0 0.09078812 0.0 0.0 -0.0 0.0 0.0 0.0 0.0 -0.08160029 -0.0 0.0 -0.0 -0.18844636 -0.0 0.0 -0.0 0.0 -0.09337972 0.0 0.06774981 0.0 -0.0 -0.0 -0.078864485 0.0 -0.0 -0.0 -0.0 -0.0 -0.0 0.0 0.0 -0.09232597 0.0 0.0 0.07851875 -0.0 0.0 -0.0 -0.0 0.0 -0.0 -0.0 0.0 -0.0 -0.0 0.06715356 -0.0 -0.0 0.0 0.15855296 0.0 0.0 -0.0 -0.0 -0.0 0.0 0.0 -0.0
0.0 0.0 0.0 -0.0 0.0 0.10846417 -0.0 0.0 -0.0 -0.0 0.0 0.0 0.0 -0.0 0.10997287 0.0 -0.0 -0.0 0.0 0.0 0.0 -0.0 -0.0 -0.09713276 0.0 0.13043644 0.07904315 -0.13303828 0.11659634 0.0 0.13014501 0.0 0.0 0.0 0.0 0.0 -0.0 -0.10035443 -0.0 0.0 -0.0 -0.0 -0.0 -0.0 0.0 -0.0 -0.09101994 0.0 0.0 -0.09808012 0.0 -0.0 -0.0 0.0 0.0 0.30054697 -0.0 0.0 0.0 -0.09701208 -0.0 0.0 -0.0 -0.0
-0.0 0.0 0.0 0.0 0.0 0.2114952 0.0 0.0 0.17779836 -0.0 -0.37901044 -0.2652989 0.0 0.0 0.0 0.0 0.0 -0.26464725 0.0 0.0 0.0 -0.0 -0.120549485 0.0 -0.0 0.18356687 0.0 -0.0 0.18254237 0.077427685 -0.0 0.0 0.0 -0.0 -0.0 -0.0 -0.0 -0.24366517 0.11862834 -0.3116596 0.0 -0.21814717 0.0 -0.27683696 0.0 -0.0 -0.15366437 -0.0 0.0 -0.0 0.0 0.0 -0.0 0.20596597 0.14932244 0.26258317 0.14216302 0.0 0.0 -0.36449936 0.0 0.0 0.0 0.0
-0.0 -0.0 -0.0 -0.0 0.0 0.21693198 0.09711117 0.0 -0.079232015 0.18015452 0.0 0.0 -0.0 -0.0 -0.0 0.0 -0.21106988 -0.1613129 0.0 0.0 0.0 0.0 0.08684885 0.14570354 0.08901153 0.13354142 -0.0 -0.0 0.0 0.0 -0.0 -0.0 0.0 -0.0 0.0 0.0 -0.0 -0.15280432 0.0 0.0 -0.0 -0.0 -0.69056976 -0.0 -0.0 0.0 0.0 0.0 0.0 0.0 -0.0 0.0 0.0 -0.0 -0.0 0.2762084 -0.0 0.0 -0.0 0.0 0.0 0.0 -0.36817962 -0.0
-0.0 -0.0 0.16997226 0.0 0.0 -0.0 -0.0 0.0 0.0 0.0 -0.0 -0.0 -0.0 -0.0 0.0 0.0 0.0 0.28070864 -0.0 0.0 0.0 0.0 0.0 0.0 0.0 -0.0 -0.0 0.0 0.0 -0.0 -0.0 -0.0 0.0 0.0 -0.0 -0.0 -0.0 0.13084555 0.0 0.0 -0.0 0.0 0.0 -0.0 0.30219078 0.0 0.0 0.0 0.0 0.0 -0.0 -0.0 -0.0 0.0 0.0 -0.0 -0.0 -0.57855904 0.0 0.0 -0.0 -0.0 -0.0 -0.30588114
0.0 -0.120633945 0.0 -0.0 0.0 -0.0 -0.0 -0.0 -0.0 0.0 0.0 -0.096366316 0.0 -0.0 0.0 0.0 0.0 0.29154947 -0.0 -0.0 0.0 -0.0 -0.0 0.0 -0.0 -0.0 0.0 -0.0 -0.0 -0.0 -0.0 0.11967741 -0.0 0.0 0.0 -0.0 0.0 0.18627611 -0.0 0.0 -0.0 -0.0 -0.0 0.0 -0.0 -0.0 0.0 0.0 -0.0 0.0 0.0 -0.0 0.0 0.0 0.0 -0.29053533 0.105718486 -0.0 -0.10692844 0.0 -0.5944618 -0.0 0.0 0.09867204
0.09166362 0.0 -0.0 -0.099187404 0.0 -0.122650236 0.0 -0.0 0.0 0.0 -0.0 -0.0 0.0 -0.21785851 0.1253227 -0.17608264 0.0 0.12727195 -0.0 -0.0 0.0 0.19129993 0.2694047 -0.22184645 -0.10707944 -0.0 0.0 0.0 0.0 -0.0 0.0 -0.0 0.160148 0.0 0.0 -0.0 0.2161977 0.34702897 0.0 -0.0 -0.11831379 0.0 0.0 -0.0 0.08170394 -0.0 -0.0 -0.16205965 -0.0 0.13355775 0.0 0.0 0.24202877 -0.0 -0.25255832 -0.16976716 0.0 0.0 0.0 -0.10503132 0.0 0.0 -0.28317535 -0.0
-0.0 -0.0 0.0 0.0 0.0 -0.49512678 0.0 -0.0 -0.0 -0.0 -0.0 -0.0 -0.0 0.0 -0.0 -0.0 0.0 0.0 -0.0 -0.0 -0.0 0.0 -0.0 -0.0 -0.0 -0.0 -0.0 -0.0 -0.0 -0.0 -0.0 -0.0 -0.0 0.0 -0.0 -0.0 0.0 0.0 0.0 0.0 0.0 -0.0 -0.0 -0.0 0.0 0.0 -0.0 -0.0 -0.0 -0.0 -0.0 -0.0 -0.0 0.0 -0.0 -0.0 -0.0 -0.0 0.0 -0.0 -0.0 -0.0 -0.0 -0.0
0.0 -0.0 -0.0 -0.0 -0.0 0.0 -0.0 0.0 -0.0 -0.0 -0.0 -0.0 -0.0 -0.0 -0.0 -0.0 -0.0 -0.0 -0.0 -0.0 -0.0 -0.0 -0.0 -0.0 0.0 0.0 0.0 0.0 -0.0 0.0 -0.0 0.0 -0.0 -0.0 0.0 0.0 -0.0 -0.0 -0.0 -0.0 -0.0 0.0 0.0 0.0 -0.0 0.0 0.0 -0.0 -0.0 0.0 0.0 -0.0 -0.0 -0.0 -0.0 0.0 -0.0 -0.0 -0.0 -0.0 -0.0 -0.0 -0.0 0.0
-0.1522966 -0.0 0.0 0.0 0.0 -0.57430637 -0.109761834 -0.0 0.0 -0.17311487 0.26745063 0.0 -0.0 0.0 0.0 0.2684185 -0.20714337 -0.2988211 0.0 -0.0 0.0 0.1749713 -0.0 0.0 -0.3685609 -0.48348352 -0.0 0.0 -0.0 0.0 0.0 -0.0 -0.27728644 -0.0 -0.0 -0.0 0.0 -0.40697023 0.0 0.0 -0.0 0.0 -0.0 0.19438982 0.0 -0.0 0.0 0.2631657 0.0 0.0 -0.0 0.0 0.16984117 -0.1673763 0.26521364 0.26054507 0.21943486 0.0 -0.0 -0.24929966 -0.0 -0.0 -0.0 0.0
0.0 -0.0 -0.0 0.0 -0.0 0.0 -0.0 0.0 -0.0 -0.0 -0.0 -0.0 -0.0 -0.0 -0.0 -0.0 -0.0 -0.0 -0.0 0.0 -0.0 0.0 0.0 -0.0 -0.0 0.0 -0.0 -0.0 0.0 0.0 -0.0 -0.0 0.0 -0.0 -0.0 -0.0 0.0 -0.0 -0.0 -0.0 -0.0 -0.0 -0.0 -0.0 -0.0 -0.0 -0.0 -0.0 -0.0 -0.0 -0.0 -0.0 -0.0 -0.0 -0.0 0.0 -0.0 -0.0 -0.0 -0.0 -0.0 -0.0 -0.0 0.0
-0.0 0.0 -0.0 0.0 -0.0 -0.0 -0.0 -0.0 0.0 -0.0 0.0 0.0 -0.0 -0.0 0.0 -0.0 0.0 0.0 0.0 -0.10701074 0.0 -0.0 -0.0 -0.0 0.0 -0.10645047 -0.0 -0.1444891 0.0 -0.0 -0.13633916 -0.0 -0.0 0.10582892 -0.0 0.0 -0.16987048 0.0 0.0 0.0 0.0 0.0 -0.0 0.0 0.0 0.13288364 0.0 -0.1281586 0.0 -0.0 -0.0 -0.14003526 -0.0 0.09906742 -0.0 -0.13200997 -0.0 -0.0 -0.0 0.0 -0.0 0.0 -0.0 -0.0
0.0 -0.100337595 0.0 0.0 0.0 0.083498806 0.0 0.0 0.0 0.0 0.08645108 0.0 0.0 -0.19394177 0.0 0.0 -0.0 -0.0 -0.0 -0.0 0.0 -0.0 0.0 0.0 0.0 0.0 0.0 0.0 0.08950645 0.0 0.0 0.0 0.0 -0.0 0.0 0.0 -0.0 -0.0 0.0 0.0 -0.17144729 0.0 0.0 -0.0 0.0 -0.0 0.0 -0.0 0.0 0.0 0.0 0.0 0.14409673 0.07342837 0.0 0.07509442 0.0 -0.0 0.0 0.06686465 -0.112422734 0.0 -0.10822836 0.0
0.0 -0.0 0.0 0.0 0.0 0.11091888 0.060362525 0.0 -0.0 -0.0 -0.0 0.0 0.0 -0.23987964 -0.0 0.0 -0.0 -0.25700778 0.0 0.0 -0.0 0.0 -0.0 0.12472294 -0.0 0.0 0.0 -0.30704236 0.0 0.0 0.16143468 0.0 0.08735098 -0.0 0.0 -0.0 -0.0 -0.16238526 0.0 -0.0 0.14503913 -0.0 -0.0 -0.12426331 0.0 0.0 -0.0 -0.11030693 0.0 0.0 0.0 0.072333224 -0.09229458 0.09705378 -0.0 0.21975489 -0.0 0.0 -0.0 -0.09393699 0.0 0.0 -0.0 0.0
0.0 -0.0 0.0 -0.12899084 0.0 -0.1806968 0.13167453 -0.0 -0.0 -0.30427167 -0.23813406 -0.18806958 -0.0 -0.0 0.09952291 0.15490256 0.0 0.25564352 0.0 0.14374481 0.057625424 0.077036515 -0.0 0.11142545 -0.24201044 -0.10768115 0.0 -0.0 0.107186526 0.0 0.0 0.0 0.15605386 0.1853591 -0.0 0.0 0.0 0.28290886 0.14005421 -0.0 0.0 -0.12370531 0.10856823 -0.0 0.07094373 -0.0 -0.21744077 -0.2214341 0.0 0.17906342 0.0 -0.0 0.1155895 0.073628314 -0.18961449 -0.41356477 0.12453252 -0.0 0.07654152 -0.38173002 0.0 0.0 -0.0 0.0
-0.0 0.0 -0.16446191 0.0 0.0 0.0 0.0 0.0 0.0 0.0 0.0 0.0 -0.0 -0.0 0.0 -0.0 0.0 0.0 -0.0 0.0 0.0 -0.0 -0.0 -0.0 0.0 0.24186076 -0.0 -0.0 0.0 -0.0 -0.0 -0.24621166 0.0 -0.0 -0.0 0.0 0.0 0.0 0.0 -0.0 -0.0 0.0 -0.0 0.0 -0.0 0.0 0.0 0.0 0.0 0.0 -0.0 0.0 0.0 0.0 0.0 0.0 0.0 -0.0 -0.0 0.0 -0.0 -0.0 -0.0 -0.0
-0.12291415 -0.2149827 -0.0 0.0 -0.18849444 -0.13860066 0.0 0.0 0.0 -0.0 -0.0 -0.16218849 -0.16943428 0.0 -0.0 -0.0 0.1457668 0.28779772 0.0 0.0 0.0 -0.0 -0.0 -0.0 0.0 -0.10332271 -0.0 0.0 0.0 0.0 -0.0 -0.0 0.0 0.14087877 -0.0 -0.0 0.0 0.12412245 -0.13857105 0.14149241 0.0 -0.1383635 -0.0 0.0 0.0 -0.0 0.0 0.0 -0.0 -0.0 -0.0 -0.093894094 0.0 0.0 -0.0 -0.31004056 0.0 -0.0 0.0 -0.0 0.3014967 -0.0 0.0 -0.08944188
0.0 0.0 -0.0 0.0 0.0 -0.0 0.21563539 -0.0 -0.28466666 -0.0 0.14284422 0.0 -0.0 0.0 -0.0 0.21442144 0.0 0.33491227 -0.0 0.116163895 -0.0 -0.18399207 -0.0 0.20472378 -0.0 0.0 0.0 0.0 -0.0 0.0 -0.0 -0.0 -0.0 0.0 -0.0 -0.26118368 -0.26643932 0.0 -0.0 0.1785067 -0.0 0.0 0.0 -0.0 0.0 -0.3655258 -0.111024946 0.0 -0.0 -0.0 0.0 -0.0 -0.23090784 -0.0 -0.0 -0.20012039 -0.15119317 0.0 0.0 0.0 -0.0 -0.0 -0.0 -0.0
-0.0 0.048081104 0.0 0.0 0.0 -0.061767094 -0.0 0.0 0.0 -0.0 0.0 -0.0 0.0 0.13201515 0.0 0.0 0.0 0.08833268 -0.0 0.0 -0.0 -0.13247795 0.13768263 -0.0 -0.0 -0.0 0.0 0.07615053 0.06798992 -0.0 -0.086773284 0.0 0.0 -0.0 0.0 -0.0 -0.0 0.07328203 -0.0 -0.09893845 -0.082154006 0.0 0.0 0.07490819 0.0 0.0 0.0 -0.0 -0.0 0.0 -0.0 -0.11586843 0.0 -0.07167406 0.0 -0.07081698 0.0 0.0 0.0 0.0 0.0 -0.0 0.0 0.0
-0.0 0.0 -0.0 -0.0 -0.0 0.10134155 0.11312008 0.0 -0.0 0.06674779 0.08999459 -0.07228815 0.0 0.0 0.0 0.15242 -0.0 -0.2868708 -0.0 0.15308982 0.0 -0.0 0.0 0.11013057 0.06680877 0.06388004 -0.0 -0.0 0.0 -0.0 -0.0 -0.0 -0.0 -0.14858706 -0.0 -0.20067005 -0.0 -0.13506201 0.0 -0.0 0.0 -0.08991478 0.10952879 -0.116326675 -0.0 -0.3269194 -0.08026927 0.11143463 -0.0 -0.08726924 -0.0 0.0 -0.0 0.0 0.101436414 0.105648845 0.0 -0.0 -0.0 0.06538778 0.0 0.0 -0.17827202 0.0
-0.061638378 0.0 0.0 0.0 0.0 -0.07477941 0.0 -0.0 0.0 0.07409271 -0.06952248 0.0 0.0 -0.0 -0.0 0.0 0.0 0.2032513 0.0 0.0 -0.0 0.0 0.0 0.0 0.0 -0.096581735 -0.0 0.117901035 0.0 -0.0 0.0 -0.0 0.0 0.1572568 -0.0 0.0 0.0 0.0 0.0 -0.0 -0.049368426 0.0 0.0 0.0 0.15753618 0.11293505 0.0 -0.0 -0.0 0.0 -0.08400607 -0.0 0.07633263 -0.07217252 -0.0 -0.08732652 -0.0 -0.0 0.0 0.0 -0.0 -0.0 -0.0 0.0
-0.0 -0.0 -0.0 0.0 -0.5885018 -0.0 -0.0 -0.41423625 0.0 -0.0 -0.0 0.0 -0.1092101 0.0 -0.0 0.0 0.0 0.21044189 0.1088801 -0.0 -0.0 -0.0 0.0 0.0 0.0 -0.0 0.0 0.0 0.0 -0.14819106 0.0 -0.0 -0.0 0.0 -0.0 0.0 0.0 0.07976315 -0.0 -0.0 -0.0 -0.0 0.0 0.0 0.0 0.0 0.0 0.0 -0.0 0.0 0.0 0.0 -0.0 0.0 0.0 -0.12744483 0.0 0.0 0.0 -0.0 -0.0 -0.0 0.0 -0.14353745
0.0 0.0 0.0 0.0 -0.0 0.05332067 0.0 0.0 0.0 0.0 0.077781886 0.0 0.0 0.0 0.0 0.0 -0.0 -0.12140346 0.0 0.0 0.11821372 0.0 0.0 0.0 0.08329018 0.064119145 0.0 0.0 0.0 0.0 0.0 0.0 0.0 -0.06368047 0.0 0.06479753 0.08676814 -0.14917304 0.0 -0.0 0.0 -0.0 -0.0 0.0 -0.10692405 -0.0 0.0 0.0 0.0 0.0 0.0 0.0 -0.0 0.060150538 0.0 0.054685358 0.06755008 -0.0 -0.0 -0.0 0.0 0.0 0.0 0.0
-0.0 0.0 0.0 -0.0 0.0 0.0 -0.0 -0.0 -0.0 -0.097528026 0.0 0.0 0.0 -0.0 -0.0 -0.0 0.0 0.06999506 0.0 -0.0 0.0 -0.11672007 -0.08035006 -0.0 -0.0 -0.0 0.0 0.11448603 -0.0 0.0 0.14587483 -0.0 -0.15075019 0.08024893 -0.0 -0.0 -0.100877464 -0.0 0.08095793 -0.0 0.0 -0.0 -0.0 0.0 -0.0 0.0 0.0 -0.0 0.0 -0.0 -0.0 -0.078020714 -0.14466728 0.0 -0.0 0.12558144 0.09529007 0.0 0.0 0.0 -0.0 0.0 -0.07698617 0.0
0.0 -0.0 0.0 0.0 0.0 0.12936084 0.0 0.0 -0.0 0.0 0.06120346 -0.0 0.0 0.0 0.0 0.0 -0.0 -0.086127065 -0.0 0.0 0.0 0.0 0.0 0.0 0.0 0.10890793 -0.0 -0.0 0.07908629 0.0 -0.0 0.0 0.0 -0.07590231 -0.0 0.0 -0.0 -0.052909646 0.0 0.0 -0.0 -0.0 0.0 0.0 -0.0 0.0 -0.0 0.0 0.0 0.0 0.0 0.05211641 0.0 -0.0 0.0 0.12527001 0.0 0.0 -0.0 0.0 0.0 0.0 0.0 0.0
-0.0 0.0 -0.0 -0.0 -0.0 -0.19465011 0.0 -0.0 0.0 -0.0 -0.0 -0.1405411 0.0 0.0 0.21923637 0.0 0.0 0.17514698 -0.0 0.0 0.0 -0.0 0.0 -0.0 0.0 -0.0971787 -0.0 -0.0 0.0 0.0 0.0 -0.0 0.0 0.0 0.0 -0.0 0.0 0.10552916 0.0 0.12845494 -0.0 -0.0 0.0 -0.0 0.0 -0.0 -0.0 0.0 -0.5896266 -0.0 -0.0 -0.0 0.0 0.0 -0.0 -0.15878122 0.0 0.0 0.1206792 -0.0 -0.0 0.15847266 0.0 -0.0
-0.0 -0.0 -0.0 0.11121764 -0.0 -0.0 0.0 0.0 0.0 -0.0 -0.0 -0.0 -0.0 0.0 0.0 0.0 0.0 0.24835655 -0.0998262 -0.0 -0.0 0.0 -0.0 0.0 -0.0 -0.0 0.0 -0.0 -0.0 -0.0 0.0 -0.0 0.0 0.0 -0.0 0.0 0.0 0.12241129 0.0 0.0 0.0 0.0 0.0 0.0 0.0 -0.0 -0.0 -0.0 0.39575458 -0.0 -0.0 0.0 0.0 -0.0 0.0 -0.30352664 -0.0 0.09026097 0.0 -0.0 -0.12147695 -0.46495432 -0.0 -0.0
0.0 0.0 0.0 -0.22301534 0.0 -0.0 -0.0 -0.0 0.0 -0.0 -0.0 0.0 0.0 0.0 -0.0 0.0 0.0 0.2106211 0.0 -0.0 0.09791169 0.0 -0.0 0.0 -0.0 -0.13074723 0.0 -0.0 0.0 -0.0 -0.0 0.0 -0.0 0.0 0.0 0.0 0.0 0.12288064 -0.0 -0.0 -0.0 0.0 -0.0 0.0 0.0 0.0 0.08038742 0.0 0.1561833 0.0 0.0 -0.0 0.0 0.0 -0.0 -0.50176716 0.0 -0.0 -0.0 0.0 0.10332295 -0.5782925 0.0 0.0
-0.0 -0.15835926 -0.0 -0.18935814 0.0 -0.17432593 -0.0 -0.0 -0.0 0.0 -0.0 -0.0 -0.0 -0.0 -0.0 -0.0 0.0 0.0 0.0 0.0 0.0 -0.0 0.0 -0.0 0.0 -0.13677152 -0.0 0.0 0.0 -0.0 0.0 -0.0 -0.0 0.0 -0.0 0.0 -0.0 0.0 -0.0 -0.0 -0.0 -0.0 0.0 -0.0 -0.0 -0.0 -0.0 0.0 0.0 -0.0 -0.0 -0.0 -0.0 -0.0 0.0 -0.0 0.0 -0.0 -0.0 0.0 0.0 0.0 0.0 -0.0
-0.0 0.0 0.0 0.0 0.0 0.0 0.0 -0.0 0.0 -0.16799654 0.0 0.0 0.0 0.0 -0.0 -0.08235905 0.0 0.0 0.0 -0.0 0.10519023 -0.07145517 -0.1273378 -0.070356876 0.06631235 0.0829304 -0.0 -0.0 -0.0 0.0 0.0 0.0 -0.18541668 0.0 -0.0 0.14151779 -0.0 -0.12246572 0.0 0.0 0.0 0.10678303 -0.0 0.07550332 0.0 0.10752963 0.086407915 -0.0 0.0 0.0 -0.0 -0.0 -0.0 -0.0 -0.0 0.0 -0.0 0.0 0.06814456 0.0 0.0 0.0 -0.0 0.0
-0.0 0.0 -0.0 0.0 -0.0 0.0 -0.0 -0.0 -0.0 0.0 -0.0 0.0 -0.0 0.0 0.0 0.0 0.0 0.0 -0.0 0.0 0.0 -0.0 0.0 0.0 0.0 0.0 -0.0 0.0 0.0 0.0 -0.0 -0.0 -0.0 0.0 -0.0 0.0 0.0 0.0 0.0 0.0 -0.0 0.0 0.0 -0.0 -0.0 0.0 0.0 0.0 -0.0 0.0 -0.0 -0.0 0.0 0.0 0.0 -0.0 -0.0 0.0 -0.0 0.0 0.0 0.0 0.0 0.0
-0.0 -0.0 -0.0334206 0.0 -0.0 -0.08807355 0.0 -0.0 0.0 -0.03876594 -0.0 0.0 -0.0 -0.14239456 -0.0 0.0 -0.0 -0.057261568 0.0 0.0 0.0430683 -0.075543545 -0.10183133 0.0 0.0 -0.07077972 -0.0 -0.0 -0.06609171 -0.0 -0.0 -0.0 -0.0 0.0 -0.0 0.053163916 -0.050213084 -0.17432858 -0.0 -0.0 -0.12973976 0.0 -0.0 0.0546639 -0.0 0.0 0.0 0.0 -0.0 0.061992098 -0.0 -0.10973849 -0.07361658 -0.0 0.042766273 -0.076891445 -0.0 -0.0 -0.0 -0.0 -0.0 -0.0 -0.0 -0.0
-0.0 -0.1656109 -0.10265813 -0.19819298 -0.35610396 0.0 0.0 -0.0 0.0 0.0 0.0 0.0 0.0 0.0 -0.0 0.0 -0.0 -0.09822652 -0.14959161 -0.0 -0.0 -0.0 -0.0 0.0 0.0 0.0 -0.0 0.0 0.0 0.0 0.0 -0.0 0.0 -0.0 0.0 0.0 0.0 -0.09193897 -0.0 0.0 -0.0 0.0 0.0 0.0 -0.0 0.0 0.0 -0.0 -0.0 0.0 -0.0 0.0 -0.0 0.08841458 -0.0 0.20308667 0.0 0.0 0.0 0.0 -0.15746127 0.0 0.0 0.0
-0.0 0.0 0.0 -0.0 0.0 -0.0 -0.0 -0.0 -0.0 -0.1023081 -0.0 -0.0 -0.0 0.0 -0.0 0.0 0.0 0.21835558 -0.0 0.0 -0.0 0.0 -0.0 -0.0 -0.0 -0.0 -0.0 0.0 -0.0 -0.0 0.0 -0.0 -0.0 0.0 -0.0 -0.0 0.0 0.19980507 -0.0 0.0 0.15504481 -0.0 0.0 -0.0 0.0 0.0 -0.0 -0.0 -0.0 0.0 -0.0 -0.0 -0.12180776 -0.0 -0.0 -0.18947875 -0.0 -0.0 0.0 -0.0 0.0 -0.0 0.0 0.0
-0.0 -0.0 -0.0 -0.0 0.0 -0.0 -0.0 -0.0 -0.0 -0.0 0.0 -0.0 0.0 0.0 0.0 -0.0 0.0 0.0 -0.0 -0.0 -0.0 -0.0 -0.0 -0.0 -0.0 -0.0 0.0 -0.35886025 -0.0 -0.0 -0.3934338 -0.0 0.0 0.0 -0.0 -0.0 0.0 0.2695893 -0.0 0.0 -0.0 0.0 -0.0 -0.0 -0.0 -0.0 -0.0 -0.0 -0.0 -0.0 -0.0 0.0 0.0 -0.0 -0.0 -0.0 -0.0 -0.0 -0.0 0.0 0.0 0.0 -0.0 -0.0
-0.0 0.0 -0.0 0.0 -0.0 0.26262668 0.18430798 -0.0 0.0 0.0 -0.34926596 -0.18463719 -0.0 0.14887255 -0.0 0.13941881 0.0 0.0 -0.0 0.1148353 -0.0 -0.0 0.0 0.11694379 -0.0 0.28420007 -0.0 0.20551462 -0.22822553 -0.0 0.15061764 -0.0 0.08221855 -0.0 -0.0 -0.0 0.0 -0.0 -0.0 -0.18141103 0.20658399 0.16727455 -0.36084762 -0.2222126 -0.0 -0.0 0.0 0.20519504 0.0 0.0 -0.0 -0.12605254 -0.2910158 -0.30031252 0.23862 0.32400385 -0.34396774 0.0 0.0 -0.26231366 0.0 -0.0 -0.0 -0.13894776
0.0 -0.0 0.0 0.20450461 0.0 -0.0 -0.0 -0.0 0.0 -0.19791317 0.0 0.13962947 -0.0 -0.0 -0.27809173 0.12882075 0.21729322 0.27943134 0.0 0.0 -0.2700345 0.111173406 -0.0 0.11188821 0.15817827 -0.0 -0.0 0.11857788 0.0 -0.0 0.0 -0.0 0.14605887 -0.0 0.0 -0.16434738 0.0 0.11135198 -0.2936787 0.19782417 -0.17589773 0.13744496 0.0 0.22333772 0.0 -0.108008645 0.12818086 -0.0 -0.0 -0.16188174 -0.0 -0.17724776 0.0 -0.13890988 -0.0 -0.25660732 -0.19310291 0.0 0.0 0.0664378 -0.14877719 -0.0 -0.09726284 0.0
0.0 -0.0 0.0 0.0 0.0 -0.0 -0.0 -0.0 -0.0 0.095729105 -0.0 0.0 0.0 0.0 0.0 -0.0 0.0 0.0 0.0 -0.0 0.0 0.0 0.0 -0.0 -0.096266076 -0.0 -0.0 0.0 -0.0 0.0 -0.0 0.0 0.0 0.15513726 0.0 0.0 0.0 0.25785926 0.0 0.0 0.0 0.0 0.0 0.0 0.0 0.12473163 -0.0 0.0 0.0 -0.0 -0.0 0.107112885 0.17431535 -0.14310348 0.0 -0.08508476 -0.0 -0.0 0.0 -0.14860474 0.0 -0.0 -0.12944143 0.0
0.0 0.0 0.0 -0.0 0.0 -0.11741005 -0.0 0.0 -0.14074135 0.098054096 -0.0 0.0 0.0 0.07409455 0.0 0.14343858 0.0 0.16751593 -0.0 -0.0 -0.24680209 0.0 0.0 0.09593374 -0.11983831 -0.09337368 0.0 -0.0 0.10031906 0.0 -0.0 0.0 0.0 -0.06769471 0.0 -0.27965683 0.0 0.21813166 0.0 0.0 0.082565635 -0.0 -0.0 -0.21442115 0.0 -0.15253223 -0.10193117 0.111765206 -0.0 -0.15618815 0.0 0.0 0.092501625 -0.0 0.116631255 -0.18555287 -0.0 0.0 0.0 0.08828855 -0.0 0.0 0.0 0.0
-0.0 0.0 0.0 0.0 0.0 0.21266918 -0.29540035 0.07131224 0.0 0.16505972 0.0 0.16502503 0.0 0.0 -0.09905447 -0.26516572 0.11540428 -0.3215448 -0.0 -0.25204885 -0.1735473 -0.0 0.1027378 -0.22385716 0.20323476 0.2242687 -0.0 0.0 -0.167591 0.0 0.0 0.0 -0.09285763 -0.09360461 0.0 0.0 0.09845822 -0.11565451 -0.11376373 0.0 -0.0 0.0 0.10989199 0.0 -0.0 0.11398346 0.27460024 0.13495204 -0.0 -0.23892394 -0.0 0.0 -0.0 -0.112140685 0.10386546 0.3876583 -0.1634625 0.07049119 0.0 0.12034614 -0.0 -0.0 -0.07802923 0.0
0.0 -0.0 -0.0 0.0 -0.0 -0.15721248 0.0 -0.0 0.10804474 -0.100079164 -0.1708979 -0.0 -0.0 0.13696562 0.0 -0.0 0.091485016 0.11539117 0.0 0.0 -0.0 0.0 0.0 -0.0 -0.0 -0.0 0.0 -0.268983 -0.0 0.0 -0.284542 0.0 -0.0 -0.10742668 0.0 0.14698644 -0.0 0.13073143 -0.0 -0.0 0.13096309 0.12742876 -0.0 -0.17801687 -0.0 -0.0 0.14000234 0.0 0.0 0.27716115 0.13226397 0.0 0.0 -0.0 -0.0 -0.08858152 -0.255421 -0.089716606 -0.0 -0.14426264 -0.0 -0.0 -0.0 0.0
0.0 -0.0 0.0 0.0 0.0 -0.0 0.0 -0.0 -0.0 -0.30068955 -0.0 -0.0 0.0 -0.084575534 -0.0 0.0 0.23875548 0.3348035 0.0 0.078197636 0.09866027 -0.09912399 -0.251057 -0.0 0.083682045 -0.0 0.07479405 0.0 -0.16064428 0.0 0.0 -0.0 -0.30722073 0.17485504 0.0 -0.0 -0.0 -0.0 -0.0 -0.0 -0.11127865 0.0 0.0 0.0 0.0 0.0 0.0 0.0 0.0 0.0 -0.0 -0.3290072 -0.51101166 -0.0 0.0 -0.30059093 0.15284291 0.0 0.1305677 -0.0 -0.12882596 -0.0 0.0 0.0
-0.0 0.0 -0.09335255 -0.24253894 -0.0 0.0 0.0 0.0 0.0 0.0 0.0 -0.0 -0.0 -0.0 0.0 -0.0 -0.0 -0.25827068 0.16652949 0.0 -0.0 0.0 0.0 -0.0 0.0 0.0 -0.0 -0.26820004 0.0 0.0 0.14932692 -0.0 0.0 -0.06912342 -0.0 -0.0 0.0 -0.08134438 -0.16204889 0.07149476 0.0 0.09461764 0.0 -0.15127604 0.0 0.0 0.0 -0.0 -0.0 -0.0 -0.06932854 0.077657804 -0.0 0.0 -0.0 0.24886054 -0.0 0.0 -0.0 0.0 0.0 0.0 -0.0 0.0
0.0 -0.0 0.0 -0.17481656 -0.0 0.0 -0.34307903 -0.0 0.17329425 -0.24466138 -0.38671947 -0.40674123 -0.0 0.0 0.27867988 -0.0 0.25846153 0.22136524 0.0 -0.37379155 -0.260701 -0.0 -0.21197626 -0.0 0.28103346 0.0 0.0 -0.109214306 0.26963854 -0.0 0.0 -0.0 0.12975997 -0.19684482 0.0 -0.0 -0.06688716 0.18097371 0.24283707 -0.3734152 0.0 -0.1809553 0.0 0.0 0.0 -0.0 0.20861228 0.22708248 0.0 -0.29245877 0.0 0.21322261 0.0 0.23735513 0.24942496 -0.21933737 0.14893477 -0.0 0.0 -0.22971383 0.0 0.0 0.0 -0.0
0.0 0.0 -0.0 -0.0 0.0 0.0 -0.27036628 -0.0 -0.6175991 -0.0 0.0 -0.0 -0.0 -0.11470804 0.0 0.0 0.0 0.44177434 -0.0 -0.134519 -0.0 0.0 -0.0 0.0 -0.0 -0.0 0.0 0.26780108 -0.0 0.0 0.25798017 -0.0 -0.0 0.32726064 -0.0 -0.25435257 0.07986619 0.09905168 0.0 0.0 -0.11844671 0.0 0.14997981 0.0 -0.0 -0.19882762 -0.0 0.0 -0.0 -0.37184027 0.0 -0.076284096 -0.0 0.0 -0.0 -0.2419725 0.19906752 -0.0 0.0 -0.0 0.0 -0.0 0.19059055 -0.0
0.0 -0.0 -0.0 -0.0 -0.0 0.08723538 -0.0 0.0 0.0 0.0 0.0 -0.0 -0.0 -0.0 0.13280085 0.0 -0.0 -0.18170089 -0.56687325 0.0 -0.0 0.0 -0.0 -0.0 0.0 0.13833715 -0.0 -0.0 -0.0 0.0 0.0 -0.0 0.0 -0.12845984 0.0 0.0 -0.0 -0.14936447 0.0 0.0 -0.0 -0.12816833 0.0 0.0 -0.0 0.0 0.0 0.0 -0.17025772 -0.0 -0.0 0.0 -0.0 0.0 0.0 0.2763467 -0.0 -0.0 -0.0 -0.0 -0.0 -0.32595715 0.0 -0.0
-0.0 -0.0 -0.0 0.0 -0.0 -0.0 -0.0 0.0 0.0 0.0 0.0 -0.0 -0.889418 -0.0 0.0 0.0 -0.0 0.44979727 -0.0 0.0 0.0 0.0 -0.0 -0.0 0.0 0.0 0.0 0.0 0.0 -0.0 -0.0 -0.0 -0.0 -0.0 -0.0 -0.0 0.0 0.0 0.0 -0.0 -0.0 0.0 -0.0 0.0 0.21314996 -0.0 0.0 0.0 0.0 0.0 -0.0 -0.0 0.0 -0.0 -0.0 -0.0 0.0 -0.43559334 0.0 -0.0 -0.0 -0.0 -0.0 -0.20708394
-0.0 0.0 0.0 0.0 0.17819348 0.26776487 -0.0 0.0 0.0 -0.0 0.0 0.0 0.0 -0.0 -0.0 -0.0 -0.0 -0.0 -0.0 -0.0 0.0 -0.0 -0.0 0.0 -0.0 0.13257976 0.0 0.0 -0.24228944 -0.0 0.0 0.18083459 -0.0 -0.18556172 -0.0 -0.0 -0.0 -0.0 0.1602961 -0.0 -0.0 -0.17082462 -0.0 0.0 -0.0 -0.0 0.0 -0.0 0.0 0.0 0.18691765 -0.0 0.0 -0.0 0.0 -0.0 0.0 -0.0 -0.0 -0.0 -0.0 0.0 0.0 -0.0
0.0 0.0 0.0 0.0 0.0 0.091550164 -0.0 0.0 -0.0 0.11561374 0.0 0.0 0.0 -0.2531715 -0.090103365 -0.0 -0.08251379 -0.21150208 0.0 -0.0 -0.0 -0.0 -0.0 -0.0 0.0 0.0 0.0 0.11744533 -0.12622622 0.0 -0.19315992 0.12452056 -0.0 -0.1326468 0.0 -0.0 -0.0 -0.1504434 0.0 -0.0 0.15530625 -0.0 -0.0 0.0 0.0 0.0 0.0 0.0 0.0 -0.0 0.0 0.0 -0.0 -0.0 0.0 0.24201407 0.0 -0.0 -0.0 0.105904594 0.0 0.0 -0.0 0.0
-0.0 -0.0 -0.0 0.17414884 -0.0 0.2233126 0.0 0.0 0.0 0.0 0.0 0.0 0.0 0.0 0.0 0.0 -0.0 -0.40985772 0.17242347 0.0 0.0 0.0 0.0 -0.0 -0.0 0.13689673 -0.0 0.0 -0.0 -0.0 0.0 -0.0 0.0 -0.0 -0.0 0.0 -0.0 -0.23067655 -0.0 -0.0 0.0 -0.0 0.0 -0.0 -0.0 0.0 -0.0 0.0 0.0 0.0 -0.0 0.0 0.0 0.0 -0.0 0.38945737 -0.0 -0.10752023 -0.0 0.0 0.0 -1.2106618 -0.0 0.0
0.0 0.0 -0.09396918 -0.2549023 -0.0 0.27206984 0.0 0.116860494 -0.0 -0.0 -0.0 -0.0 -0.14853588 0.0 -0.0 -0.0 -0.1280582 -0.20724095 0.103159286 -0.0 -0.0 0.0 0.0 -0.0 0.0 0.18238436 -0.0 0.0 -0.0 -0.0 0.0 -0.0 0.0 -0.0 -0.0 0.0 -0.0 -0.12548305 -0.0 0.0 0.0 0.0 -0.0 -0.0 -0.0 0.0 0.0 0.0 -0.54591423 0.0 0.0 0.0 -0.0 0.0 0.0 0.16244943 -0.0 -0.0 -0.0 -0.0 0.12428325 0.3659485 -0.0 0.0
-0.0 0.22335137 -0.0 0.0 -0.2246278 -0.21378496 -0.0 0.0 0.0 -0.0 0.2191661 0.0 -0.23565124 -0.0 0.0 -0.0 -0.32015142 -0.21955091 -0.0 -0.0 0.20323484 -0.18150549 -0.0 -0.0 -0.0 -0.19481985 -0.0 0.0 0.0 0.0 0.0 -0.16825299 -0.0 -0.0 -0.0 -0.0 0.2288671 -0.17870301 0.0 0.0 0.0 0.0 -0.0 0.0 0.0 0.0 -0.0 -0.0 -0.0 -0.0 -0.19275571 0.0 0.0 -0.0 -0.0 0.0 0.0 -0.0 0.0 -0.0 0.0 0.0 -0.0 0.0
-0.0 -0.19069365 -0.0 0.0 -0.0 0.26161104 0.0 -0.0 -0.11542226 0.30812562 -0.17272371 -0.28729025 0.0 -0.17093825 0.15810445 -0.36747044 -0.0 -0.0 0.17010152 -0.0 0.27659374 0.0 0.13680199 -0.31938842 -0.16123804 0.2515241 -0.0 0.0 -0.16476035 0.0 0.09769571 -0.0 -0.24582414 0.21920663 -0.0 -0.0 0.17611158 -0.42678273 0.26012236 -0.3915545 -0.0 -0.13538824 -0.0 -0.37573224 -0.0 -0.0 -0.30971622 0.18858603 0.0 0.20035392 -0.0 -0.0 -0.1451432 0.12768267 0.16983286 0.3913603 0.34583426 -0.0 -0.0 -0.0 -0.11982954 0.0 -0.0 0.0
0.0 -0.0 0.0 -0.0 -0.0 -0.0 -0.24890509 -0.0 -0.0 -0.091620564 -0.17099121 -0.0 -0.0 0.0 0.0 -0.0 0.12962613 0.09859501 0.0 -0.20959967 -0.099536024 0.0 -0.0 0.0 0.13392356 -0.0 -0.0 -0.0 0.19011286 -0.0 0.0 -0.0 0.0 0.0 0.0 -0.0 -0.0 0.0 0.0 -0.0 0.0 -0.0 -0.0 -0.0 0.0 -0.0 0.0 0.0 0.0 -0.19557804 -0.0 0.118659995 0.13137229 0.15030657 0.0 -0.15362722 0.10116737 -0.0 -0.0 0.0 -0.0 0.0 0.0 0.0
0.0 -0.0 0.0 0.0 0.0 0.0853563 0.0 0.0 0.0 0.0 -0.0 -0.0 0.062422004 -0.11419419 0.0 0.0 -0.0 -0.30033386 -0.0 0.0 0.09444325 0.06646533 0.0927967 0.07695692 0.0 0.0 0.0 -0.15905981 -0.0 0.09168252 -0.13457344 0.07204141 0.10222058 -0.094315745 0.0 0.075890705 0.055642497 -0.27143806 -0.0 -0.0 -0.15277681 0.077376515 -0.05846057 -0.0 0.0 0.05773794 0.078099936 0.0 -0.0 0.0 0.0 -0.0 -0.0 -0.0 0.0 0.0 -0.0 0.0 0.0 0.0 0.0 0.0 0.0 0.0
-0.0 0.0 0.0 0.0 0.0 -0.0 0.0 -0.0 0.0 -0.0 -0.0 -0.0 0.0 0.0 0.06959839 -0.0 0.1048672 0.09763555 0.0 0.0 0.0 -0.0 -0.0 -0.0 -0.0 -0.11821373 -0.0 -0.0 -0.0 -0.0 -0.0 -0.0 -0.0 0.0 -0.0 0.0 -0.0 0.07558091 -0.0 -0.0 -0.06539307 0.0 0.0 0.0 -0.0 -0.0 0.0 -0.0 0.0 0.0 -0.0 -0.09944658 -0.0 -0.0 0.0 -0.11343924 -0.0 0.0 -0.0 -0.0 -0.0 0.0 0.0 -0.0
0.0 -0.15175211 -0.0 0.0 0.0 0.1384733 -0.3654162 -0.0 0.0 0.0 -0.43648303 -0.0 0.0 -0.09491855 0.09954256 -0.0 0.0 0.35591945 -0.0 -0.29244715 0.0 0.14728646 0.35786635 -0.16176637 -0.35360533 0.0 0.0 -0.0 -0.19990346 0.0 -0.0 -0.0 0.11599171 0.1619593 0.0 0.11220668 0.083512805 0.2838523 -0.0 0.0 -0.0 0.2931279 -0.0 0.18689053 0.0 0.35439208 0.18138403 -0.0 0.0 0.0 0.0 -0.0 0.1513961 -0.3643105 -0.0 -0.24125208 -0.0 -0.0 -0.0 -0.46128696 -0.0 -0.0 0.0 -0.0
-0.0 -0.0 0.0 0.0 0.0 -0.0 0.0 -0.0 0.0 0.0 0.0 0.0 0.0 -0.0 0.0 0.0 0.0 -0.0 0.0 0.0 0.0 -0.0 0.0 0.0 -0.0 0.0 4.5712085 -0.0 0.0 -0.0 0.0 4.7298822 -0.0 -0.0 0.0 0.0 0.0 -0.0 -0.0 -0.0 -0.0 -0.0 -0.0 -0.0 0.0 0.0 -0.0 0.0 -0.0 0.0 3.6635532 -0.0 -0.0 -0.0 0.0 0.0 -0.0 -0.0 0.0 0.0 0.0 -0.0 -0.0 -0.0
-0.0 -0.0 -0.0 -0.0 0.0 -0.0 -0.0 -0.0 -0.0 -0.0 -0.0 0.0 -0.31603244 0.0 -0.0 -0.0 0.0 0.25998384 0.16653149 0.0 0.0 0.0 0.0 0.0 0.0 0.0 0.0 0.0 -0.0 -0.19646987 0.0 0.0 0.0 0.0 -0.0 -0.0 0.0 0.0 -0.0 0.0 -0.0 0.0 -0.0 0.0 0.16253583 0.0 -0.0 0.0 -0.19338636 0.0 0.0 -0.0 0.0 0.0 -0.0 -0.19380678 0.0 -0.5454598 0.0 0.0 0.0 0.0 0.0 -0.24776924
0.0 0.0 0.0 0.0 0.0 -0.0 0.0 0.0 -0.0 0.0 -0.0 0.0 -0.0 0.0 0.066951394 0.0 0.044534426 0.081274256 0.0 0.0 0.0 -0.0 -0.0 0.0 0.0 -0.0 -0.0 -0.0 0.054038282 0.0 0.0 -0.0 0.0 0.045600146 0.0 0.0 -0.0 0.054857064 -0.0 0.0 0.0 -0.0 0.0 -0.0 0.0624287 0.0 -0.0 0.0 0.0 -0.0 -0.0 -0.038392205 -0.0 0.0 -0.0 -0.038398873 -0.04564618 0.0 0.0 0.0 0.0 0.0 -0.0 0.0
-0.0 0.0 -0.0 0.0 -0.0 -0.0 0.0 -0.0 0.3421978 -0.0 0.0 0.0 0.0 0.20411476 0.0 -0.0 -0.0 -0.0 0.0 0.0 0.1590837 0.0 -0.0 0.0 -0.0 -0.0 -0.0 0.0 0.0 -0.0 0.0 0.0 0.0 -0.0 -0.0 -0.9263528 0.0 0.0 0.0 0.0 0.0 -0.1942669 -0.0 -0.0 -0.0 0.2745412 -0.38833982 -0.0 0.0 -0.32487166 -0.0 0.0 0.0 -0.0 0.0 0.0 -0.0 0.0 -0.23149323 0.0 -0.0 0.0 0.0 0.35823587
-0.0 0.0 -0.0 -0.0 0.0 -0.0 -0.0 0.0 -0.0 0.0 0.0 0.0 0.0 -0.0 -0.0 -0.0 -0.0 -0.0 0.0 -0.0 -0.0 0.0 0.0 0.0 -0.0 0.0 0.0 0.0 -0.0 -0.0 -0.0 -0.0 0.0 -0.0 0.0 -0.0 0.0 0.0 0.0 -0.0 0.0 0.0 0.0 -0.0 -0.0 -0.0 -0.0 0.0 -0.0 -0.0 0.0 0.0 0.0 0.0 -0.0 0.0 -0.0 0.0 -0.0 0.0 0.0 -0.0 0.0 0.0
-0.0 -0.0 0.0 0.0 -0.0 -0.0 0.28657785 -0.0 -0.20128974 0.3340137 0.12716626 -0.0 -0.0 0.0 -0.0 -0.30265182 0.0 0.22312938 0.0 0.0 0.39563513 -0.0 0.24220459 -0.25120637 -0.26607817 -0.0 0.0 -0.0 -0.26366672 0.0 -0.0 -0.0 -0.3741817 0.2561499 -0.0 -0.0 0.0 0.0 0.0 -0.0 0.0 -0.0 -0.0 -0.29014978 0.0 -0.27135783 -0.49749058 0.0 0.0 0.4217528 0.0 -0.12807627 -0.0 -0.0 0.0 -0.18890089 0.23048267 -0.0 0.0 0.0 0.0 0.0 0.0 -0.0
-0.0 0.0 -0.0 0.0 -0.0 0.11093505 0.0 -0.0 0.0 -0.0 0.0 -0.0 0.0 0.0 0.0 0.0 -0.0 0.0 0.0 -0.0 -0.0 0.0 0.0 0.0 -0.0 0.0 -0.0 0.08651088 0.0 0.0 -0.0 -0.0 0.0 -0.0 -0.0 -0.0 -0.0 0.0 0.0 -0.0 0.0 0.0 0.0 0.0 0.0 -0.0 0.0 -0.0 0.0 0.0 -0.0 -0.0 -0.0 0.0 0.0 0.0 0.0 0.0 -0.0 0.0 0.0 0.0 0.0 0.0
-0.0 0.0 -0.0 -0.26164913 0.0 0.113675416 0.0 0.0 0.0 0.0 0.0 0.11087509 0.0 0.07660212 -0.20518829 0.0 -0.08044186 -0.20692962 0.10447077 0.0 0.0 0.0 0.0 -0.0 0.0 0.0 0.0 0.08067283 0.08343877 0.0 -0.2388105 -0.0 0.0 -0.08064545 0.0 0.068746895 -0.0 -0.15424362 0.075125135 -0.1877037 -0.0 -0.0 -0.0 0.0 -0.0 0.0 0.0 -0.0 -0.0 0.0 -0.0 0.07524781 -0.0 -0.0 -0.0 0.28248397 -0.0 0.0 -0.062206138 0.0 0.06383171 0.0 -0.0 -0.0
-0.0 -0.0 -0.0 0.0 -0.0 0.0 0.0 -0.0 0.0 -0.0 -0.0 -0.0 0.0 -0.0 0.0 -0.0 -0.0 -0.0 -0.0 -0.0 0.0 -0.0 -0.0 -0.0 -0.0 0.0 -0.0 -0.0 -0.0 0.0 0.0 -0.0 -0.0 -0.0 -0.0 -0.0 0.0 -0.0 -0.0 -0.0 -0.0 -0.0 -0.0 -0.0 -0.0 -0.0 -0.0 -0.0 0.0 -0.0 -0.0 -0.0 0.0 -0.0 -0.0 0.0 -0.0 -0.0 -0.0 -0.0 -0.0 -0.0 -0.0 -0.0
-0.0 0.0 0.0 0.0 0.0 -0.19283746 -0.0 -0.0 -0.0 0.0 -0.06231721 -0.03968173 0.0 -0.0 -0.0 0.0 0.06615173 0.26699188 -0.0 -0.0 -0.0 0.0 0.06391326 0.0 -0.0 -0.14452884 0.0 0.19462338 -0.06702975 -0.0 -0.2719099 0.0 -0.0 0.0 0.0 -0.0 0.0 0.16192435 0.0 -0.0 0.0 0.06773711 -0.0 -0.0 0.0 -0.0 0.0 0.0 -0.0 0.0 0.0 -0.0 0.0 -0.0 0.0 -0.2694083 0.052502677 -0.0 0.0 -0.0 0.0 0.0 0.0 0.0
-0.0 -0.0 -0.0 0.0 -0.0 -0.0 0.0 -0.0 -0.0 -0.0 -0.0 -0.0 0.0 -0.20041457 -0.0 -0.0 -0.0 -0.0 0.0 0.0 -0.0 -0.0 -0.0 -0.0 -0.0 -0.0 -0.0 0.0 -0.0 -0.0 -0.2885819 -0.0 -0.0 0.0 -0.0 -0.0 -0.0 -0.0 0.0 -0.0 -0.0 -0.0 0.0 -0.0 -0.0 -0.0 -0.20222755 -0.0 -0.0 -0.0 -0.0 -0.24178997 -0.0 0.0 -0.0 -0.0 -0.25409794 0.0 -0.0 -0.0 -0.0 0.0 0.0 -0.0
0.0 0.0 -0.0 -0.0 -0.0 -0.0 0.0 0.25244486 0.0 -0.0 -0.0 0.0 -1.0352794 0.0 -0.0 -0.0 0.0 0.15588975 0.0 -0.0 0.0 -0.0 -0.0 0.0 -0.0 -0.0 -0.0 0.0 0.0 0.0 0.0 0.0 -0.0 0.0 0.0 -0.0 -0.0 0.0 0.0 -0.0 0.0 0.0 0.0 -0.0 0.0 0.0 -0.0 -0.0 0.0 -0.0 0.0 0.0 -0.0 0.0 0.0 -0.22038086 -0.0 -0.0 0.0 -0.0 0.0 0.121885546 0.0 0.1865275
-0.0 0.0 -0.0 0.0 0.0 -0.0 0.0 0.12928176 -0.0 -0.0 -0.0 0.0 -0.4901418 0.0 0.0 -0.0 0.0 0.19221099 0.0 0.0 -0.0 0.0 -0.0 -0.0 -0.0 -0.0 0.0 0.0 0.0 -0.18534869 -0.0 0.0 -0.0 0.0 -0.0 -0.0 0.0 0.10992046 0.0 -0.0 -0.0 -0.0 0.0 -0.0 0.0 -0.0 0.0 0.0 -0.0 0.0 0.0 -0.0 -0.0 -0.0 0.0 -0.18930626 0.0 -0.73472214 0.14478925 -0.0 0.0 0.0 -0.0 -0.24066257
-0.0 -0.31499124 0.0 0.0 -0.0 0.0 -0.0 0.0 -0.0 -0.13615961 0.0 0.0 0.0 0.3765944 -0.0 -0.15429771 -0.0 0.0 0.0 -0.0 0.0 -0.21009883 -0.0 -0.16801819 -0.0 0.0 0.0 0.0 -0.0 -0.0 -0.0 0.0 -0.18837227 -0.17775518 -0.0 -0.0 -0.285643 0.0 0.0 0.0 0.36216244 -0.0 -0.0 0.0 -0.0 -0.0 0.0 -0.16273467 -0.0 -0.0 0.0 0.0 -0.0 -0.0 -0.0 -0.0 -0.0 0.0 -0.0 0.0 -0.2785296 0.0 -0.0 0.0
0.0 -0.0 0.0 -0.0 0.0 -0.067541495 -0.08323698 -0.0 -0.24141288 0.0 0.0 0.099537335 0.0 -0.111165896 0.0 -0.0 0.0 0.17916036 -0.0 -0.07399205 0.12579758 -0.0 -0.0 -0.0 0.0 -0.0 0.0 -0.0 0.1196359 -0.0 -0.16906838 0.0 -0.0 0.13304223 -0.0 -0.0 -0.09890383 0.07120109 0.0 0.07980124 -0.0 0.0 -0.5006394 0.12393634 0.0 0.0 0.0 -0.0 -0.0 -0.0 0.0 -0.0 0.11898674 0.1024596 -0.0 -0.3595264 0.06394605 0.0 0.0 0.1485414 -0.0 -0.0 -0.4944064 0.0
-0.0 0.0 -0.0 0.0 -0.0 -0.27872965 -0.0 0.0 0.0 0.0 -0.0 0.0 -0.0 -0.0 -0.0 -0.0 0.0 0.0 -0.0 -0.0 -0.32274538 -0.0 0.0 -0.0 -0.0 -0.0 -0.0 -0.0 -0.0 -0.0 -0.0 -0.0 -0.0 -0.0 -0.0 -0.0 0.0 0.0 -0.0 0.0 0.0 -0.0 0.0 -0.0 -0.0 -0.0 0.0 0.0 -0.0 -0.0 -0.0 -0.0 -0.0 -0.0 0.0 -0.0 -0.38667607 0.0 -0.0 0.0 0.0 0.0 -0.0 -0.0
3.2073834 -0.0 0.0 0.0 -0.0 0.0 -0.0 0.0 -0.0 -0.0 -0.0 -0.0 -0.0 -0.0 0.0 -0.0 0.0 0.0 -0.0 -0.0 0.0 -0.0 0.0 0.0 0.0 0.0 1.7721083 0.0 -0.0 0.0 0.0 0.0 0.0 0.0 1.2504478 -0.0 -0.0 0.0 -0.0 0.0 0.0 0.0 -0.0 -0.0 0.0 -0.0 -0.0 -0.0 -0.0 -0.0 1.5264517 -0.0 -0.0 0.0 -0.0 -0.0 -0.0 0.0 0.0 -0.0 0.0 -0.0 -0.0 0.0
-0.0 -0.0 0.0 0.0 0.0 -0.0 -0.0 -0.0 -0.0 -0.0 -0.0 -0.0 -0.0 -0.0 -0.0 0.0 0.0 0.0 -0.0 0.0 0.0 -0.0 -0.0 0.0 0.0 -0.0 -0.0 0.0 0.0 -0.0 -0.0 -0.0 -0.0 0.5002288 -0.0 0.0 -0.0 -0.0 0.0 -0.0 -0.0 -0.0 -0.0 0.0 0.0 0.0 0.0 -0.0 -0.0 0.0 -0.0 -0.0 -0.0 0.0 -0.0 -0.0 0.0 -0.0 0.0 -0.0 -0.0 -0.0 -0.0 0.0
0.0 -0.0 -0.0 -0.0 -0.0 0.0 -0.0 0.0 -0.0 -0.0 0.0 -0.0 -0.0 -0.0 -0.0 -0.0 -0.0 -0.0 -0.0 -0.0 -0.0 -0.0 -0.0 -0.0 -0.0 0.0 -0.0 -0.0 0.0 0.0 -0.0 -0.0 -0.0 -0.0 0.0 -0.0 -0.0 -0.53337735 -0.0 -0.0 -0.0 0.0 -0.0 -0.0 -0.0 -0.0 -0.0 -0.0 -0.0 -0.0 -0.0 0.0 -0.0 -0.0 -0.0 0.0 -0.0 -0.0 0.0 -0.0 -0.0 -0.0 -0.0 0.0
0.11060982 -0.0 0.0 -0.0 0.0 0.32052642 0.0 0.0 -0.14221391 -0.0 0.0 0.0 0.0 -0.11104786 -0.0 0.0 -0.0 -0.0 -0.10536568 0.0 0.094999835 0.0 0.0 -0.0 0.0 0.25138816 0.0 -0.17298102 -0.0 0.0 -0.17073165 0.0 0.0 -0.0 0.0 0.0 -0.0 -0.0 -0.0 0.0 -0.0 0.17238887 0.0 0.15998508 -0.0 -0.0 -0.0 -0.0 -0.0 0.0 0.12923853 0.0 0.0 0.0 0.0 0.0 0.0 0.0 -0.0 -0.0 -0.0 0.0 -0.0 0.0
0.0 -0.2852743 0.0 0.0 -0.06995943 -0.088066205 -0.0 -0.0 0.0 0.0 -0.0 0.0 -0.0 -0.11254918 -0.0 0.0 0.07426473 0.14074875 0.0 0.0 -0.0 -0.0 0.0 0.0 -0.0 -0.0 -0.0 -0.0 0.0 -0.0 0.0 -0.0 0.0 0.059752524 0.0 -0.0 0.0 0.10551673 0.0 -0.0 0.12882222 -0.0 -0.0 0.0 0.0 -0.0 0.08508467 0.0 0.0 -0.0 -0.0 -0.0 0.0 -0.0 0.0 -0.25941372 0.0 -0.0 -0.0 0.0 0.13336787 -0.0 0.0 0.0
-0.0 0.0 0.15155365 0.0 -0.0 -0.0 -0.0 -0.0 -0.0 0.0 -0.0 -0.0 0.0 -0.0 -0.0 -0.0 -0.0 0.0 0.0 -0.0 -0.12541002 0.0 0.0 -0.0 -0.0 -0.0 -0.0 0.0 0.0 -0.0 -0.0 -0.0 0.0 0.0 -0.0 -0.16853262 -0.0 0.0 -0.0 -0.0 0.0 -0.0 -0.0 -0.0 -0.0 0.0 -0.100399494 -0.0 -0.0 -0.0 -0.0 -0.0 0.0 -0.0 -0.0 -0.32172558 -0.0 0.0 -0.0 0.0 -0.0 -0.0 -0.0 -0.0
0.0 0.0 -0.0 0.0 0.0 0.0 0.02758751 -0.0 0.0 0.03004821 0.028215557 0.0 -0.0 0.0 0.0 0.03707444 0.046854537 0.0 -0.0 0.045514867 0.045171008 0.04719487 0.0 0.0 0.028897988 0.0 -0.0 0.0 0.04022518 -0.0 0.025433833 -0.0 0.0 0.024187252 0.0 0.035938412 0.051731784 0.023766829 0.0 0.0 0.0 0.0 0.058330096 0.040365223 0.025436997 0.0 0.02758922 0.02803195 0.0 0.024375089 -0.0 0.0 0.04013241 0.03437725 0.0 0.0 0.03702855 -0.0 0.0 0.036127917 0.0 0.0 0.03914164 -0.030618949
0.0 -0.09634972 -0.09851013 0.095145985 -0.0 -0.0 -0.0 -0.11256468 0.0 -0.0 -0.0 -0.0 -0.0 -0.104890905 -0.11550171 -0.0 0.0 0.0 0.0 0.0 -0.0 -0.0 -0.0 -0.0 -0.0 -0.0 -0.0 -0.0 -0.0 -0.0 -0.0 -0.0 -0.09360503 0.0 -0.0 0.0 -0.11120067 -0.0 -0.0 -0.16232596 -0.10454222 -0.0 -0.0 -0.0 -0.0 -0.0 -0.0 -0.0 -0.0 -0.0 0.0 -0.11250367 -0.0 -0.0 0.0 -0.18658505 -0.0 -0.10154935 -0.0 -0.09257777 -0.11580297 0.0 -0.0 -0.0
-0.0 0.0 -0.0 0.0 0.0 0.0 -0.0 0.0 0.0 0.0 0.0 0.0 -0.0 0.0 0.0 0.0 -0.0 -0.0 0.0 -0.0 -0.0 0.0 0.0 0.0 0.0 0.0 -0.0 -0.0 -0.0 -0.0 -0.0 -0.0 0.0 -0.0 -0.0 0.0 0.0 0.0 0.0 0.0 -0.0 -0.0 0.0 -0.0 -0.0 0.0 0.0 0.0 0.0 0.0 0.0 0.0 0.0 0.0 0.0 0.0 0.0 -0.0 -0.0 0.0 0.0 -0.0 0.0 -0.0
0.0 0.0 0.0 -0.0 0.0 0.0 -0.0 0.0 -0.0 0.0 0.0 -0.0 0.0 0.073864244 0.0 0.0 -0.090538815 -0.0 -0.085816406 -0.0 -0.0 0.0 0.08723049 -0.0 -0.06460393 0.0 0.0 -0.07440454 0.0 0.0 -0.05085052 0.0 0.0 -0.0771927 0.0 -0.0 0.0 0.13520737 0.0 -0.0 0.09020013 -0.0 0.0 -0.11304296 0.0 -0.12610541 -0.07498279 0.0 -0.0 -0.06606902 0.0 0.10058424 0.08949998 -0.0 -0.0 -0.0 -0.0 0.0 0.0 -0.0 0.0 -0.0 0.0 0.0
0.4822988 -0.0 -0.0 0.0 -0.0 1.5337595 -0.0 -0.0 0.0 -0.0 -0.16609442 -0.0 -0.0 -0.0 0.0 -0.0 -0.0 0.44928098 0.0 -0.0 0.0 -0.0 0.0 -0.0 -0.0 1.5463892 -0.0 -0.0 -0.0 -0.0 -0.0 -0.25666758 -0.0 0.0 0.0 0.0 0.0 0.0 0.0 -0.0 0.0 0.0 0.0 -0.0 -0.46530804 -0.22760259 0.0 0.0 0.0 -0.0 0.62104744 -0.0 0.0 0.0 0.0 -1.4047699 0.0 -0.0 -0.0 -0.0 -0.0 0.0 0.0 -0.0
-0.0 0.0 0.0 0.0 0.0 -0.2236134 -0.0 -0.0 0.0 0.0 -0.0 0.0 0.0 -0.0 -0.0 -0.12380555 0.12534723 0.11501107 -0.0 -0.0 -0.22149701 -0.0 -0.0 -0.17579003 0.13411124 -0.19173774 -0.0 -0.0 -0.34235755 -0.0 -0.0 0.0 -0.0 0.0 -0.0 -0.0 0.0 0.1941527 -0.0 0.08623231 0.0 0.0 0.0 0.117007725 0.0 -0.0 0.16135775 0.0 0.0 -0.14891961 -0.0 -0.09977511 -0.0 -0.32842764 0.08055011 -0.14742018 -0.18039912 0.0 0.0 0.0 0.0 0.0 0.0 0.0
-0.0 0.08770762 -0.09670413 0.13251294 0.21792722 -0.0 -0.0 0.07355759 -0.0 -0.0 -0.0 0.0 0.109407134 -0.0 0.0 0.0 0.0 -0.0 0.110563226 -0.0 0.0 -0.0 -0.0 -0.0 -0.0 -0.0 -0.0 -0.0 0.0 0.1348296 -0.0 -0.0 -0.0 -0.0 -0.0 0.0 0.0 -0.08901789 0.058442824 -0.0 -0.0 0.08761543 0.0 -0.0 -0.0828132 -0.0 -0.0 0.0 0.0 0.0 -0.0 -0.0 0.0 -0.0 -0.0 0.0 -0.0 0.060123593 -0.0 -0.0 0.14726844 0.0 0.0 0.0
-0.0 0.0 -0.0 0.0 0.0 0.0 0.0 0.0 0.0 0.0 0.0 0.0 0.0 0.0 0.0 0.0 0.0 0.0 0.0 0.0 0.0 0.0 0.0 0.0 0.0 0.0 0.0 -0.0 0.0 -0.0 0.0 0.0 0.0 0.0 -0.0 0.0 0.0 0.0 -0.0 0.0 0.0 -0.0 -0.0 -0.0 0.0 0.0 -0.0 -0.0 -0.0 -0.0 0.0 0.0 0.0 0.0 -0.0 -0.0 0.0 -0.0 0.0 0.0 0.0 0.0 -0.0 -0.0
0.0 0.0 0.0 0.0 -0.0 0.0 -0.0 0.0 0.0 0.0 0.028051069 0.0 0.0 0.0 -0.0 0.0 -0.0 -0.028338172 0.0 0.0 0.0 0.0 -0.0 0.0 0.0 0.041217484 0.0 0.030056803 -0.0 0.0 0.0 0.0 0.0 -0.0 0.0 0.028946731 0.0 -0.0 0.0 -0.0 -0.0 0.0 0.0 0.0 -0.0 0.0 0.0 0.0 0.0 0.0 -0.0 0.0 0.0 -0.0 0.0 0.07346256 -0.0 0.029863633 0.0 0.0 0.0 0.0 0.0 -0.0
0.0 -0.0 0.0 0.0 0.0 0.15656814 0.0 0.0 0.0 0.0 0.0 0.0 0.0 -0.0 0.0 0.0 -0.10142425 -0.2047336 0.0 -0.0 -0.0 -0.0 0.0 0.060906332 0.0 0.11780122 -0.0 -0.27434105 0.0 0.0 0.17987719 0.0 0.0 -0.06551472 -0.0 -0.0 -0.0 -0.16189334 -0.0 0.0 -0.0 -0.0 -0.0 -0.0 -0.0 -0.0 0.0 -0.0 -0.0 0.0 -0.0 0.0 -0.0 0.0 0.0 0.19701682 -0.0 0.0 -0.0 0.073318444 -0.0 -0.0 -0.0 0.0
0.0 0.0 0.0 -0.0 0.0 -0.10047074 0.15112033 -0.0 -0.40619606 0.0 0.0 0.0 0.0 -0.0 -0.0 0.0 0.0 0.19576564 0.0 0.078042455 -0.0 -0.0 -0.092146665 0.120422 0.19712754 -0.0 0.0 -0.10987496 0.0 0.0 0.0 0.0 -0.0 0.18462889 0.0 -0.27166364 0.0 -0.08870611 0.10113919 -0.0 -0.0 -0.0 0.0 -0.0 0.13365301 -0.08194548 0.0 0.15499565 -0.0 -0.13479501 0.0 -0.23270337 -0.23954381 0.12585798 0.14897922 -0.25750628 0.10622147 -0.0 0.0 0.25360048 0.0 -0.0 0.119909756 0.0
0.0 -0.0 0.28987277 -0.28335753 0.0 -0.0 -0.0 0.43813813 -0.0 -0.0 0.0 0.0 0.0 -0.0 -0.1957663 -0.0 0.0 0.10021484 -0.19529252 -0.0 0.0 0.0 -0.0 -0.0 -0.0 -0.10190339 0.0 -0.0 0.0 0.0 -0.0 0.0 -0.0 0.10587506 0.0 0.0 0.0 0.13296768 -0.0 -0.0 0.0 -0.12843914 0.0 0.0 0.0 0.0 0.0 -0.0 0.22452617 -0.0 0.0 0.0 0.0 -0.0 -0.0 -0.17478752 0.0 0.4582687 0.0 0.0 -0.0 0.22002178 0.0 -0.0
-0.0 0.19184485 -0.0 -0.25161508 -0.0 -0.18315618 0.0 0.0 -0.0 0.0 -0.0 0.22094597 -0.0 -0.0 -0.09701873 0.0 0.10889902 0.15220803 0.0 0.0 0.0 0.0 -0.0 0.0 -0.0 -0.17985615 0.0 -0.0 0.0 -0.0 0.0 -0.14892107 -0.0 0.15530244 -0.0 0.0 0.0 0.13651611 -0.07692652 -0.11150114 0.0 0.117709294 0.0 -0.0 0.0 -0.0 -0.0 0.0 -0.0 -0.0 -0.0 -0.0 0.0 0.0 -0.0 -0.22153692 0.0 0.0 0.0 -0.0 -0.2117197 -0.0 0.0 -0.15677549
-0.0 0.0 -0.0 0.0 -0.0 -0.0 0.0 0.0 0.0 0.0 0.0 0.17229524 0.0 0.0 0.0 0.0 0.0 0.22909084 0.0 0.0 0.0 0.0 0.0 0.0 0.13361143 -0.0 -0.0 0.14247912 0.0 -0.0 0.0 -0.0 0.0 0.13306181 -0.0 0.0 0.0 0.26792023 0.0 0.0 0.0 0.0 -0.0 -0.0 -0.0 0.0 0.0 0.0 0.0 0.0 -0.0 0.0 0.0 0.0 0.0 0.4224157 0.0 0.0 -0.0 0.0 0.0 0.0 -0.0 -0.0
-0.0 0.0 -0.0 0.0 0.0 0.17108935 -0.0 0.0 -0.1046897 0.08273719 0.09599278 0.0 0.0 0.0 0.0 0.0 -0.25126472 -0.12084202 -0.0 -0.0 -0.0696829 0.0 0.0 0.0 -0.17309082 0.101169854 0.0 0.15049472 0.109238535 0.0 0.0 0.0 0.0 -0.088282555 -0.0 -0.40289378 0.0 -0.091832414 0.0 -0.0 0.0 -0.0 -0.0 -0.1840806 -0.0 -0.26105002 -0.2901339 0.0 0.0 -0.30759847 -0.0 0.0 -0.0 -0.0 -0.0 0.23461339 -0.0 0.0 -0.0 0.0 0.0 -0.0 0.16447192 0.0
-0.0 -0.0 -0.0 0.1247355 0.0 0.11432808 0.0 0.0 0.0 0.0 0.07976758 -0.0 -0.0 -0.0 0.0 -0.0 -0.08134331 -0.10981353 -0.13298275 -0.0 -0.0 -0.0 -0.0 0.0 -0.0 0.0 0.0 0.0 -0.0 0.0 -0.0 0.0 -0.0 -0.107143335 -0.0 -0.0 -0.0 -0.126411 0.08448878 -0.0 -0.0 -0.096752405 -0.0 0.0 -0.0 -0.0 -0.0 -0.0 -0.0 0.0 0.0 0.0 -0.0 -0.0 0.0 0.21895932 -0.0 -0.0 -0.0 0.0 0.0 0.0 0.0 -0.0
0.0 0.0 -0.0 -0.0 0.0 0.0 -0.0 0.0 -0.0 0.0 0.0 -0.0 0.0 -0.26531002 -0.0 0.0 -0.0 -0.18339309 -0.0 0.0 0.0 0.13992065 0.123141095 0.0 0.0 0.0 -0.0 -0.0 0.10301842 0.0 -0.0 0.0 0.12701584 -0.0 0.0 0.0 0.10377004 -0.0 -0.0 -0.0 -0.2421285 0.0 -0.0 0.0 -0.0 0.0 0.0 0.0 -0.0 0.0 0.0 0.0 0.15667018 0.0 0.0 0.16147813 -0.0 0.0 -0.0 0.14023599 0.0 -0.0 0.0 0.0
-0.0 0.0 -0.0 -0.0 0.0 -0.0 0.0 -0.0 -0.0 -0.0 0.0 -0.0 -0.0 0.0 -0.0 -0.0 0.0 0.0 0.0 0.0 -0.0 0.0 0.0 -0.0 -0.0 -0.0 -0.0 0.0 -0.0 -0.0 0.0 -0.0 0.0 0.20353064 -0.0 -0.0 0.0 0.0 -0.0 -0.0 0.0 -0.0 0.0 -0.0 -0.0 0.0 -0.2691711 0.0 0.0 -0.0 -0.0 -0.13909058 0.0 0.0 -0.0 -0.3311688 -0.3360146 -0.0 0.0 -0.0 0.0 -0.0 0.0 0.0
-0.0 0.0 -0.0 -0.0 -0.0 -0.055707935 -0.0 -0.0 -0.0 -0.0 -0.057959266 -0.0 -0.0 -0.0 -0.0 -0.06476224 0.0 0.10043181 0.0 -0.0 -0.0 -0.0 -0.0 -0.0 -0.0 -0.0 -0.0 -0.0 -0.0 -0.0 -0.0 -0.06777425 -0.0 0.0 -0.0 -0.0 -0.0 0.11952508 -0.0 -0.0 -0.0 -0.0 -0.06399026 -0.0 -0.0 -0.0 -0.0 -0.0 -0.0 -0.0 -0.0 -0.0 0.0 -0.0 -0.0 -0.12398998 -0.0 -0.0 -0.0 -0.0 -0.0 -0.0 -0.0 -0.0
-0.0 0.0 -0.0 0.0 0.0 0.10362155 -0.0 0.0 0.101381004 -0.0 -0.0 -0.0 0.0 0.0 -0.0 -0.0 -0.0 0.0 0.0 -0.0 0.0 0.0 -0.0 -0.0 -0.25515547 0.0 0.0 0.25690466 -0.0 0.0 0.16007033 0.0 0.0 -0.3602668 0.0 -0.0 -0.0 -0.0 -0.0 -0.0 -0.0 0.0 0.0 0.0 -0.0 -0.13575879 0.0 -0.0 -0.0 -0.0 -0.0 0.0 0.0 0.0 0.0 0.26497975 -0.0 0.0 -0.09778394 -0.0 0.0 0.0 -0.0 0.0
-0.09689728 -0.184371 0.11425183 -0.2295603 -0.0 0.16556752 0.0 0.0 0.0 0.0 0.0 0.36881557 0.0 0.17674112 -0.41909826 -0.0 -0.0 -0.2206064 -0.0 0.0 0.0 -0.0 -0.0 0.0 0.10275271 -0.0 -0.0 -0.0 0.0 -0.0 0.0 0.0 0.0 0.0 -0.0 -0.0 0.0 -0.18206213 0.218283 -0.3696625 0.0 -0.55399346 -0.0 0.0 -0.0 0.0 0.0 -0.0 0.0 -0.0 0.0 0.0 -0.0 -0.0 0.0 0.29640475 -0.0 -0.0 -0.0 0.0 -0.22943024 0.0 0.0 0.0
-0.0 -0.0 -0.0 0.0 -0.0 0.0 -0.0 0.0 0.0 -0.0 0.0 0.10069914 -0.0 -0.0 0.0 0.0 -0.0 -0.15029486 0.0 0.0 0.0 0.0 -0.0 -0.0 -0.0 0.0 -0.0 -0.0 0.0 0.0 0.0 0.0 -0.0 -0.0 -0.0 -0.0 0.0 -0.0 -0.0 0.0 0.0 0.0 0.0 0.0 -0.0 -0.0 -0.0 -0.0 0.0 0.0 -0.0 0.0 -0.0 -0.0 0.0 0.22575502 -0.0 0.0 -0.0 -0.0 0.0 0.0 -0.0 0.0
-0.0 0.0 -0.0 -0.0 0.0 -0.0 -0.0 0.0 -0.0 -0.0 -0.0 0.0 0.0 0.0 0.0 0.0 -0.0 -0.0 -0.0 -0.0 -0.0 0.0 0.0 0.0 -0.0 -0.0 -0.0 -0.0 0.0 -0.0 -0.0 -0.0 0.0 0.0 -0.0 -0.0 0.0 0.0 -0.0 -0.0 0.0 -0.0 -0.0 -0.0 -0.0 -0.0 -0.0 -0.0 0.0 -0.0 -0.0 0.0 0.0 0.0 -0.0 -0.0 -0.0 -0.0 0.0 -0.0 0.0 -0.0 0.0 0.0
-0.0 -0.0 0.0 0.19775562 0.0 -0.10603137 0.0 -0.07414747 0.0 0.0 0.0 0.0 0.0 0.0 -0.0 0.0 0.0 0.13952744 -0.43885204 0.0 0.0 -0.0 0.0 0.0 0.0 -0.14301555 -0.0 -0.10711104 0.0 -0.0 0.099119626 0.0 -0.0 0.11521387 -0.0 -0.0 0.0 0.12972915 0.06862418 -0.0 0.0 -0.117989294 -0.0 0.06920328 -0.0 -0.0 0.0 -0.0 -0.0 0.0 0.0 -0.0 0.0 -0.0 0.0 -0.30743766 0.0 -0.0 0.0 0.09071784 0.0 -0.0 0.0 -0.0
-0.0 -0.0 -0.0 0.0 0.0 -0.0 -0.0 0.0 -0.0 -0.0 -0.0 -0.0 0.0 -0.0 0.0 -0.0 -0.0 -0.0 0.0 0.0 -0.0 -0.0 -0.0 -0.0 -0.0 -0.0 -0.0 -0.0 -0.0 -0.0 0.0 -0.0 -0.0 -0.0 -0.0 0.0 -0.0 -0.0 -0.0 0.0 -0.0 -0.0 0.0 -0.0 -0.0 -0.0 -0.0 0.0 0.0 0.0 -0.0 -0.0 -0.0 -0.0 -0.0 -0.0 -0.0 -0.0 -0.0 -0.0 -0.0 -0.0 -0.0 -0.0
-0.0 -0.0 -0.0 -0.0 0.0 -0.0 -0.0 0.0 -0.0 -0.0 -0.0 -0.0 -0.0 -0.0 -0.0 -0.0 -0.0 -0.0 -0.0 -0.0 -0.0 -0.0 -0.0 -0.0 -0.0 -0.0 -0.0 -0.0 -0.0 -0.0 -0.0 -0.0 -0.0 -0.0 -0.0 -0.0 -0.0 -0.0 -0.0 -0.0 -0.0 -0.0 -0.0 -0.0 -0.0 -0.0 -0.0 -0.0 -0.0 -0.0 -0.0 -0.0 -0.0 -0.0 -0.0 -0.0 -0.0 -0.0 -0.0 -0.0 -0.0 0.0 0.0 0.0
-0.0 0.0 -0.0 -0.0 0.0 -0.04575208 -0.032392487 0.0 -0.033399116 -0.034276154 -0.031064158 -0.027610948 -0.0 -0.0 -0.0 -0.0 -0.04449215 -0.044149205 -0.0 -0.0 -0.0 -0.0 -0.028253477 -0.026222201 -0.031617973 -0.053194538 -0.0 -0.0286237 -0.03441805 -0.0 -0.027691843 -0.0 -0.031172844 -0.036205232 -0.0 -0.029823283 -0.0 -0.043420844 -0.0 -0.02406934 -0.036841426 -0.0 -0.0 -0.0 -0.03761914 -0.041353542 -0.0 -0.0 0.0 -0.041794 -0.027189763 -0.0 -0.0 -0.037663616 -0.0 0.0 -0.032684524 -0.0 -0.026813522 -0.040174972 0.0 -0.0 -0.0 -0.0
0.0 -0.0 -0.0 0.0 0.0 -0.14245698 -0.15510356 -0.0 0.12144575 -0.0 -0.0 0.0 0.0 0.0 0.0 -0.32684183 0.0 0.23562472 0.0 -0.33389118 -0.0 0.14193867 0.0 -0.30204326 -0.0 -0.1895412 -0.0 -0.0 -0.0 0.0 -0.0 -0.0 0.0 0.0 0.0 -0.0 0.14369996 0.24145159 0.0 0.13761775 0.0 0.0 -0.0 0.07096805 -0.0 0.15091994 0.0 -0.35563377 0.0 0.0 -0.0 0.0 0.23353307 -0.0 -0.43395466 -0.13623717 0.0 -0.0 -0.0 -0.0 0.0 -0.0 -0.15333314 -0.0
-0.0 -0.091295876 -0.0 0.0 0.0 0.08998278 0.0 0.0 0.0 -0.0 0.0 -0.0 0.0 -0.0 -0.15319063 0.0 -0.0 -0.10873552 -0.0 -0.0 -0.0 0.0 -0.10278592 -0.0 0.0 0.0 -0.0 -0.0 -0.0 0.0 0.0 -0.0 -0.0 -0.0 -0.0 -0.0 0.0 -0.09756415 -0.0 0.112791486 0.0 -0.0 0.0 -0.0 -0.09439024 -0.0 0.0 0.0 -0.0 0.0 -0.0 0.0 -0.0 0.0 0.0 0.12996106 0.0 0.0 -0.0 -0.0 0.13043004 -0.0 -0.0 -0.0
-0.0 -0.0 -0.0 0.0 -0.0 -0.1444871 -0.0 0.0 0.0 -0.0784741 -0.13058896 -0.0 -0.0 -0.05740634 -0.0 -0.056825463 -0.07067846 -0.054714672 0.0 -0.0 -0.0 -0.054086395 -0.052621994 -0.06700462 -0.08349439 -0.15124932 -0.0 -0.050579797 -0.06556631 -0.0 -0.055645376 -0.0 -0.0 -0.051298276 -0.0 -0.0 -0.0 -0.07417067 -0.0 -0.0 -0.061425466 -0.0 -0.0 -0.0 -0.05670822 -0.0 -0.049129356 -0.06129044 -0.0 -0.0 -0.0 -0.07620953 -0.05337239 -0.072974615 -0.04772046 -0.0 -0.06933036 -0.0 -0.0 -0.0875386 0.0 -0.0 0.0 -0.0
-0.0 0.15804759 -0.0 0.0 0.0 -0.32606903 -0.24278969 0.0 0.10757948 -0.0 0.20195776 0.0 0.0 0.0 -0.1276539 -0.15222958 0.22542319 0.0 -0.0 -0.16081338 -0.11126801 0.0 -0.0 -0.12755279 0.13159737 -0.1528992 -0.0 -0.0 -0.0 0.0 0.0 0.0 -0.0 0.0 -0.0 -0.0 0.0 0.17014639 -0.17356434 0.20451826 0.0 0.0 0.0 0.2146836 0.0 -0.10336876 0.0 0.10198782 -0.0 -0.21128899 -0.0 -0.0 0.0 -0.0 0.0 -0.11100283 -0.091551706 0.0 0.0 0.0 0.0 -0.0 0.0 0.0
0.0 0.0 0.0 -0.0 0.100731246 -0.1092177 -0.15297337 0.13947302 -0.1351628 -0.0 -0.0 -0.0 0.13039483 0.0 -0.0 -0.10115199 0.0 0.18974991 -0.0 -0.12846631 -0.0 -0.0 -0.0 -0.0 -0.0 -0.0 -0.0 0.23240249 -0.0 0.0 0.17641398 0.109773576 -0.0 0.0 0.0 -0.0 -0.14096099 0.0 0.0 0.0 0.0 -0.0 -0.08503899 0.0 0.0 -0.1153945 -0.0 -0.094448626 -0.0 -0.0 -0.0 -0.14323181 -0.18604597 -0.0 -0.10218831 -0.108854115 0.0 0.12817134 0.0 -0.0 0.0 -0.0 -0.0 0.12193248
-0.0 -0.0 -0.0 -0.0 -0.0 -0.0 -0.0 -0.0 -0.0 -0.0 -0.0 -0.0 0.0 -0.0 -0.0 -0.0 0.0 0.0 0.0 -0.0 -0.0 -0.0 -0.0 -0.0 -0.0 -0.0 -0.0 -0.0 -0.0 -0.0 -0.0 -0.0 -0.0 0.0 -0.0 -0.0 -0.0 0.0 0.0 -0.0 -0.0 -0.0 -0.0 -0.0 -0.0 -0.0 -0.0 -0.0 -0.0 -0.0 -0.0 -0.0 -0.0 0.0 0.0 -0.0 -0.0 -0.0 -0.0 -0.0 -0.0 -0.0 -0.0 0.0
0.0 0.0 0.0 0.0 -0.0 0.20777926 -0.0 0.0 -0.0 -0.0 0.118403815 0.11957954 -0.0 0.11410474 -0.0 -0.1353624 -0.23933087 -0.19118267 0.0 -0.10117742 0.07815639 -0.25456065 -0.1009325 -0.0 -0.0 0.10680477 0.0 -0.0 0.0 0.0 0.0 0.0 -0.09215675 0.0 0.0 0.0 -0.26734775 -0.0 0.0 0.0 0.04474649 -0.0 -0.063779615 0.0 -0.0 0.09572249 -0.0 -0.18002178 0.0 -0.0 -0.0 0.1570668 -0.0 0.11656188 -0.17646097 0.24433815 0.0 -0.0 -0.0 0.15637338 0.0 0.0 -0.26309508 0.0
-0.0 0.0 -0.0 0.0 0.0 -0.11684969 0.0 -0.0 -0.0 0.0 -0.14396659 -0.0 -0.0 -0.2111836 0.0 0.0 -0.0 -0.0 0.0 0.0 -0.0 0.0 0.0 0.0 -0.0 -0.0 -0.0 -0.0 0.15880825 -0.0 -0.22382325 0.0 0.0 0.0 -0.0 -0.0 0.0 0.0 0.0 -0.0 -0.0 0.0 0.0 -0.0 0.0 -0.0 -0.0 0.0 0.0 0.0 0.0 -0.0 0.0 0.0 -0.0 -0.13193947 -0.0 -0.0 -0.0 0.0 0.0 0.0 -0.0 -0.0
0.5348851 0.0 0.0 0.0 -0.0 0.2850292 0.0 0.0 0.0 0.0 -0.0 -0.0 -0.2796871 -0.0 0.0 0.0 0.0 -0.0 0.0 -0.0 -0.0 0.0 0.0 -0.0 0.0 0.30481687 0.0 -0.0 -0.0 0.2771953 -0.0 -0.0 0.0 -0.0 0.21906352 0.0 0.0 -0.0 -0.0 0.0 -0.0 0.0 0.0 -0.0 0.0 0.0 0.0 0.0 0.0 -0.0 -0.0 0.0 -0.0 -0.0 0.0 0.0 -0.0 -0.0 0.0 -0.0 0.0 0.0 0.0 0.19439447
0.0 -0.0 0.0 -0.0 0.0 0.08987916 -0.0 0.0 -0.0 -0.17685984 0.0 0.0 0.0 -0.098412775 -0.0 -0.0 -0.0 0.0 -0.0 -0.0 -0.0 -0.08549546 -0.11477862 -0.0 0.0 0.10611175 0.0 0.0 -0.101290405 0.0 0.0 0.0 -0.12287554 -0.0 0.0 -0.0 -0.13442007 -0.26621562 -0.0 0.0 -0.085340165 0.0 0.0 0.0 -0.0 0.0 0.0 -0.0 -0.0 -0.0 0.0 -0.11462041 -0.12933196 -0.0775665 -0.0 0.0 -0.0 0.0 0.0 -0.0 -0.0 0.0 -0.0 0.0
0.0 0.0 -0.0 0.0 -0.0 -0.0 0.0 -0.0 0.0 0.0 0.0 0.0 -0.0 0.0 0.0 0.0 0.0 0.0 0.0 0.0 0.0 0.0 0.0 0.0 0.0 -0.0 -0.0 0.0 0.0 0.0 0.0 -0.0 0.0 0.0 -0.0 0.0 0.0 0.0 0.0 0.0 0.0 0.0 0.0 0.0 0.0 0.0 0.0 0.0 0.0 0.0 0.0 0.0 0.0 0.0 0.0 -0.0 0.0 0.0 0.0 0.0 0.0 0.0 0.0 0.0
-0.0 -0.0 0.0 -0.0 -0.0 -0.20079122 -0.0 -0.0 0.0 0.24980569 -0.0 -0.0 0.0 0.0 0.0 -0.0 -0.0 -0.0 -0.0 -0.0 0.0 -0.40647516 -1.0003211 -0.0 0.0 -0.3131189 -0.0 0.16932908 -0.0 -0.0 0.0 0.23324154 0.30789453 0.0 -0.0 0.0 0.4263628 -0.39299303 -0.0 0.0 0.0 -0.0 -0.0 0.20933746 0.0 -0.0 0.0 -0.0 -0.0 0.0 -0.0 -0.19229595 0.0 0.0 -0.0 0.0 0.0 -0.0 -0.13868172 0.0 0.0 -0.0 -0.0 0.19235992
-0.0 -0.0 -0.0 0.0 -0.0 0.0 -0.0 0.0 -0.0 -0.0 -0.0 -0.0 -0.0 -0.0 0.0 -0.0 -0.0 -0.0 -0.0 -0.0 -0.0 0.0 0.0 -0.0 -0.0 0.0 0.0 -0.0 -0.0 -0.0 0.0 0.0 -0.0 -0.0 0.0 0.0 -0.0 -0.0 -0.0 0.0 -0.0 0.0 -0.0 -0.0 -0.0 -0.0 -0.0 -0.0 -0.0 -0.0 0.0 0.0 -0.0 -0.0 -0.0 0.0 -0.0 -0.0 -0.0 -0.0 0.0 -0.0 -0.0 -0.0
-0.0 0.0 -0.0 -0.0 -0.0 -0.09028487 0.0 -0.0 -0.0 0.0 0.0 -0.0 -0.0 -0.0 0.0 0.0 -0.0 0.0 -0.0 0.0 -0.0 0.07995213 0.0 0.0 -0.0 -0.057909627 0.0 -0.0 0.0 -0.0 0.058690496 -0.0 0.12424584 0.06188013 -0.0 -0.0 0.09083923 0.15896946 -0.0 0.0 0.0 -0.06048509 -0.0 -0.074976586 -0.0 -0.13096783 -0.1487903 -0.0 -0.0 -0.08242261 0.0 0.0 0.0 0.0 -0.0 -0.07974094 -0.0 -0.0 0.0 -0.05575957 0.0 -0.0 0.0 -0.0
-0.0 -0.0 -0.0 0.0 -0.0 -0.0 -0.08107096 -0.0 -0.0 -0.0626939 0.0 -0.0 -0.0 -0.0 -0.0 -0.051027667 -0.06227686 0.0 0.0 -0.057046067 -0.054141898 -0.06971313 -0.06956286 -0.06381341 -0.03958805 -0.0 -0.0 -0.0 -0.0 -0.0 -0.0 -0.0 -0.059970982 0.0 -0.0 -0.0 -0.04511957 0.0 -0.0 -0.0 -0.0 -0.0 -0.0 -0.0 -0.0 -0.0 -0.06864184 -0.047642995 -0.0 -0.07436705 -0.0 0.0 -0.0 0.0 -0.050507944 0.051561207 0.0 -0.0 -0.0 -0.03699044 0.0 -0.0 -0.0 -0.0
-0.0 0.0 -0.0 -0.0 0.0 -0.0 0.10852363 -0.0 -0.0 -0.14920065 0.0 0.0 -0.0 0.0 -0.0 0.0 0.0 0.17637946 -0.0 0.0 0.0 -0.0 -0.0 0.0 -0.0 -0.0 0.0 0.13791123 -0.0 -0.0 0.0 -0.0 0.0 -0.0 -0.0 -0.0 -0.0 0.0 -0.0 0.0 0.0 0.0 0.0 0.0 -0.0 -0.13842922 -0.0 -0.0 0.0 -0.0 -0.0 -0.151264 -0.0 0.0 -0.0 -0.21223901 -0.14558895 0.0 -0.0 -0.13728625 0.0 0.0 -0.0 -0.0
0.0 -0.0 0.0 -0.0 -0.0 0.4779955 0.0 -0.30291772 -0.0 0.0 0.0 -0.0 0.0 0.0 0.0 0.0 0.0 -0.0 -0.0 0.0 -0.0 -0.0 -0.0 -0.0 0.0 0.3802176 0.3857038 0.0 0.0 0.0 0.0 0.23753943 0.0 -0.0 0.0 -0.0 0.0 -0.0 0.0 -0.0 0.0 0.0 0.0 0.0 -0.0 -0.0 0.0 0.0 0.0 -0.0 0.44761384 0.0 -0.0 0.0 0.0 0.0 -0.0 0.27830333 0.0 -0.0 -0.0 0.0 -0.0 -0.0
-0.0 -0.0 -0.0 -0.0 0.0 -0.0 -0.15205123 -0.0 -0.13753276 0.0 -0.0 0.0 -0.0 -0.0 -0.0 -0.0 0.0 0.0 -0.0 -0.0 -0.0 -0.0 -0.0 -0.0 -0.0 -0.0 0.0 -0.0 -0.0 -0.0 -0.0 0.0 -0.0 -0.0 -0.0 -0.0 -0.0 0.0 -0.0 -0.0 -0.0 -0.0 -0.0 -0.0 0.0 -0.0 -0.0 -0.0 -0.0 -0.0 0.0 -0.0 0.0 -0.0 -0.0 -0.0 -0.0 0.0 0.0 -0.0 -0.0 -0.0 -0.0 0.0
0.0 -0.0 -0.0 -0.0 0.0 0.058908153 -0.0 0.0 -0.0 -0.0 0.0831404 0.0 0.0 -0.0 -0.0 0.0 -0.085453 -0.1351912 -0.0 -0.0 0.0 -0.0 -0.0 0.0 -0.0 0.0771771 0.0 0.0 -0.0 0.0 0.0 0.0 -0.0 -0.08271052 0.0 -0.0 -0.06910394 -0.103071965 0.0 0.0 -0.0 0.0 -0.0 0.0 -0.0 -0.0 -0.0 0.0 0.0 -0.0 0.07149872 0.0 0.0 -0.0 0.0 0.14177549 0.0 0.0 -0.0 -0.0 -0.0 0.0 0.0 0.0
-0.0 0.3327353 -0.08733832 -0.086538024 -0.0 0.12627609 0.0 0.0 0.0 0.0 0.0 0.08994552 -0.11852144 -0.0 0.08584799 0.0 -0.0 -0.24317673 -0.0 -0.0 -0.0 0.0 -0.0 0.0 0.0 0.10709492 -0.0 -0.0 -0.0 0.0 -0.0 -0.13819948 0.0 -0.095824 -0.0 0.0 -0.0 -0.17954297 0.09965279 -0.08372211 0.0 -0.1558139 -0.0 0.0 -0.08912546 0.0 -0.0 -0.0 -0.0 0.0 -0.0 0.0 -0.0 0.0 -0.0 0.33192083 -0.0 -0.0 -0.0 -0.0 -0.3314291 -0.0 0.0 -0.08485918
-0.0 0.0 -0.0 0.0 0.0 0.1212835 0.08436463 0.0 0.09197127 -0.16395587 0.0 -0.0 0.0 0.16133974 -0.0 -0.139918 -0.0 -0.15962453 -0.0 0.0 0.0 -0.35901722 -0.40597293 -0.17437351 0.0 0.0 -0.0 0.0 -0.07152779 0.0 -0.0 0.0 -0.1589928 -0.0 -0.0 0.0672891 -0.15690358 -0.24832532 0.0 -0.0 0.13672604 0.0 -0.07258791 -0.0 -0.0 0.0 0.0 -0.08598106 0.0 0.15289101 -0.0 -0.12703648 -0.21213326 0.0 -0.058683477 0.335959 -0.0 0.0 -0.0 -0.0 0.0 0.0 -0.09780917 0.0
0.0 -0.0 0.0 0.0 -0.0 -0.5909991 0.0 -0.0 -0.0 -0.0 -0.0 -0.0 0.0 0.0 -0.0 -0.0 0.0 0.0 -0.0 -0.0 -0.0 -0.0 -0.0 -0.0 -0.0 -0.0 -0.0 0.0 0.0 -0.0 -0.0 -0.0 -0.0 0.0 -0.0 -0.0 -0.0 0.0 0.0 -0.0 0.0 -0.0 -0.0 -0.0 -0.0 0.0 -0.0 0.0 -0.0 -0.0 0.0 -0.0 -0.0 0.0 -0.0 -0.0 -0.0 0.0 -0.0 -0.0 -0.0 -0.0 -0.0 -0.0
-0.0 -0.0 -0.0 -0.28721362 -0.0 -0.0 -0.0 -0.0 0.0 0.0 -0.0 -0.0 0.0 -0.0 -0.0 0.09806425 0.0 -0.0 -0.22190739 0.0 -0.0 0.0 0.0 0.0 -0.0 0.0 -0.0 -0.3289388 0.0 -0.0 -0.29340675 -0.0 0.0 -0.20598824 -0.0 -0.0 0.0 -0.1092548 -0.0 -0.0 -0.0 0.0 0.0 -0.0 -0.0 -0.0 -0.0 0.067028806 -0.0 0.0 -0.0 -0.0 0.0 -0.0 0.09664236 -0.12937969 -0.072253644 -0.0 -0.0 -0.0 -0.0 -0.0 0.10975634 0.069675215
0.0 0.0 -0.0 -0.0 0.0 -0.10447579 0.12723427 -0.0 0.0 -0.122644864 0.0 0.0 0.0 0.103437245 -0.0 -0.0 0.2263119 0.2643724 0.0 0.11109233 0.0 -0.4552083 -0.3536883 -0.0 0.1081205 -0.0 -0.0 -0.0 -0.0 -0.0 -0.0 -0.0 -0.30615088 0.0 0.0 -0.0 -0.40154856 0.32277864 0.0 -0.0 0.11550902 0.0 0.0 -0.0 0.0 -0.0 -0.0 0.0 -0.0 0.0 0.0 -0.0 -0.101748876 0.0 0.0 -0.26161513 0.0 -0.0 -0.0 -0.0 -0.0 -0.0 -0.2732228 0.0
0.0 0.0 0.0 -0.0 0.0 -0.0 -0.0 -0.0 0.12953357 -0.0 -0.14241338 0.0 -0.0 -0.0 0.0 -0.18384354 0.0 0.1834733 -0.0 -0.08958358 0.0 -0.0 0.0 -0.111052714 -0.07483209 -0.0 0.0 -0.0 -0.0 -0.0 0.0 -0.0 -0.0 0.10736822 -0.0 0.15628977 0.0 0.0 0.0 -0.0 -0.0 0.0 -0.0 0.09015208 0.0 0.13812844 0.09549645 -0.12346425 0.0 0.10084079 0.0 -0.10324537 0.0 -0.0 -0.0 -0.15728897 0.0 -0.0 0.0 -0.08958521 -0.0 0.0 0.08840871 -0.0
-0.0 0.0 -0.0 -0.0 -0.0 -0.31674814 0.0 -0.0 -0.0 -0.0 -0.2269571 -0.17877127 -0.0 0.0 0.0 0.18039843 0.0 -0.0 0.0 0.0 -0.0 -0.0 -0.1614684 0.0 -0.0 -0.19453351 -0.0 0.0 0.0 -0.0 -0.0 -0.0 0.0 0.08398513 -0.0 -0.0 -0.0 0.0 0.0 -0.22747102 0.0 -0.17060804 0.0 -0.36338696 -0.0 0.0 -0.0 -0.0 0.0 -0.0 -0.0 -0.0 -0.0 0.14963701 -0.0 -0.0 -0.0 -0.0 -0.0 -0.0 0.0 0.0 -0.0 -0.0
0.0 0.18487556 -0.0 0.0 -0.0 -0.14511114 0.25638604 0.0 -0.0 0.30397215 0.46203393 0.16659956 -0.0 0.0 -0.34046316 0.0 -0.19897938 0.53223497 -0.18889832 0.2372483 0.33320314 -0.12852725 0.2079574 0.0 -0.52649933 0.0 0.0 0.0 -0.5051523 -0.0 -0.11662463 -0.0 -0.24410675 0.0 0.0 0.0 -0.0 0.48666066 -0.39025226 0.23413059 0.0 0.24795496 -0.0 -0.43164468 0.0 -0.0 -0.33976814 -0.0 -0.0 0.37929308 0.0 -0.0 -0.14913815 -0.3674481 -0.15938227 -0.29566333 -0.22966652 0.0 -0.0 0.21741393 0.0 -0.0 0.0 -0.0
-0.0 0.0 -0.0 -0.0 -0.0 -0.45628458 0.4330251 -0.0 -0.0 0.3722245 -0.0 -0.0 -0.0 -0.0 -0.0 -0.37551904 0.26023325 -0.2888803 0.0 0.0 -0.29583827 0.0 0.0 0.0 0.3814315 -0.46351042 -0.0 -0.0 0.28316575 -0.0 -0.0 -0.17028068 0.12114192 0.0 -0.0 -0.0 -0.0 0.0 -0.0 -0.0 -0.15613523 -0.0 0.0 -0.1782198 -0.0 0.0 -0.0 -0.23085849 0.0 0.0 -0.0 -0.0 -0.28578445 0.17770705 -0.351807 -0.0 0.0 -0.0 -0.1861041 0.2697554 0.0 0.0 0.0 0.0
0.0 -0.0 -0.0 -0.0 -0.0 0.0 -0.0 0.0 -0.0 -0.0 0.0 -0.0 -0.0 0.0 -0.0 -0.0 -0.0 -0.0 -0.0 -0.0 -0.0 -0.0 -0.0 -0.0 -0.0 0.0 0.0 -0.0 -0.0 0.0 -0.0 -0.0 -0.0 -0.0 -0.0 -0.0 -0.0 -0.4993509 -0.0 -0.0 -0.0 0.0 -0.0 -0.0 -0.0 -0.0 -0.0 -0.0 0.0 -0.0 0.0 0.0 -0.0 -0.0 -0.0 0.0 -0.0 -0.0 -0.0 -0.0 -0.0 -0.0 -0.0 0.0
-0.0 -0.0 -0.0 -0.0 0.0 -0.0 -0.0 -0.0 -0.0 -0.0 -0.0 -0.0 -0.0 -0.0 -0.0 -0.0 0.0 0.0 -0.0 -0.0 -0.0 -0.0 -0.0 -0.0 -0.0 -0.0 0.0 -0.0 -0.0 -0.0 -0.0 -0.0 -0.0 0.0 -0.0 -0.0 -0.0 0.0 -0.0 -0.0 -0.0 -0.0 0.0 -0.0 -0.0 -0.0 -0.0 -0.0 -0.0 -0.0 0.0 -0.0 -0.0 -0.0 -0.0 -0.0 -0.0 -0.0 -0.0 -0.0 -0.0 -0.0 0.0 0.0
0.0 -0.0 -0.0 0.119865015 -0.0 0.20060115 -0.0 -0.0 -0.0 -0.3011614 -0.0 0.08894966 -0.0 -0.12742335 -0.20958745 0.25799468 -0.19931343 0.0 0.0 0.121424526 -0.34748358 0.11146624 -0.0 0.2968028 0.0 0.0 0.0 0.11033904 -0.0 -0.0 0.14611563 -0.0 0.37557852 -0.0 -0.0 -0.0 0.0 -0.19342032 -0.2281996 0.20266424 -0.0 0.10931083 0.0 0.25535187 -0.0 0.14316177 0.2707264 -0.37202206 0.0 -0.17594354 -0.0 -0.24030061 -0.0 -0.27308327 -0.31766498 0.3509458 -0.25666708 -0.0 -0.0 -0.105076805 -0.16492751 0.0 0.0 -0.0
0.0 0.0 -0.0 0.0 -0.0 -0.10634009 -0.0 -0.0 0.0 -0.0 -0.0 0.0 -0.0 0.0 -0.0 -0.1817405 0.11565308 0.20973285 0.0 -0.16379702 -0.0 -0.0 -0.0 -0.21069281 -0.12790464 -0.0 0.0 0.0 -0.0 0.0 0.0 -0.0 0.0 0.0 0.0 0.15717646 0.0 0.106257655 0.0 0.0 0.0 0.0 0.14440852 0.0 -0.0 0.12501484 0.0 -0.19421211 0.0 -0.0 0.0 -0.0 0.0 -0.0 -0.21577153 -0.18245745 -0.0 0.0 -0.0 -0.09359723 -0.0 0.0 0.19606532 -0.08778053
-0.0 -0.0 -0.0 -0.0 -0.0 -0.0 -0.0 0.0 -0.12497075 -0.0 -0.0 -0.0 -0.0 -0.0 -0.0 -0.0 -0.0 -0.0 -0.0 -0.10049375 -0.11477959 0.0 0.0 -0.0 -0.0 -0.0 -0.0 -0.0 0.0 -0.0 -0.0 -0.0 0.0 -0.0 -0.0 -0.1266398 -0.0 0.0 -0.0 -0.0 0.0 -0.0 -0.09737122 -0.11696509 -0.0 -0.0991281 -0.0 -0.0 0.0 -0.0 -0.0 -0.0 0.0 -0.0 -0.0 -0.0 -0.0 -0.0 -0.0 -0.0 -0.0 -0.0 -0.0 0.0
-0.0 -0.13148244 -0.0 0.0 -0.0 0.0 -0.0 -0.075699806 -0.0 0.13650194 0.15512076 0.08110339 -0.0 -0.12265213 -0.0 -0.09582723 -0.086377494 -0.2828322 0.06378978 0.0 0.0 0.0 0.0 -0.0 0.0 -0.0 -0.0 -0.078267634 0.15191102 -0.0 -0.07260277 0.0 0.0 -0.0 -0.0 -0.0 -0.0 -0.13795748 -0.0 0.0 -0.21138282 -0.0 0.12461052 -0.0 0.07698983 0.0 -0.0 -0.0 0.0 0.0 -0.0 0.073831186 0.1299325 0.08697824 -0.14135408 0.0 0.15253918 -0.12547629 -0.0 0.15172641 -0.13225688 0.0 -0.0 -0.0
0.0 -0.0 -0.0 0.0 0.0 0.15832594 -0.0 0.0 -0.0 0.0 0.085940115 0.0 0.0 -0.0 -0.0 -0.0 -0.10831723 -0.1648457 0.0 -0.0 -0.14114007 0.0 -0.0 -0.0 -0.12943785 0.13733011 0.0 -0.28904328 -0.0 0.0 0.08823485 0.0 0.0 -0.0 -0.0 -0.0 -0.0 -0.085608855 -0.0 0.0 -0.0 0.0 -0.0 0.0 -0.0 -0.087281674 -0.0 -0.0 -0.0 -0.0 0.0 0.0 -0.0 -0.13483955 0.0 0.17409198 -0.0 -0.0 0.0 -0.11433739 0.0 -0.0 -0.0 0.0
0.0 -0.0 -0.0 0.0 -0.0 0.0 -0.0 0.0 -0.0 0.0 0.0 -0.0 -0.0 -0.0 -0.0 -0.0 -0.0 -0.0 -0.0 -0.0 -0.0 -0.0 -0.0 -0.0 -0.0 0.0 -0.0 -0.0 0.0 0.0 -0.0 -0.0 0.0 -0.0 0.0 -0.0 -0.0 -0.0 -0.0 -0.0 -0.0 -0.0 -0.0 -0.0 -0.0 -0.0 -0.0 -0.0 -0.0 -0.0 -0.0 -0.0 -0.0 -0.0 -0.0 0.0 -0.0 -0.0 -0.0 0.0 -0.0 -0.0 -0.0 -0.0
-0.0 0.0 -0.0 0.096000925 0.0 -0.11229463 -0.0 0.0 -0.0 -0.0 -0.074988015 0.09728465 0.0 -0.14949664 0.11447085 0.0 0.08001209 -0.0 0.10434531 0.0 -0.0 -0.0 -0.0 0.0 -0.0 -0.15977973 -0.0 -0.14243835 -0.1045492 0.0 -0.16911216 0.0 -0.0 -0.08584535 -0.0 -0.0 0.0 -0.0 0.0 0.0 -0.10621534 0.21010973 0.0 -0.0 -0.0 -0.0 -0.10213144 0.0 -0.0 0.0 -0.0 -0.066368215 -0.0 -0.0 0.0 -0.17896366 -0.0 -0.0 -0.0 -0.0 0.16822952 -0.0 0.0 0.0
0.0 0.07043687 -0.0 -0.0 0.0 0.0 -0.0 0.08280005 -0.0 0.0 0.0 0.0 0.051733065 0.09087098 0.0 -0.0 -0.0 -0.056157574 0.0 -0.0 -0.095696434 0.09239388 0.0 -0.0 -0.0 -0.0 -0.0 -0.0 0.09142203 0.0 -0.0 -0.0 0.0718589 -0.096260905 0.0 -0.04839454 0.09817045 0.11767585 0.0 0.0 0.077397294 -0.0 -0.0 -0.05063928 0.0 -0.093977265 -0.08975151 -0.0 -0.0 -0.06312997 -0.0 0.1002873 0.084903896 0.0 -0.0 -0.0 -0.0 0.046801113 0.0 0.0 0.0914021 -0.0 0.06951665 0.0
-0.0 -0.0 -0.0 -0.32560703 -0.0 -0.0 0.0 0.0 0.0 0.0 -0.0 -0.0 0.0 -0.0 -0.0 0.0 -0.0 0.0 0.0 0.0 -0.0 0.0 0.0 0.0 -0.0 -0.0 -0.0 0.0 -0.0 -0.0 -0.0 -0.2263492 0.0 0.0 -0.0 -0.0 0.0 0.0 -0.0 -0.0 0.0 0.24874036 0.0 -0.0 -0.0 -0.0 -0.0 -0.0 -0.5651526 0.0 -0.0 0.0 -0.0 0.0 -0.0 0.0 0.0 0.0 -0.0 -0.0 -0.0 0.29838315 0.0 -0.0
-0.0 0.0 -0.0 -0.14698824 -0.159695 0.0 -0.0 0.0 -0.139569 -0.0 0.0 -0.0 -0.0 0.0 -0.0 0.0 -0.0 0.0 0.0 -0.0 -0.0 -0.0 0.0 0.0 -0.0 -0.0 0.0 0.0 0.1621854 0.0 -0.16959023 0.0 0.0 -0.20131652 0.0 -0.16189837 0.0 -0.1158935 0.0 -0.23671156 -0.0 -0.0 -0.0 -0.0 -0.0 0.0 -0.0 -0.0 0.0 -0.0 -0.0 0.0 -0.0 0.0 -0.0 0.1688555 0.0 -0.0 -0.0 -0.0 -0.0 -0.0 0.0 0.0
0.0 -0.0 0.058714848 -0.0 0.0 -0.0 0.0 -0.0 -0.0 0.0 -0.0 -0.0 0.0 0.16252159 0.0 -0.0 0.07302972 0.07950345 0.0 -0.0 0.0 0.0 0.11189956 -0.0 0.0 -0.0 0.0 -0.22274221 -0.0 -0.0 0.0 0.0 -0.0 0.15134281 -0.0 0.0 -0.0 0.11719864 -0.0 0.0 -0.2019442 -0.0 -0.0 -0.0 0.07063626 0.0 -0.0 -0.0 0.0 0.0 0.0 -0.095542975 0.0 -0.0 -0.0 -0.24744998 -0.09298364 -0.0 0.0 0.0 0.0 -0.0 -0.0 0.0
-0.0 -0.0 -0.0 -0.0 -0.0 -0.056696743 -0.0 -0.0 0.041197434 -0.038388174 0.0 -0.0 -0.0 0.029602988 -0.0 -0.054596588 0.037048787 0.09038114 0.0 -0.0 -0.0 -0.0 -0.0 -0.05072617 -0.0 -0.032374386 -0.0 0.0 -0.0 -0.0 0.0 -0.0 -0.03447672 0.0 -0.0 -0.0 -0.0 0.0751559 -0.0 0.0 0.04748572 -0.0 -0.05824641 -0.0 -0.04706626 -0.0 -0.0 -0.03869581 -0.0 0.0 -0.0 -0.0 -0.0 -0.0 -0.05103997 -0.03462932 -0.0 -0.0 -0.0 -0.0 -0.0 0.0 -0.0 -0.0
0.0 -0.0 0.0 0.0 0.0 -0.107319824 0.0 -0.0 -0.0 -0.0 -0.060999695 -0.042533714 -0.0 0.15691544 0.0 0.0 0.0 0.33424497 0.0 0.0 0.0 -0.0 0.0 -0.0 -0.0 -0.13726835 0.0 0.0 0.0 -0.0 -0.0 0.0 0.0 0.095767945 0.0 -0.0 -0.0 0.25103024 -0.0 -0.0 -0.18819746 0.0 0.0 -0.0 0.0 -0.0 -0.0 -0.0 -0.0 0.0 -0.0 -0.1712669 -0.0 0.0 0.0 -0.28537345 -0.0 0.0 0.0 -0.0 0.0 -0.0 -0.0 0.0
-0.0 0.0 0.0 -0.0 0.0 0.08008389 0.14798044 -0.0 -0.18821833 -0.097910896 -0.0 -0.0 0.0 -0.0 0.10265914 0.0910086 -0.28829953 -0.11923887 0.089380644 0.15809622 0.10077205 0.0 -0.0 0.0818382 -0.13039853 -0.0 0.0 -0.0 0.0 0.0 0.0 0.0 0.09222149 -0.0 -0.0 0.0 -0.0 -0.0 0.06522359 -0.0 0.0 -0.08130003 -0.0 0.0 -0.0 0.0 -0.0 -0.2941812 0.0 0.12674569 -0.0 0.0847026 0.0 -0.0 -0.31936488 0.27022573 0.0 -0.0 0.0 -0.0 0.0 0.0 -0.0 0.0
-0.0 -0.0 -0.0 0.0 0.0 0.09318494 -0.0 -0.27996257 0.0 -0.0 0.0 -0.0 -0.187503 0.0 0.0 0.0 -0.0 -0.10192763 0.0 -0.0 0.0 0.0 -0.0 0.0 0.0 0.0988989 0.0 0.0 -0.0 -0.13382769 0.0 0.0 0.0 -0.0 -0.0 0.0 0.0 -0.0 -0.0 -0.0 0.0 -0.0 -0.0 -0.0 0.0 0.0 0.0 -0.0 -0.0 0.0 0.0 0.0 0.0 -0.0 -0.0 0.25787437 0.0 -0.7970723 -0.0 0.0 -0.0 -0.0 0.0 -0.0
-0.0 -0.0 -0.0 -0.0 -0.0 -0.0 -0.0 -0.0 0.0 -0.0 -0.0 -0.0 0.0 -0.0 -0.0 -0.0 0.0 0.0 -0.0 -0.0 -0.0 -0.0 -0.0 -0.0 -0.0 -0.0 -0.0 -0.0 0.0 -0.0 -0.0 -0.0 0.0 0.0 -0.0 -0.0 -0.0 0.0 -0.0 -0.0 -0.0 -0.0 -0.0 0.0 -0.0 0.0 -0.0 -0.0 -0.0 -0.0 -0.0 -0.0 -0.0 -0.0 -0.0 -0.0 -0.0 -0.0 -0.0 -0.0 0.0 -0.0 -0.0 -0.0
-0.0 0.0 0.0 -0.0 0.36118475 0.057579406 -0.0 -0.0 0.0 0.0 0.0 -0.0 0.26783252 0.0 -0.0 0.0 -0.0 -0.08865446 -0.0 0.0 -0.0 0.0 -0.0 0.0 0.0 0.0 0.06372351 0.0 -0.0 -0.316789 0.0 0.09709438 0.0 -0.0 -0.0 -0.0 0.0 -0.067411646 -0.0 -0.0 0.0 -0.0 0.0 0.0 -0.0 0.0 0.0 -0.0 0.0 0.0 0.0 0.0 -0.0 0.0 0.0 0.15413184 -0.0 -0.20072892 -0.0 0.0 0.0 0.0 0.0 -0.15925626
-0.0 -0.0 -0.0 -0.0 -0.0 -0.0 -0.0 -0.0 0.0 0.0 -0.0 -0.0 -0.0 -0.25617465 -0.0 0.0 0.0 0.0 -0.0 0.0 0.0 0.0 0.0 0.07610612 0.0 0.0 -0.0 -0.22867782 -0.0 -0.0 -0.12476129 -0.0 -0.0 0.0 -0.0 -0.0 0.0 -0.0 -0.0 -0.0 -0.2539814 0.0 0.0 -0.0 0.0 0.0 0.0 0.0 -0.0 0.0 -0.0 -0.0 -0.0 0.12803352 0.0 -0.23255639 -0.0 -0.0 -0.0 0.23571876 -0.0 -0.0 -0.0 -0.0
0.0 -0.0 0.14427231 0.0 0.0 -0.2479245 0.13311441 -0.0 0.09279639 -0.0 -0.14888485 -0.0 -0.0 0.0 -0.0 0.0 0.3863003 0.22567154 -0.0 0.13707444 -0.14978167 0.0 -0.0 0.0 -0.15403208 -0.0 0.0 0.0 -0.18759081 0.0 0.12228989 0.0 0.08798168 0.0 0.0 -0.0 0.16196465 0.0 0.0 -0.15203112 0.0 0.0 0.21565458 -0.08904985 0.0 -0.0 0.0 0.0 -0.0 0.0 0.12804039 -0.18451622 -0.22169097 -0.20816606 0.123751886 -0.122407906 -0.0 -0.0 0.0 -0.25479102 -0.0 -0.0 0.22868113 0.0
-0.0 0.0 0.0 -0.0 -0.0 -0.1487759 -0.0 -0.0 0.0 -0.11085631 -0.0 -0.45196417 -0.13830292 -0.0 0.20930699 0.0 0.096478365 0.16013277 -0.0 -0.0 -0.0 0.0 0.0 0.0 -0.0 -0.0 -0.0 -0.0 -0.31141514 -0.0 0.0 -0.12342878 0.0 0.0 0.0 -0.0 0.0 0.3081719 -0.46410844 0.18551229 0.0 0.20932668 0.0 -0.0 -0.09240804 -0.0 -0.0 -0.0 0.0 -0.0 -0.0 -0.0 -0.0 0.147217 0.0 -0.24544217 0.10691797 -0.0 -0.0 -0.0 -0.10511242 0.0 -0.0 -0.17201856
-0.0 0.0 -0.0 0.0 -0.0 -0.0 -0.0 -0.22537567 0.0 0.0 0.0 0.0 -0.17515154 0.0 -0.0 -0.0 0.0 0.33353028 0.0 -0.0 0.0 0.0 0.0 0.0 0.0 -0.0 0.0 0.0 0.0 0.0 -0.0 0.0 0.0 0.0 -0.0 0.0 0.0 0.0 0.0 -0.0 0.0 0.0 -0.0 0.0 0.6514399 0.0 0.0 -0.0 -0.0 0.0 0.0 -0.0 -0.0 -0.0 -0.0 -0.0 -0.0 0.0 0.25305727 0.0 0.0 -0.0 0.0 0.22636938
0.0 -0.0 0.0 0.0 0.0 -0.14421202 0.17494914 -0.0 0.304189 -0.0 0.0 -0.0 -0.0 0.0 0.0 -0.0 0.28279564 0.0948257 -0.0 0.0 0.0 -0.24018069 -0.0 0.0 0.0 -0.0678035 -0.0 -0.14843664 0.10129344 0.0 -0.1346596 0.0 -0.0 -0.1279089 0.0 0.0 -0.28285465 0.30023468 -0.0 0.0 0.0 0.0 -0.0 -0.0 0.08734783 -0.0 0.0 0.0 -0.0 0.11491839 0.0 0.2095426 0.22796108 0.0 0.0 -0.2372546 -0.098743595 0.0 0.0 0.0 -0.0 0.0 -0.626362 0.0
-0.0 0.082563005 -0.0 -0.12109191 0.0 0.12709033 -0.0 0.0 -0.10946626 -0.0 0.07826507 -0.0 -0.0 0.0 -0.0 0.07214818 -0.08299092 -0.10100624 -0.14078127 0.0 -0.0 0.0 -0.0 0.0 0.0 0.09044208 -0.0 -0.08775024 -0.0 -0.0 -0.13771777 -0.0 0.0 -0.13900395 -0.0 -0.0 0.0 -0.12917161 -0.0 0.0 0.0 -0.0 -0.0 0.0 -0.0 -0.09503373 -0.0 0.0 -0.11015322 -0.0 -0.0 -0.0 -0.0 0.0 0.0 0.06624948 -0.0 0.0 -0.0 -0.0 0.0 -0.0 0.0 0.0
-0.0 -0.0 0.0 0.0 0.0 -0.1200001 -0.0 -0.0 -0.0 -0.07865494 -0.0 -0.08151791 0.0 -0.0 0.0 0.085610844 0.0 0.08449284 0.0 0.0 -0.0 0.0 -0.0 0.0 -0.0 -0.11488861 -0.0 0.0 0.0 -0.0 -0.18017298 0.0 0.0 -0.0 -0.0 -0.0 -0.0 0.0 0.0 -0.12523463 -0.12652823 -0.0 0.0 -0.0 0.0 -0.0 -0.0 -0.0 -0.0 0.0 -0.0 -0.0 -0.0 0.11711022 -0.0 -0.12331758 -0.0 -0.0 0.0 -0.0 -0.0 0.0 0.0 0.0
0.0 -0.0 0.0 0.0 -0.0 -0.0 -0.0 -0.0 -0.0 0.0 -0.0 -0.21884699 0.0 -0.07197702 0.0 0.0 0.0 0.26622558 -0.124479875 -0.0 -0.0 0.0 -0.0 0.0 -0.0 -0.0 0.0 -0.0 -0.0 0.0 0.0 -0.0 -0.0 0.0 0.0 0.0 0.0 0.12493516 -0.0 0.22664005 0.0 -0.08010432 0.0 0.0 0.0 -0.0 -0.0 0.0 -0.0 -0.0 -0.0 -0.0 0.0 -0.0 0.0 -0.19942316 -0.0 0.0 0.0 -0.0 0.0 0.0 0.0 -0.0
0.0 -0.0 -0.0 -0.0 -0.0 0.0 -0.0 0.0 -0.0 0.0 -0.0 0.0 -0.0 0.0 -0.0 0.0 -0.0 -0.0 -0.0 -0.0 -0.0 0.0 0.0 -0.0 -0.0 0.0 0.0 -0.0 0.0 -0.0 -0.0 0.0 -0.0 -0.0 0.0 -0.0 -0.0 -0.0 -0.0 -0.0 0.0 -0.0 -0.0 -0.0 -0.0 0.0 -0.0 -0.0 -0.0 -0.0 0.0 0.0 0.0 -0.0 -0.0 0.0 -0.0 -0.0 -0.0 0.0 -0.0 -0.0 -0.0 -0.0
0.0 -0.0 -0.0 -0.0 -0.0 -0.0 -0.2626886 -0.0 -0.30047536 -0.0 -0.06274015 0.0 -0.0 -0.0 0.0 0.14911164 -0.0 0.25216314 0.0 -0.11845803 0.109256506 0.0 0.0 0.07295077 0.0 -0.13925257 0.0 0.0925464 -0.0 -0.0 0.0 0.0 0.0 0.13166583 0.0 -0.0 0.0 0.0 0.0 0.11665111 -0.0 -0.0 -0.34277955 0.089376226 0.0 -0.0 0.12676603 0.11263184 -0.0 -0.14936611 -0.0 -0.09052809 0.0 0.12131997 0.0 -0.2059124 0.06476431 -0.0 -0.0 0.0 -0.0 0.0 -0.0 0.0
0.0 -0.0 0.0 0.0 0.0 0.0 -0.0 0.0 0.16800466 0.0 0.14073348 -0.0 0.0 -0.0 -0.0 0.0 -0.0 -0.12720183 0.0 0.0 -0.0 0.0 0.0 0.0 -0.0 0.0 -0.0 -0.0 -0.0 0.0 -0.0 0.0 0.0 -0.1417959 -0.0 0.0 0.0 -0.15526655 0.0 -0.0 -0.0 -0.0 0.0 0.0 -0.0 -0.0 0.0 0.0 -0.0 0.0 -0.0 0.0 0.0 -0.0 0.0 0.0 -0.0 -0.0 -0.0 -0.0 0.0 0.0 0.12318182 -0.0
-0.0 0.0 0.0 0.0 -0.0 -0.0 -0.1455077 -0.0 -0.0 -0.0 -0.0 -0.0 0.0 0.0 -0.0 -0.0 0.0 0.17746305 0.0 -0.0 -0.07458418 0.0 0.0 0.0 -0.09591513 -0.0 0.0 0.0 0.0 -0.0 0.0 -0.0 0.0 0.0 -0.0 -0.17227662 -0.0 0.2373362 -0.0 0.0 0.0 -0.0 -0.12870723 -0.08924388 -0.0 -0.14568394 -0.25437164 -0.0 0.0 -0.15750876 0.0 0.0 0.0 0.0 -0.0 -0.13813664 -0.0 -0.0 -0.0 -0.0 -0.0 0.0 -0.0 -0.0
0.086408 0.0 -0.0 0.0 -0.7130259 0.1433636 0.0 -0.33723667 -0.0 0.0 -0.0 -0.0 0.12933841 0.0 0.0 0.0 -0.0 -0.17255734 0.0 0.0 -0.0 0.0 -0.0 -0.0 0.0 0.0 0.0 0.0 0.0 0.10153962 0.0 0.09329408 0.0 -0.0 0.0 -0.0 0.0 -0.0 0.0 0.0 0.0 -0.0 -0.0 0.0 -0.0 0.0 -0.0 0.0 -0.0 -0.0 -0.0 0.0 0.0 -0.0 -0.0 0.19997475 -0.0 0.23239176 0.0 -0.0 0.0 -0.0 0.0 0.0
-0.0 -0.0 -0.08039576 0.11583371 -0.2519622 -0.0 0.0 -0.0 0.0 0.0 0.0 0.14807762 -0.2359814 0.0 -0.121881954 0.0 0.09052544 0.18386456 -0.11368558 -0.0 -0.0 0.0 0.0 0.0 -0.0 -0.0 0.0 -0.0 0.0 -0.0 0.094742104 0.0 0.0 0.0 -0.0 -0.0 0.0 0.0 0.13600488 -0.13838404 -0.0 -0.20788106 -0.0 0.0 0.10702002 -0.0754363 0.0 0.0 0.0 0.0 0.0 -0.0 0.0 -0.0 0.07368475 -0.20563789 -0.0 -0.0 0.0 -0.0 -0.0 -0.0 0.0 0.0
-0.0 -0.0 -0.13078633 -0.2222837 -0.22314772 -0.0 -0.0 -0.10517078 -0.0 0.0 0.0 0.107556015 -0.1760889 0.0 -0.14162174 -0.0 0.0 0.27469245 0.0 -0.0 0.0 0.0 0.0 -0.0 -0.0 -0.0 -0.0 0.0 0.0 0.0 0.0 -0.0 0.0 0.0 -0.0 0.0 -0.0 0.15643388 0.0 -0.0 -0.0 -0.14715767 0.0 0.0 0.11440006 -0.0 -0.0 -0.0 0.0 -0.0 -0.0 -0.0 0.0 -0.0 0.0 -0.0 0.0 -0.0 0.0 -0.0 -0.0 0.0 0.0 0.0
-0.0 -0.7256059 -0.09887524 -0.0 -0.18349156 -0.0 0.0 -0.0 0.0 -0.0 -0.0 -0.16423178 -0.0 0.0 -0.15135984 0.0 0.10007813 0.32273707 0.0 -0.0 0.0 -0.0 -0.0 -0.0 0.0 -0.0 0.0 -0.0 0.0 0.0 -0.0 -0.0 -0.0 0.0 0.0 -0.0 -0.0 0.21516927 -0.15682796 0.09764401 0.0 -0.15033114 -0.0 -0.0 0.0 -0.0 -0.0 0.0 -0.12823981 0.0 -0.0 -0.0 0.0 0.0 0.0 -0.33687094 0.1232574 -0.0 0.0 0.0 0.0 -0.11954193 0.0 0.0
0.0 -0.27003115 -0.0 -0.0 0.0 0.21070912 -0.0 0.0 0.0 -0.0 -0.11415732 0.0 0.0 -0.42874482 -0.0 0.0 -0.0 -0.0 -0.0 0.0 -0.0 0.0 -0.0 -0.0 -0.0 0.18637237 -0.0 0.13031185 -0.0 0.0 0.11138288 -0.0 -0.0 -0.0 -0.0 0.0 0.101126865 -0.38107175 -0.0 -0.0 -0.4407696 0.0 0.0 0.0 -0.0 0.11597176 0.0 0.10196846 -0.0 0.0 -0.0 -0.17498793 -0.0 -0.09603992 0.0 0.17577949 -0.0 -0.0 -0.0 -0.12005545 -0.24847016 0.0 0.0 -0.0
-0.0 -0.0 -0.0 -0.22852208 -0.104520835 0.08843149 -0.0 0.0 0.0 0.0 0.0 0.0 -0.0 -0.0 -0.17612077 0.0 -0.07586229 -0.15693386 0.290162 0.0 -0.0 -0.0 0.0 0.0 -0.0 0.11400477 -0.0 0.099058576 0.0 0.0 0.0 -0.0 0.0 -0.0 -0.0 -0.0 0.0 -0.10652281 -0.099333696 -0.0 -0.0 0.0 -0.0 -0.0 -0.0 0.0 0.0 -0.0 0.0 -0.0 -0.0 0.0 -0.0 0.0 -0.0 0.23910914 0.0 -0.0 -0.0 0.0 0.0 -0.0 0.0 -0.0
-0.0 0.0 0.0 0.0 -0.081374414 0.13445733 0.0 0.0 -0.0 0.0 0.09675989 0.0 0.09489392 0.0 0.0 -0.0 -0.12228354 -0.37137756 -0.0 -0.0 0.12108098 -0.0 0.0 -0.0 0.0 0.0 -0.0 -0.0 0.0 0.0 -0.0 0.0 -0.0 -0.0 -0.0 0.0 0.0 -0.2061864 0.0 0.0 -0.0 -0.15467225 0.0 -0.0 -0.0 0.0 -0.0 -0.0 -0.76522464 0.0 -0.0 0.0 -0.0 0.0 -0.0 0.22916296 0.0 -0.0 -0.0 0.09899677 0.0 0.0 0.0 0.12857041
0.0 -0.0 -0.0 0.0 -0.0 0.0 -0.0 0.0 0.0 -0.06929248 0.0 -0.0 -0.0 0.0 -0.0 -0.0 -0.0 -0.0 -0.0 -0.0 -0.0 -0.0 -0.0 -0.0 -0.0 -0.0 0.0 0.0 -0.0 0.0 -0.0 0.0 -0.08289512 -0.0 0.0 -0.0 -0.0 -0.07053695 -0.0 -0.0 -0.0868622 -0.0 0.0 0.0 -0.0 0.0 -0.0 -0.06728038 0.0 -0.0 0.0 -0.0 -0.0 -0.06811491 -0.0 0.05824478 -0.0 0.0 -0.0 -0.0 -0.0 -0.0 -0.0 0.0
-0.0 0.0 -0.0 0.0 0.0 -0.0 0.0 0.0 0.0 0.0 -0.0 0.0 0.0 0.0 0.0 0.0 0.0 -0.0 -0.0 0.29218635 0.0 0.0 0.0 -0.17306092 0.20095508 -0.0 -0.0 0.0 0.18065915 0.0 0.0 -0.0 0.0 0.0 0.0 0.4006241 -0.0 -0.0 -0.0 0.27648005 -0.0 -0.0 0.0 0.0 -0.34137845 0.0 -0.41404286 -0.0 0.0 -0.31923717 -0.0 0.0 0.0 0.0 -0.0 0.0 -0.0 0.0 -0.0 0.0 -0.0 -0.0 0.0 -0.0
-0.0 -0.0 -0.0 0.0 0.0 0.13618888 0.0 0.0 0.0 0.0 -0.0 -0.0 0.0 0.0 0.0 0.0 -0.0 -0.0 0.0 -0.0 0.0 0.0 -0.0 0.0 -0.0 0.0 0.0 0.0 -0.21240968 0.0 0.0 0.0 -0.0 -0.1583513 -0.0 -0.0 0.0 -0.14296097 0.18031739 -0.0 0.0 -0.0 0.0 0.0 -0.0 -0.0 0.0 0.0 0.0 0.0 0.0 0.0 0.0 -0.0 0.0 0.0 0.0 0.0 -0.0 -0.0 0.0 0.0 0.0 0.0
-0.0 -0.0 0.0 -0.0 0.0 -0.0 -0.0 0.0 0.0 -0.0 -0.52527523 -0.0 -0.0 -0.0 -0.0 -0.0 0.0 0.0 -0.0 -0.0 0.0 -0.0 -0.0 -0.0 -0.0 -0.0 -0.0 0.0 -0.0 -0.0 0.0 0.0 -0.0 0.0 -0.0 0.0 -0.0 -0.0 -0.0 -0.0 -0.0 -0.0 -0.0 -0.0 -0.0 -0.0 0.0 -0.0 -0.0 0.0 0.0 -0.0 -0.0 -0.0 -0.0 -0.0 -0.0 -0.0 -0.0 -0.0 -0.0 -0.0 -0.0 -0.0
-0.0 0.0 -0.0 0.0 -0.0 -0.24440698 -0.16072814 0.0 -0.0 0.26770076 -0.0 -0.0 -0.0 -0.0 -0.0 -0.37572736 0.16322392 0.12351724 0.0 -0.29333073 0.0 -0.1414439 0.11002197 -0.33943266 -0.0 -0.19585904 -0.0 -0.0 -0.13121861 -0.0 0.0 -0.0 -0.3695083 0.20907192 -0.0 -0.0 -0.0 0.153963 -0.0 0.0 -0.0 0.13472947 0.0 0.0 0.0 0.0 0.0 0.25374758 -0.0 -0.0 0.0 0.0 0.14285152 0.0 0.25513482 -0.1508171 0.1775664 -0.0 0.0 0.0 0.0 -0.0 -0.0 -0.0
-0.0 -0.0 -0.0 -0.0 0.0 -0.0 -0.0 -0.0 -0.0 -0.0 -0.0 -0.0 -0.0 -0.0 -0.0 -0.0 0.0 0.0 -0.0 -0.0 -0.0 -0.0 -0.0 -0.0 -0.0 -0.0 -0.0 -0.0 -0.0 -0.0 0.0 -0.0 -0.0 0.0 -0.0 0.0 -0.0 0.0 -0.0 -0.0 -0.0 -0.0 -0.0 -0.0 -0.0 -0.0 -0.0 -0.0 -0.0 -0.0 -0.0 -0.0 -0.0 0.0 -0.0 -0.0 -0.0 -0.0 -0.0 -0.0 -0.0 -0.0 -0.0 -0.0
-0.0 -0.0 0.1217662 0.14907774 -0.0 0.0 -0.0 0.0 0.0 -0.0 -0.0 -0.0 0.0 -0.0 -0.0 0.0 -0.0 -0.24521929 -0.0 -0.0 -0.17462896 0.0 -0.0 0.0 0.0 0.0 -0.0 0.12664281 0.0 -0.0 -0.0 -0.0 0.0 -0.0 -0.0 -0.0 0.0 -0.12098528 0.121913195 -0.0 0.0 -0.18533374 0.0 0.0 -0.0 0.0 0.0 0.0 -0.443798 -0.0 -0.0 0.0 -0.0 -0.0 0.0 0.3259553 -0.0 0.1644503 0.0 0.0 -0.100782834 0.29511574 0.0 -0.10721788
0.096429795 0.0 0.0 0.0 -0.0 -0.23949522 0.0 -0.2256529 0.0 -0.0 -0.0 -0.0 -0.0 -0.0 0.0 0.0 0.16602515 0.26219165 0.12296495 0.0 0.0 0.0 0.0 -0.0 -0.0 -0.10826806 0.0 0.0 -0.0 -0.0 0.0 -0.0 0.0 0.0 0.0 -0.0 0.0 0.21636935 -0.0 -0.0 0.0 0.24620928 0.0 0.0 0.0 -0.0 -0.0 0.0 -0.9611617 -0.0 -0.0 -0.0 0.0 -0.0 0.0 -0.41213617 0.0 -0.23178943 0.0 -0.0 0.0 0.1415898 -0.0 0.0
-0.0 -0.0 -0.0 -0.09058324 0.0 -0.077912286 -0.0 -0.0 -0.10239165 0.0 0.07375596 0.0 -0.0 0.0 0.0 0.0 0.0 0.15473486 -0.0 0.0 -0.0 -0.0 0.0 0.09006403 -0.1067787 -0.06681142 -0.0 0.0 0.0 -0.0 0.07423412 -0.0 -0.0 0.0 -0.0 -0.26381496 -0.0 0.110439934 0.0 -0.0 -0.0 -0.0 -0.0 -0.0 -0.0 -0.1611722 -0.1944538 -0.0 -0.0 -0.20119496 0.0 0.0 0.0 0.0 -0.0 -0.099829845 0.0 -0.0 -0.0 -0.0 -0.0 -0.0 -0.0 -0.0
0.0 -0.0 0.0 -0.12219338 0.0 -0.0 -0.0 0.0 0.0 0.0 -0.13877778 -0.0 0.0 0.0997311 -0.0 0.0 0.1408219 0.3279125 -0.0 0.0 -0.18508053 0.0 0.0 -0.0 -0.08775921 -0.0 0.0 -0.17804073 -0.0 -0.0 -0.21364446 0.0 -0.0 -0.21879111 0.0 -0.0 0.0 0.3330542 -0.0 0.120860025 0.0 0.0 0.0 -0.3606004 0.09591492 -0.29266536 -0.13822891 0.0 0.0 -0.0 0.0 0.14386387 0.10959006 -0.0 0.0 -0.12482598 -0.15413567 -0.0 0.087679215 -0.0 -0.0 0.0 0.108015984 0.0
0.0 -0.0 0.0 -0.0 0.0 0.0 0.0 -0.0 0.0 -0.0 -0.0 -0.0 -0.0 -0.0 0.0 -0.0 -0.0 0.0 0.0 -0.0 0.0 -0.0 -0.0 -0.0 0.0 0.0 0.0 0.0 -0.0 -0.0 0.0 0.0 -0.0 -0.0 0.0 -0.0 -0.0 -0.0 -0.0 0.0 -0.0 -0.0 0.0 0.0 0.0 -0.0 0.0 -0.0 -0.0 -0.0 0.0 0.0 -0.0 -0.0 0.0 -0.0 0.0 0.0 4.097348 -0.0 -0.0 -0.0 -0.0 0.0
0.0 -0.0 0.0 -0.0 -0.0 -0.21316713 -0.0 0.0 0.0 0.20424536 -0.0 -0.0 0.0 -0.117658205 -0.0 -0.13999742 0.0 0.0 -0.0 -0.0 0.0 -0.0 -0.22109576 -0.0 -0.0 -0.23535219 0.0 0.0 0.0 -0.0 0.0 -0.0 0.13734394 0.17189398 0.0 0.0 -0.0 0.0 -0.0 -0.0 0.0 -0.0 -0.10140317 0.15606011 0.0 0.0 0.0 -0.0 -0.0 0.0 0.0 -0.33674976 -0.49149296 0.19378386 -0.0 -0.0 -0.0 0.0 0.0 0.0 0.0 0.0 0.0 -0.0
-0.0 -0.0 0.0 -0.0 0.0 -0.0 0.0 0.0 0.0 0.0 -0.10869519 -0.0 0.0 0.15530673 0.0 -0.0 0.0 0.19105974 -0.0 0.0 -0.07668949 0.0 0.0 -0.0 0.0 -0.0 0.0 0.14773905 0.0 -0.0 0.11301341 0.0 -0.0 0.09699629 -0.0 0.0 0.0 0.14619002 0.0 -0.0 0.14856744 -0.0 0.0 -0.10483396 0.121650964 -0.0 -0.0 0.0 -0.0 0.0 -0.0 -0.16407125 -0.0 0.0 0.0 -0.25387678 -0.0 -0.0 0.0 -0.0 0.0 -0.0 0.0 0.0
-0.0 0.0 -0.15313599 0.21874043 -0.25995746 0.0 -0.0 -1.264433 -0.0 0.0 0.0 -0.0 -0.21132632 0.0 0.0 -0.0 -0.0 -0.22335483 0.0 -0.0 0.0 -0.0 -0.0 -0.0 0.0 0.0 -0.0 -0.0 0.0 -0.0 0.0 -0.16600296 0.0 -0.0 -0.0 0.0 -0.0 -0.0 0.0 0.0 -0.0 -0.0 0.0 0.0 -0.0 0.0 0.0 0.0 -0.0 -0.0 -0.0 0.0 0.0 0.0 -0.0 0.31007606 0.0 -1.1007309 -0.0 0.0 0.13942552 -0.12237602 0.0 -0.0
0.0 0.113304496 -0.0 0.10500476 0.0 0.0 -0.0 0.08071486 0.0 0.0 0.0 -0.0 -0.27574882 -0.0 0.1587884 -0.0 -0.1195958 -0.21704035 -0.18560058 0.0 -0.0 -0.0 0.0 -0.0 -0.0 0.0 -0.0 0.0 -0.0 0.0 -0.0 -0.0 -0.0 -0.120912455 0.0 -0.0 -0.0 -0.09172118 -0.0 0.077385284 -0.0 0.0 0.0 0.0 -0.0 0.0 -0.0 -0.0 0.23064978 0.0 -0.0 0.0 -0.0 0.0 -0.0 0.17853904 -0.0 -0.0 -0.0 0.0 -0.0 -0.275789 0.0 -0.0
-0.1334087 0.0 0.0 0.0 0.0 -0.35274836 0.0 -0.0 0.0 0.0 0.20020807 0.0 0.0 -0.0 0.0 -0.0 0.0 0.0 0.0 0.1955728 0.26038253 -0.0 -0.0 -0.2421047 0.1201275 -0.3297334 -0.0 -0.0 0.26653504 -0.0 0.0 0.0 0.1706502 0.0 -0.0 0.21288778 0.0 0.0 -0.0 0.0 -0.0 -0.0 0.0 -0.0 0.15681739 0.0 -0.22624779 0.0 -0.0 -0.0 -0.0 -0.0 0.0 0.0 -0.0 -0.1166454 -0.0 -0.0 0.0 -0.0 0.0 -0.0 0.0 0.0
0.0 0.0 0.0 0.0 0.0 0.07519118 -0.0 0.0 -0.0 0.0 0.0 -0.0 0.0 0.0 -0.0 -0.0 0.0 0.0 0.0 -0.0 -0.0 -0.0 -0.0 -0.0 -0.0 0.0 0.0 0.10587133 -0.0 0.0 -0.12889662 0.0 0.0 -0.24986471 0.0 -0.16866732 0.0 -0.0 0.0 -0.16286853 -0.0 -0.0 0.0 -0.1674639 0.0 -0.20109174 -0.0 -0.112124525 0.0 -0.0 -0.0 0.0 -0.0 -0.0 -0.0 0.28642038 -0.0 0.0 -0.0 -0.0 0.0 0.0 0.0 0.0
-0.0 0.0 0.0 -0.0 0.0 -0.0 0.0 0.0 0.0 -0.0 -0.17898597 0.0 -0.0 0.0 -0.0 0.0 0.0 0.0 0.0 0.0 0.0 -0.0 -0.0 0.0 0.0 -0.0 -0.0 -0.0 0.0 -0.0 -0.0 0.0 -0.0 0.0 -0.0 0.0 -0.0 0.0 -0.0 -0.0 -0.0 -0.0 0.0 -0.0 0.0 -0.0 -0.0 -0.0 -0.0 0.0 -0.0 -0.0 0.0 -0.0 -0.0 -0.18603252 -0.0 -0.0 -0.0 -0.0 0.0 -0.0 -0.0 -0.0
-0.0 -0.0 0.0 -0.0 0.0 -0.0 0.0 -0.0 0.0 0.0 -0.0 -0.0 0.0 -0.0 0.0 0.0 0.13003673 0.069866024 -0.0863659 0.10387662 -0.0 0.0 0.0 -0.0 0.0 0.055887017 -0.0 0.0 -0.0 -0.0 -0.31745446 -0.0 -0.0 -0.0 -0.0 0.0 0.0 0.13333252 -0.0 0.0 0.0 0.0 0.0 -0.10375659 -0.114771664 -0.0 -0.0 0.0 -0.1338756 0.0 -0.0 -0.0 0.0 0.0 0.0 -0.22137249 -0.0772503 0.0 -0.0 -0.0 -0.0 0.0 -0.0 -0.0
-0.0 -0.0 0.13721564 -0.0 0.13607156 0.30980432 -0.0 -0.0 -0.0 0.0 0.0 0.0 0.12744696 0.0 -0.0 -0.0 0.0 -0.14919586 0.0 0.0 0.0 0.0 0.0 0.0 0.0 0.0 0.0 -0.0 0.0 -0.0 0.0 0.321063 -0.0 -0.0 0.0 0.0 0.0 -0.0 -0.0 -0.0 -0.0 -0.0 0.0 0.0 -0.0 0.0 -0.0 0.0 -0.0 0.0 0.17583969 -0.0 -0.0 0.0 -0.0 0.0 -0.0 -0.14919266 -0.0 -0.0 0.0 -0.0 -0.0 -0.13046663
-0.0 -0.0 -0.0 -0.0 0.0 0.0 -0.0 0.0 0.0 0.0 -0.0 -0.0 0.0 0.15833433 0.0 -0.08566512 -0.0 -0.17425984 -0.0 -0.0 -0.0 0.0 0.0 -0.0 -0.0 0.0 0.0 0.10862035 -0.085605666 0.0 0.15774798 0.0 -0.0 -0.11635945 0.0 0.0 0.0 -0.1267049 0.0 -0.0 0.1435115 -0.0 0.0 -0.0 -0.0 -0.10477745 -0.0 0.0 0.0 -0.0 -0.0 0.07575633 -0.0 -0.13528204 -0.0 0.16329665 0.0 -0.0 0.0 -0.10352072 0.0 0.0 0.0 0.0
0.0 0.0 0.0 0.0 0.0 0.15537363 0.0 0.0 0.0 -0.0 0.0 0.037595425 -0.0 -0.22805507 -0.0 -0.0 -0.11379233 -0.23795575 0.0 0.0 -0.0 0.0 -0.0 0.0 0.0 0.15154073 0.0 -0.0 -0.06538978 0.0 -0.0 0.0 -0.05668817 -0.072323956 0.0 -0.0 -0.0 -0.20441568 0.0 0.0 0.23072493 -0.0 0.0 -0.0 -0.0 0.0 0.0 -0.0 -0.0 0.0 -0.0 0.07758768 -0.0 -0.0 -0.0 0.29424223 0.0 0.0 -0.054840874 -0.0 -0.0 -0.0 -0.0 0.0
-0.0 -0.0 -0.0 -0.0 0.0 -0.0 0.1645702 0.0 -0.0 0.0 -0.0 0.0 -0.25678188 0.0 -0.0 0.0 0.0 0.0 0.0 0.0 -0.28565174 0.0 0.0 0.0 -0.0 -0.0 0.0 -0.0 0.0 -0.0 -0.19646542 -0.0 0.0 0.0 -0.0 -0.23646517 0.0 0.39022243 0.0 -0.0 0.0 -0.0 -0.0 -0.34120598 0.0 0.32646155 -0.0 -0.0 0.0 -0.0 0.0 0.0 0.0 0.0 -0.0 -0.16221698 -0.0 -0.0 -0.0 -0.0 -0.0 0.0 -0.0 -0.0
-0.0 -0.0 -0.0 -0.0 -0.0 0.26092255 -0.08914054 0.0 -0.17797944 -0.0 0.0 0.0 0.0 0.11585746 -0.0 -0.09851707 -0.0 -0.13621826 -0.0 -0.0 0.0 -0.0 -0.0 -0.0 -0.0 0.214605 0.0 0.0 0.114510626 0.0 0.0 0.0 -0.0 0.0 -0.0 -0.0 -0.2065622 -0.0 0.0 0.0 0.0 0.0 -0.19231533 0.0 -0.0 -0.0 -0.0 -0.13043718 0.0 -0.0 -0.0 0.12023352 0.0 0.0 -0.11117696 0.17136028 0.0 0.0 -0.0 0.0 -0.0 0.0 -0.2961177 0.0
-0.0 -0.0 -0.0 -0.0 0.0 0.0 0.0 0.0 0.0 0.0 0.0 -0.0 0.0 0.0 -0.0 0.0 -0.0 -0.09188545 0.0 -0.0 -0.0 0.0 0.107399 0.0 -0.0 0.0 -0.0 0.0 -0.0 0.0 -0.0 -0.0 0.0 -0.0 0.0 -0.1181305 0.0 -0.0 0.0 -0.08393827 -0.0 0.0 0.0 0.0 -0.110469006 0.0 0.0 -0.0 -0.0 0.11241376 -0.0 0.0 0.0 -0.0 0.0 0.16785918 0.0 0.0 -0.0 0.0 -0.0 0.0 0.0 0.0
0.0 0.0 0.0 0.0 -0.4461019 -0.0 0.0 -0.4877261 -0.0 0.0 0.0 0.0 0.0 -0.0 -0.0 -0.0 0.0 0.11904979 0.0 -0.0 0.0 0.0 0.0 -0.0 0.0 0.0 0.0 0.0 0.0 0.34326077 -0.0 0.0 -0.0 0.0 0.0 0.0 -0.0 0.0 0.0 0.0 0.0 -0.0 -0.0 -0.0 0.0 -0.0 -0.0 -0.0 -0.0 -0.0 -0.0 0.0 0.0 -0.0 -0.0 -0.0 -0.0 0.21876019 0.0 -0.0 0.0 0.0 0.0 0.0
-0.0 0.0 -0.0 0.0 0.0 -0.0 0.0 0.0 0.0 0.0 0.0 0.0 0.0 0.0 -0.0 0.0 0.0 0.0 0.0 0.0 0.0 0.0 -0.0 -0.0 0.22092682 0.0 0.0 -0.0 -0.0 -0.0 0.0 -0.0 -0.0 0.0 0.0 0.0 0.0 -0.0 -0.0 0.0 0.0 -0.0 0.0 -0.0 -0.0 0.0 -0.0 0.0 0.0 0.0 -0.0 0.0 -0.0 -0.0 0.0 -0.0 0.0 0.0 -0.0 0.0 0.0 0.0 0.0 0.0
-0.050964747 -0.0 0.0 0.0 0.0 0.05838876 0.0 -0.0 -0.0 0.0 0.0 0.057907335 0.0 0.061281774 0.0 0.0 -0.077870935 -0.054557614 -0.0 -0.0 0.04874768 -0.0 0.0 0.0 -0.0 0.0 -0.0 -0.0 0.0 -0.0 -0.0 -0.0 0.0 0.0 -0.0 0.0 0.0 -0.050464824 0.0 0.08240677 -0.0 0.0 0.0 0.0 0.0 0.06079217 0.0 -0.0 0.0 -0.0 0.0 0.07313318 0.0 0.0 -0.0 0.09287207 0.061958652 -0.0 0.0 0.0 0.0 0.0 0.0 -0.0
-0.0 0.0 0.21749412 -0.0 -0.2430454 -0.0 0.0 -0.6255565 0.0 0.0 -0.0 -0.0 0.18786101 0.0 0.0 0.0 0.0 0.20588984 0.0 0.0 -0.0 -0.0 0.0 -0.0 -0.0 -0.0 0.0 0.0 -0.0 -0.29420862 0.0 -0.0 -0.0 0.0 0.0 -0.0 -0.0 0.0830905 -0.0 0.0 -0.0 -0.0 0.0 0.0 -0.0 0.0 -0.0 -0.0 -0.0 -0.0 -0.0 -0.0 0.0 0.0 -0.0 -0.13830343 0.0 -0.2428856 -0.0 -0.0 -0.0 -0.0 0.0 -0.34038684
-0.07033901 0.0 -0.09313313 0.0 -0.09796778 -0.11886754 0.06652184 -0.0788397 0.10004069 0.0 0.0 -0.0 -0.06413852 -0.0 -0.0 0.10499507 -0.08202202 -0.13477747 -0.0 0.074797004 0.0 0.0 0.0 0.11600762 0.0 -0.13054287 -0.0 -0.0 -0.0 -0.0 -0.0 -0.0 0.0 -0.06521963 -0.0 0.072906464 0.0 -0.1559589 -0.0 -0.0 -0.0 -0.0 -0.0 0.0 -0.0 0.0 0.099739835 0.11245125 0.0 0.0 -0.0 -0.0 -0.0 -0.0 0.10034247 -0.0 0.0 -0.06264356 -0.0 0.0 0.0 -0.0 0.0 -0.070193134
-0.0 -0.113363266 0.092308104 -0.12804559 0.112051375 -0.0 0.0 -0.17287031 -0.0 0.0 0.0 0.0 0.13016929 0.0 -0.0 0.0 0.09499986 0.12938507 -0.16123468 0.0 0.0 0.0 -0.0 -0.0 0.0 -0.12835874 0.0 0.0 0.0 -0.4689033 0.0 0.087474495 0.0 0.09026376 -0.0 -0.0 0.0 0.106494896 -0.0 -0.0 -0.0 -0.07415607 0.0 0.0 -0.0 -0.0 0.0 0.0 -0.0 0.0 0.0 0.0 0.0 0.0 0.0 -0.0 0.0 -0.17425844 -0.0 -0.0 -0.0 0.0 -0.0 -0.43944556
0.0 -0.12542826 0.0 0.111634605 0.0 0.09506367 0.041389465 0.0 0.0 -0.04453364 0.0 0.0 0.0 -0.035338044 -0.0 0.0 0.0 -0.054715455 0.09829851 0.0 0.11801105 -0.08142576 -0.10856122 -0.0 0.0591297 0.07416512 0.0 0.076044925 -0.04732925 0.0 0.034048915 0.0 -0.099320136 0.04243345 0.0 0.029197585 -0.05374032 -0.22882402 0.0 -0.0 -0.07190647 0.0 0.0 0.06274379 0.0 0.13361079 0.06750316 0.0 0.0 0.07811989 -0.0 -0.08209954 -0.11193684 0.0 0.0 0.13663076 0.079889685 -0.0 0.0 0.0 -0.094343126 0.0 0.044273254 0.0
-0.0 -0.0 -0.0 -0.0 -0.0 0.19103047 -0.0 -0.0 0.0 -0.0 0.0 -0.0 -0.0 0.1457454 -0.0 -0.16342212 -0.08710729 0.0 -0.0 -0.11468584 -0.13701083 -0.0 -0.0797734 -0.15261053 -0.0 0.18041423 0.0 0.09078371 0.0 -0.0 0.0 -0.0 -0.0 -0.05786266 -0.0 -0.0 -0.1157837 0.0776726 0.0 -0.0 0.0 -0.0 0.2387803 -0.0 -0.0 -0.0 -0.085867785 -0.19959345 0.0 0.0 0.0 0.117785126 0.0 0.0 -0.17408778 0.22246356 -0.0 -0.0 0.0 -0.0 -0.0 0.0 -0.0 -0.0
-0.0 0.0 0.0 -0.0 -0.0 -0.0 0.24317223 -0.0 -0.0 -0.0 0.0 -0.0 0.0 -0.0 -0.0 0.0 -0.0 -0.16729823 -0.0 -0.25143525 -0.32627797 0.0 0.0 0.26665434 -0.23323743 -0.0 0.0 0.0 -0.0 -0.0 0.1727669 -0.0 -0.0 0.0 0.0 -0.3854169 0.0 -0.14071225 0.0 0.0 -0.0 0.0 0.0 0.13167617 -0.0 0.0 0.32513946 -0.12849906 0.0 0.185419 -0.101692304 0.0 -0.0 0.0 0.0 0.0 0.2985943 0.0 -0.0 0.2809872 -0.0 0.0 -0.0 0.0
0.0 0.0 0.1772531 -0.0 -0.0 -0.0 0.0 -0.0 0.0 0.0 -0.0 -0.0 0.0 -0.0 0.0 0.0 0.10616072 0.18441832 0.0 0.0 -0.0 0.0 0.0 0.0 0.0 -0.0 0.0 0.0 0.0 0.0 -0.111371614 -0.0 0.0 0.09521344 0.0 0.0 0.117787465 0.18628208 -0.0 0.0 0.0 0.0 0.0 -0.0 0.14679576 0.0 0.0 0.0 -0.0 0.12717733 0.0 -0.0 -0.0 0.108012855 0.0 -0.0 0.0 0.10948613 0.0 0.0 -0.0 -0.0 0.0 0.0
-0.0 -0.0 0.0 0.0 0.0 -0.0 0.0 -0.0 -0.0 0.0 -0.0 0.0 -0.0 -0.0 0.0 0.0 0.0687888 0.0 0.0 0.0 -0.0 0.0 0.0 0.0 0.0 -0.0 -0.0 0.0 0.0 -0.0 0.0 0.0 0.0 0.069485866 -0.0 -0.0 -0.0 0.1498563 0.0 0.0 0.0 0.0 -0.0 -0.0 0.0 -0.0 0.0 0.0 -0.0 0.0 -0.0 -0.0 0.0 0.06620296 0.0 -0.14672746 0.0 -0.0 0.0 0.0 -0.0 -0.0 -0.0 0.0
-0.0 0.0 -0.0 -0.0 -0.0 -0.089253135 0.13400076 -0.0 -0.0 0.0 -0.0 0.0 0.0 0.0 -0.0 -0.078881085 0.082264036 0.15909779 0.0 -0.0 -0.0 -0.0 0.0965661 -0.08468841 -0.0 -0.0 0.0 -0.0 -0.0 -0.0 0.0 0.0 -0.09237595 0.086010575 -0.0 -0.0 0.070828415 0.10266244 -0.0 0.0 0.0 -0.0 0.0 -0.1937699 0.0 0.0 -0.0 0.0 0.0 -0.11984172 -0.0 0.0 0.0 -0.0 0.0 -0.17416748 -0.35644755 0.0 0.0 0.08791908 0.0 -0.0 -0.0 0.0
-0.0 -0.0 -0.0 -0.0 -0.0 -0.0 -0.0 -0.0 -0.10595497 -0.0 0.0 -0.0 -0.0 0.118409365 -0.0 0.0 -0.0 0.0 -0.0 -0.0 -0.2488641 -0.0 -0.0 0.0 -0.08167051 -0.0 -0.0 -0.16101533 0.0 -0.0 -0.101544 -0.0 -0.0 -0.20585628 -0.0 -0.15008506 -0.0 0.0 -0.0 -0.0 0.09816225 0.0 -0.0 -0.21793017 -0.0 -0.44152677 -0.1687084 -0.0 -0.0 -0.13732432 -0.0 0.0 0.0 -0.0 0.0 -0.0 -0.0 -0.0 -0.0 -0.0 -0.0 0.0 -0.0 -0.0
0.0 -0.0 0.0 0.0 0.0 -0.10010275 0.0 -0.0 -0.0 -0.099533625 -0.0 -0.0 0.0 0.12045701 0.0 0.0 0.0 0.22705382 0.0 0.0 -0.0 -0.09982326 0.0 -0.0 -0.0 -0.0 -0.0 -0.2110871 -0.0 -0.0 0.0 -0.0 -0.0 0.0 0.0 0.0 -0.0 0.0 0.0 -0.0 -0.12573606 -0.0 0.0 -0.0 -0.0 -0.0 -0.0 0.0 0.0 -0.0 -0.0 -0.12672338 0.0 -0.0 0.0 -0.16590491 -0.11975612 -0.0 -0.0 -0.08736253 0.0 -0.0 -0.0 -0.0
-0.1004591 -0.0 -0.28095275 0.0 0.0 -0.0 0.0 -0.10313316 -0.0 -0.0 -0.0 0.29422355 0.0 -0.0 -0.2244953 -0.0 0.0 0.16685782 0.0 0.0 0.0 0.0 0.0 0.0 0.0 -0.21283115 0.0 -0.0 0.19281864 0.0 -0.0 0.1207987 0.0 0.11312519 -0.0 -0.0 0.0 0.15092978 0.23411675 -0.40938786 -0.0 -0.10733459 -0.0 0.13819021 0.0 -0.0 0.0 0.0 -0.0 -0.0 0.101113275 -0.0 0.11995256 -0.24493185 0.0 -0.1085939 -0.12456181 -0.05623116 -0.0 0.0 0.0 -0.0 -0.0 -0.0
-0.0 0.0 0.0 0.08541724 0.0 0.0 -0.15719381 0.0 0.21318312 0.0 0.17701624 0.120339625 0.0 0.0 0.0 -0.32784316 -0.3185907 -0.22755013 0.0 -0.30226994 -0.0 0.26346374 0.12925492 -0.211289 -0.10532433 -0.05665077 0.0 0.0 0.0 0.0 0.0 0.0 0.10181256 0.0 -0.0 0.21687178 0.2913284 -0.0 0.0 0.0 0.0 -0.080611624 -0.23318286 0.0 -0.0 0.23963384 0.0 -0.2917792 0.0 0.10155192 -0.0 0.0 0.114938945 -0.0 -0.35537785 0.37823594 -0.0 0.0 -0.0 -0.0 0.0 0.0 0.13993803 0.0
-0.0 -0.0 0.0 -0.0 -0.0 -0.11790144 -0.0 0.0 -0.0 -0.0 -0.080044955 -0.0 -0.0 -0.0 -0.0 0.0 0.05615846 0.16888683 0.0 -0.0 0.0 0.078088894 -0.0 0.0 -0.0 -0.0 0.0 0.0 -0.0 0.0 -0.07959871 -0.0 -0.0 -0.08578123 0.0 -0.116929896 0.0 0.0768312 0.0 -0.0 -0.0 -0.0 0.0 -0.0 0.0 0.0 0.0 -0.0 -0.0 0.0 0.0 0.0 0.0 0.0 0.0 -0.11752717 0.08419625 0.0 -0.0 0.0 0.0 0.0 0.0 0.0
0.0 0.0 0.0 0.0 0.112154424 0.13419767 0.0 0.0 0.13669454 -0.18348625 -0.0 -0.0 0.0 0.0 -0.0 -0.16848606 -0.0 -0.07817101 0.0 -0.0 -0.1175415 0.21019326 0.0 -0.25536323 -0.16854008 0.21929522 0.0 0.0 -0.0 0.0 0.0 0.0 0.0 -0.13616692 -0.0 0.1458812 0.12538104 -0.0 0.0 -0.0 0.0 0.0 0.3237857 -0.0 -0.0 0.0 -0.17892738 -0.1540985 0.0 0.13323504 -0.0 0.0 -0.0 -0.1374497 -0.09889571 0.2808545 -0.0 0.0 0.0 -0.21753204 0.0 -0.0 0.18064767 0.0
-0.0 -0.0 -0.0 -0.0 -0.0 0.08990841 -0.0 -0.0 -0.0 0.13579215 0.0 0.0 -0.0 0.0 -0.0 -0.11500335 -0.0 -0.09847303 0.0 -0.0 -0.0 -0.0 -0.0 -0.17116201 0.0 0.08397909 -0.0 -0.0 -0.16859715 0.0 -0.0 0.0 -0.0 -0.1906575 -0.0 -0.10797386 -0.0 -0.0 -0.0 0.0 0.0 0.0 -0.0 -0.0 -0.0 -0.10741854 0.0 0.0 -0.0 -0.11002068 -0.0 0.0 -0.0 -0.2742906 0.0 0.19069192 -0.1818744 0.0 0.0 0.13670862 -0.0 0.0 -0.0 0.0
-0.0 -0.0 -0.0 -0.0 0.0 -0.0 0.0 -0.0 0.0 -0.0 -0.0 0.0 0.0 -0.0 0.0 0.0 0.0 0.0 0.0 0.0 0.0 -0.0 0.0 -0.0 -0.0 -0.0 -0.0 -0.0 -0.0 -0.0 -0.0 -0.0 -0.0 0.0 -0.0 0.0 -0.0 0.0 -0.0 -0.0 -0.0 0.0 -0.0 0.0 -0.0 0.0 -0.0 0.0 0.0 0.0 -0.0 -0.0 -0.0 -0.0 0.0 -0.0 0.0 0.0 -0.0 -0.0 -0.0 -0.0 -0.0 -0.0
-0.0 0.13578185 -0.0 -0.38455093 0.0 0.15378547 0.0 0.0 0.0 -0.0 -0.14671536 -0.0 0.0 0.15781493 -0.0 -0.078875974 -0.0 -0.22412677 -0.3820909 0.0 -0.0 0.06033455 0.105643384 -0.12229767 0.0 0.1820685 0.0 -0.3642238 0.0 0.0 -0.29194364 0.0 0.0 -0.28305995 -0.0 0.091767736 0.0 0.17650338 0.0 -0.0 0.12538745 -0.0 0.0 -0.0 -0.0 0.20420462 0.09177998 -0.0 0.0 0.092852116 0.0 0.14445893 0.0 -0.0 -0.0 0.31366035 -0.124906115 -0.0 0.0 -0.13296178 0.22618152 0.0 -0.083059184 -0.0
-0.0 0.0 0.0 0.0 0.0 0.2241712 -0.0 0.0 -0.3179858 0.0 0.16112018 0.06762518 0.0 0.0 0.0 0.0 -0.14305536 -0.1844835 -0.0 -0.0 -0.0 -0.0 -0.0 0.10411861 -0.0 0.17092294 0.0 0.0 0.06631422 0.0 0.0 0.0 0.0 -0.0 -0.0 -0.27090308 0.0 -0.14137556 0.0 0.0 -0.0 -0.0 0.10079551 -0.07337218 -0.0 -0.22255221 -0.06361961 -0.0 0.0 -0.20160979 0.0 0.0 -0.0 0.09578487 -0.0 0.23418812 0.0 0.05112297 -0.0 0.15007177 0.0 -0.0 0.11733285 -0.0
-0.0 0.0 -0.0 -0.0 -0.0 0.08062522 -0.0 -0.0 -0.0 0.0 -0.0 -0.0 -0.0 0.0 0.0 0.0 -0.0 -0.0 -0.0 0.0 -0.0 0.0 0.0 0.0 -0.11462949 -0.0 -0.0 0.0 0.0 -0.0 -0.0 -0.0 0.0 -0.0 -0.0 -0.10286693 0.0 0.0 0.0 -0.0 0.0 -0.0 0.0 -0.0 -0.0 -0.15589435 -0.06445175 -0.0 0.0 -0.0 -0.0 0.08263008 0.0 0.0 -0.0 0.0 0.0 0.0 -0.0 -0.0 0.0 0.0 0.0 -0.0
-0.0 -0.084906675 0.054360572 0.0 0.0 0.108552806 -0.0 0.068538316 0.0 -0.0 0.0 -0.1636971 0.118866965 0.0 0.0 0.0 -0.098692164 -0.25276682 -0.45814648 0.0 0.0 0.0 0.0 -0.0 0.0 0.08244326 -0.0 0.10277724 -0.0 -0.0 -0.0 0.07637843 0.0 -0.0 -0.0 0.0 -0.0 -0.16847609 -0.0 0.08987453 0.0 -0.0 0.0 -0.0 -0.0 0.0 0.0 0.0 -0.0 -0.0 0.0 0.08645959 -0.0 0.0 0.0 0.31271604 -0.0 0.0 -0.0 0.0 0.0 0.0 0.0 0.0
-0.0 -0.0 -0.0 -0.0 -0.0 -0.0 -0.0 0.0 0.0 -0.0 -0.0 -0.0 -0.0 0.0 -0.0 -0.0 0.0 0.0 -0.0 -0.0 -0.0 -0.0 -0.0 -0.0 0.0 0.0 -0.0 0.0 -0.0 -0.0 -0.0 -0.0 -0.0 -0.0 -0.0 0.0 0.0 -0.0 -0.0 -0.0 -0.0 0.0 0.0 0.0 -0.0 0.0 0.0 0.0 -0.0 0.0 -0.0 0.0 0.0 -0.0 -0.0 -0.0 0.0 -0.0 -0.0 0.0 -0.0 -0.0 0.0 -0.0
0.0 0.0 -0.073215574 0.1182605 0.16656256 0.0742407 0.0 0.3838724 0.0 0.0 0.0 0.0 -0.55189025 -0.0 -0.0 -0.0 -0.0 -0.23832779 0.0 -0.0 -0.0 0.0 0.0 -0.0 0.0 0.0 -0.0 0.0 0.0 -0.0 0.0 0.13185006 0.0 -0.0 -0.0 -0.0 -0.0 -0.0 0.0 -0.0 -0.0 -0.0 0.0 0.0 0.0 0.0 0.0 0.0 0.0 0.0 0.0 0.0 0.0 0.0 0.0 0.24140766 0.0 -0.37842295 0.0 0.0 0.0 -0.17552023 0.0 0.12559211
0.0 -0.0 0.0 0.0 0.0 -0.0 -0.16470905 0.0 -0.16080263 -0.0 -0.0 0.0 0.0 0.0 -0.0 -0.0 0.0 0.2787207 0.0 -0.123211116 -0.14358184 0.0 0.0 -0.0 -0.13721691 -0.08018488 0.0 -0.103300974 0.0 0.0 -0.0 0.0 -0.0 -0.111064285 0.0 -0.113047026 -0.0 0.21570203 -0.0 -0.0 0.0 0.0 -0.13690819 -0.15059832 -0.0 -0.2171722 -0.11761128 -0.067515895 0.0 -0.08893163 0.0 0.0 0.0 -0.0 -0.0731844 -0.2312829 -0.06857188 0.0 -0.0 -0.07420631 -0.0 -0.0 -0.0872062 0.0
-0.0 0.17300856 0.086396776 0.103989534 -0.0 0.11341071 -0.0 -0.08605579 0.0 0.0 0.0 -0.0 0.0 -0.0 0.1431411 -0.0 -0.072579555 -0.22360456 -0.3108502 0.0 0.0 0.0 0.0 -0.0 -0.0 0.0 -0.0 0.0 -0.0 0.0 -0.13675702 0.0 0.0 -0.0 -0.0 0.0 -0.0 -0.10114923 0.0 -0.0 0.0 -0.1081877 -0.0 0.08305839 -0.0 0.0 -0.0 -0.0 -0.068203576 -0.0 0.0 0.0 0.08070251 -0.0 -0.0 0.18808472 -0.0 -0.0 -0.0 0.0 -0.1776104 0.089544445 -0.0 -0.093079455
0.0 0.0 -0.18608299 0.0 -0.8841343 -0.0 0.0 0.0 -0.0 -0.0 -0.0 0.0 -0.50575525 0.0 -0.0 -0.0 0.0 0.31567463 -0.0 -0.0 -0.0 -0.0 0.0 0.0 0.0 -0.0 -0.0 -0.0 0.0 0.12440815 -0.0 -0.0 -0.0 0.0 0.0 0.0 0.0 0.0 0.0 0.0 -0.0 0.0 -0.0 -0.0 0.0 -0.0 0.0 0.0 -0.0 -0.0 -0.0 -0.0 0.0 -0.0 -0.0 -0.0 -0.0 -0.0 0.0 -0.0 -0.0 -0.0 0.0 0.31096056
0.0 0.0 0.0 0.0 -0.0 -0.0 0.0 -0.0 -0.14182176 -0.07796193 -0.0 -0.0 -0.0 0.0 -0.0 0.14025518 0.11086176 0.21825892 0.0 0.11889043 -0.0 -0.18105991 -0.16067931 0.15150018 0.0 -0.0 0.0 0.0760547 -0.0 -0.0 0.06299253 -0.0 -0.10100393 0.09876345 0.0 -0.15480234 -0.18099126 0.0 0.0 -0.0 0.0 -0.0 0.08062368 0.0 0.0 -0.16161804 -0.0 0.15827784 -0.0 -0.13547327 0.0 -0.075545795 -0.0 0.0 0.14841823 -0.17436677 0.0 -0.0 -0.0 0.0 -0.0 0.0 -0.0 0.0
0.06473087 0.0 0.09922983 0.13415061 0.0 -0.12087379 -0.0 -0.0 -0.0 0.0 -0.0 0.065267846 0.07313876 -0.0 0.0 -0.0 0.07552608 0.15732421 -0.14223799 0.0 0.0 -0.0 -0.0 -0.0 0.0 -0.12442686 0.0 -0.28377664 0.0 0.0 0.17717347 -0.0 0.0 0.11166745 0.0 0.0 0.0 0.15167114 0.0 0.0 0.0 -0.09424807 -0.0 -0.0 0.0 -0.0 -0.0 0.0 -0.0 0.0 0.0 -0.0 0.0 -0.0 -0.0 -0.2500378 -0.078921445 -0.0 0.0 -0.0 0.0 -0.0 -0.0 0.06291863
-0.0 0.0 0.0 0.0 0.0 -0.14320967 0.0 0.0 0.08143948 -0.0 0.0 0.045137484 0.0 0.09194165 0.0 -0.0 0.118656956 0.10162163 0.0 0.0 0.0 -0.19799408 -0.095947884 -0.0 -0.0 -0.10612167 -0.0 -0.0 0.06081939 0.0 -0.0 0.0 -0.19145319 0.0 -0.0 -0.07009129 -0.19619972 0.15681775 -0.0 0.11173321 0.09768428 -0.0 0.16435856 0.0 0.0 -0.19356759 -0.0 -0.0 -0.0 -0.0 -0.0 0.08259161 0.0 0.1016034 0.0 -0.12909113 0.081130065 0.0 0.0 0.08799172 0.0 0.0 -0.17419423 0.0
-0.0 0.0 -0.26951513 0.0 -0.878886 -0.0 0.0 -0.22519289 -0.0 0.0 -0.0 -0.0 -0.0 -0.0 -0.0 0.0 0.0 0.46705934 -0.0 0.0 0.0 0.0 -0.0 0.0 -0.0 -0.0 0.0 -0.0 -0.0 0.0 -0.0 -0.0 -0.0 0.0 0.0 0.0 0.0 0.0 0.0 -0.0 0.0 0.0 0.0 0.0 0.31947544 -0.0 0.0 -0.0 -0.0 -0.0 0.0 -0.0 0.0 -0.0 0.0 -0.0 0.0 0.0 0.16305709 -0.0 -0.0 -0.0 -0.0 0.2826493
-0.0 -0.0 0.0 0.0 -0.0 -0.06915997 0.0 -0.0 0.0 -0.0 -0.0 -0.0 -0.0 -0.054424677 -0.0 -0.0 0.0 -0.0 0.0 -0.0 -0.0 -0.0 -0.0 -0.0 -0.0 -0.054565985 -0.0 -0.0 -0.0 -0.0 -0.047197063 -0.0 0.0 -0.038537037 -0.0 -0.03903894 0.0 -0.0 -0.0 -0.037239745 -0.0 -0.0 -0.0 -0.0 -0.0 -0.0 -0.0 -0.0 0.0 0.0 -0.0 -0.036513545 -0.0 -0.0 -0.0 -0.0 -0.0 0.0 0.0 -0.0 -0.0 0.0 0.0 -0.0
0.0 0.24751532 -0.0 -0.0 -0.0 0.13868149 0.06985076 0.0 0.0 -0.0 0.0 0.0 0.100937545 0.17282502 0.0 -0.0 -0.07168144 -0.21893391 -0.0 0.0 0.0 -0.0 -0.0 -0.0 -0.0 0.13635531 -0.0 -0.0 0.0 0.0 0.0 -0.0 -0.0 -0.0 0.0 0.0 -0.0 -0.20076981 0.0 -0.14871512 -0.2203331 0.0 -0.0 0.0 -0.09560359 -0.0 0.0 0.0 -0.0 -0.0 -0.0 -0.0 0.0 0.0 0.0 0.22397219 -0.0 0.0 -0.0 0.0 -0.23949198 -0.0 0.0 -0.0
-0.0 -0.0 -0.0 -0.0 -0.0 -0.0 -0.0 -0.0 0.0 -0.0 -0.0 -0.0 0.0 -0.0 -0.0 -0.0 -0.0 -0.0 -0.0 -0.0 -0.0 -0.0 -0.0 -0.0 -0.0 -0.0 -0.0 -0.0 -0.0 0.0 -0.0 -0.0 -0.0 -0.0 -0.0 0.0 -0.0 -0.0 -0.0 -0.0 -0.0 -0.0 -0.0 -0.0 -0.0 -0.0 0.0 -0.0 -0.0 -0.0 -0.0 -0.0 -0.0 -0.0 -0.0 -0.0 -0.0 -0.0 -0.0 -0.0 -0.0 0.0 -0.0 0.0
0.0 0.0 -0.0 -0.0 0.0 0.124912724 -0.0 0.0 -0.0 -0.0 -0.0 0.0 0.0 -0.0 -0.0 0.0 -0.0 -0.0 -0.0 0.0 -0.0 -0.0 -0.1517725 -0.0 -0.0 0.16783275 0.0 0.0 -0.18221685 0.0 -0.0 0.0 -0.13182783 -0.21403289 0.0 -0.0 -0.0 -0.0 0.0 -0.0 0.0 -0.0 0.0 -0.0 -0.0 -0.0 -0.0 0.0 -0.0 -0.0 -0.0 0.0 -0.0 -0.0 -0.0 0.16515163 -0.16319959 0.0 -0.0 -0.18918148 -0.0 -0.0 -0.0 0.0
-0.0 0.0 -0.0 -0.0 0.0 -0.16725323 -0.0 -0.0 -0.0 -0.0 -0.0 -0.0 0.0 -0.0 -0.0 -0.0 0.0 0.22452196 0.0 -0.0 0.0 -0.0 -0.0 0.0 -0.0 -0.0 -0.0 -0.0 -0.0 0.0 0.0 -0.12735754 -0.0 0.0 -0.0 0.0 -0.0 0.0 0.0 0.0 0.0 0.0 0.0 0.0 -0.0963006 -0.0 -0.0 0.0 -0.0 0.0 -0.0 -0.0 -0.0 -0.0 -0.0 -0.13450064 0.0 0.0 -0.0 -0.0 0.0 0.0 0.0 0.0
-0.0 -0.0 -0.0 -0.0 0.0 -0.0 0.0 -0.0 -0.0 -0.22816929 -0.0 -0.0 -0.0 -0.0 0.0 -0.0 -0.0 0.0 0.0 -0.0 0.0 -0.22690594 -0.11727573 -0.0 -0.0 -0.0 -0.0 0.0 -0.0 -0.0 0.0 -0.0 -0.23454146 0.0 -0.0 0.0 -0.16125092 -0.0 0.0 -0.0 -0.0 -0.0 -0.0 0.0 -0.0 0.0 -0.0 -0.0 -0.0 0.0 -0.0 -0.2242043 -0.1745192 0.0 -0.0 -0.0 0.1448273 0.0 -0.0 -0.0 -0.0 -0.0 -0.0 -0.0
-0.0 0.0 -0.0 -0.0 0.0 0.25704342 -0.25777072 0.0 0.21777757 -0.525008 -0.20075253 -0.0 -0.0 0.0 0.0 0.21142258 0.0 -0.20799902 0.0 -0.20271476 -0.4850051 0.0 -0.3866735 0.22647826 0.2875611 0.0 -0.0 -0.0 0.41495737 0.0 0.0 -0.0 0.35200754 -0.33778366 -0.0 0.0 -0.2400946 -0.0 -0.0 -0.0 0.0 -0.0 -0.0 0.30764732 0.0 0.17505066 0.34731945 -0.19012111 0.0 -0.30141968 0.0 0.19809252 0.0 0.0 -0.1274667 0.27577615 -0.2358035 -0.0 -0.0 -0.112728655 0.0 0.0 0.22227542 0.0
0.0 0.0 0.0 0.0 0.0 0.22864074 0.14701743 0.0 0.0 -0.0 0.083366 0.0 0.0 0.13583508 -0.0 0.068520114 0.0750762 -0.17287911 0.0 0.15796861 -0.0 -0.35245216 -0.24701877 0.07698263 0.14078969 0.2142568 -0.0 0.0 0.0 0.0 0.0 0.0 -0.19656534 -0.14047374 0.0 -0.0 -0.3991445 -0.089738846 -0.0 -0.0 0.09253827 -0.0 0.06788368 -0.08382033 -0.0 -0.14107308 0.0 0.0 0.0 0.0 -0.0 0.0 -0.1100522 0.07704911 0.07947365 0.26917928 0.0 0.0 -0.0 0.11959798 0.0 0.0 -0.13927792 0.0
-0.0 -0.0 -0.0 -0.0 0.0 -0.0 -0.0 -0.0 -0.0 -0.0 -0.0 -0.0 0.0 -0.0 -0.0 -0.0 0.0 0.0 -0.0 0.0 -0.0 0.0 0.0 -0.0 0.0 -0.0 -0.0 -0.0 -0.0 -0.0 -0.0 -0.0 -0.0 0.0 -0.0 0.0 -0.0 0.0 -0.0 0.0 0.0 -0.0 0.0 -0.0 -0.0 -0.0 0.0 0.0 -0.0 -0.0 -0.0 -0.0 0.0 0.0 0.0 -0.0 -0.0 0.0 -0.0 0.0 0.0 -0.0 0.0 -0.0
0.0 0.0 0.4038801 0.19149475 0.0 -0.0 0.0 -0.0 0.0 0.0 -0.0 0.0 0.35712397 -0.0 -0.27570626 0.0 0.0 0.14434808 0.0 0.0 0.0 -0.0 -0.0 -0.0 -0.0 -0.29600206 -0.0 0.0 -0.0 -0.28349388 -0.2208727 -0.19966955 0.0 -0.0 -0.0 -0.0 0.0 -0.0 0.0 -0.6436871 0.0 -0.0 0.0 0.0 -0.2478507 -0.0 0.0 0.0 0.0 0.0 -0.0 -0.0 -0.0 -0.0 0.0 -0.0 -0.0 -0.0 -0.24276659 0.0 0.0 -0.20915073 -0.0 -0.24823382
-0.0 0.0 0.0 0.0 -0.0 0.0 0.16439839 0.0 -0.083579585 -0.16844927 0.0 -0.0 0.0 -0.0 0.0 0.1733289 -0.2020771 -0.14746657 -0.0 0.15707499 -0.0 -0.1052062 -0.11304015 0.19541386 -0.14237733 0.0 0.0 -0.0 0.08843359 0.0 0.0 0.0 0.11638112 -0.0 -0.0 -0.0 -0.15596284 -0.0 0.0 -0.0 -0.0 -0.0 0.0 0.0 0.0 -0.0 -0.0 -0.19380575 0.0 -0.0 0.0 0.0 -0.0 0.0 -0.15821455 0.18753329 0.0 0.0 0.0 -0.10214783 0.0 0.0 0.0 0.0
-0.0 0.0 0.28575018 -0.0 0.20388031 0.0 -0.0 -0.135232 -0.0 -0.0 -0.0 -0.08260386 0.2829423 0.0 0.07310735 0.0 0.0 0.087472975 0.0 -0.0 0.0 0.0 0.0 0.0 -0.0 -0.0 -0.0 0.090031184 -0.0 -0.25285158 -0.0 0.0 -0.0 0.0 -0.0 -0.0 -0.0 0.13055636 -0.07909331 0.08148515 0.0 0.0 0.0 0.0 -0.0 -0.0 -0.0 -0.0 -0.0 0.0 -0.0 -0.0 0.0 0.0 0.0 -0.16289794 0.0 0.0 -0.0 -0.0 0.0 -0.0 0.0 -0.13218299
0.0 0.0 0.0 -0.0 0.07988781 -0.0 -0.0 0.0 -0.0 -0.21634765 -0.10583649 -0.0 0.0 -0.0 -0.0 -0.17374876 0.1207617 0.32399002 -0.0 -0.0 0.0 -0.1411683 -0.13373768 -0.15637746 -0.09024024 -0.0 0.0 0.0 -0.07301081 0.0 0.0 0.12538694 -0.20456246 0.15259467 0.0 -0.0 -0.10613797 -0.0 -0.0 -0.0 -0.08513787 -0.0 -0.0 -0.0 0.12814094 -0.0 0.0 -0.12500948 -0.0 0.0 0.0 -0.1475546 -0.20449056 -0.0 -0.109354235 -0.24801996 0.15152274 0.0 0.0 -0.1651799 -0.0 -0.0 -0.0 0.0
-0.0 -0.0 -0.0 0.09424057 0.0 -0.0 0.07763329 0.0 0.06789679 -0.0 0.0 0.0 0.0 0.0 -0.0 -0.0 0.077549376 -0.08445942 0.10594662 0.0 -0.0 -0.0 0.0 -0.0 0.0 0.0 -0.0 -0.06269107 -0.0 -0.0 -0.0 0.0 -0.0 -0.0 -0.0 -0.0 -0.0 -0.086432904 -0.0 -0.0 -0.0 0.0 0.08130612 -0.0 -0.0 -0.0 -0.0 0.0 0.0 0.0 -0.0 0.0 0.0 -0.0 0.0 0.0 -0.0 -0.0 0.0 0.0 -0.0 0.0 -0.0 -0.0
0.0 0.0 0.0 0.0 0.0 0.13820039 -0.16482952 0.0 -0.37239015 0.0 0.0 0.0 0.0 -0.0 0.0 -0.0 -0.16810617 -0.078090265 0.0 -0.088130005 -0.0 0.0 0.0 0.0 -0.0 0.09384348 -0.0 0.15917793 0.0 0.0 0.19101577 -0.0 0.0 -0.0 0.0 -0.13266625 0.103587806 -0.12502092 0.0 0.0 -0.0 0.0 -0.16799483 -0.0 -0.0 -0.07288824 -0.15780897 -0.0 0.0 -0.1882159 -0.0 0.0 0.0 0.10589629 -0.0 0.16532326 -0.0 -0.0 0.0 0.0 0.0 0.0 -0.0 -0.0
-0.0 0.0 0.0 0.0 0.0 -0.0 0.07685076 0.0 0.0 0.0 0.0 0.05786915 0.0 -0.0 0.0 0.0 0.13244763 0.0782681 0.0 0.06467598 -0.0 0.087987415 0.0 0.0 0.0 -0.0 -0.0 -0.0 0.07579582 0.0 -0.0 -0.0 0.0 0.0 0.0 0.0 0.0 0.11342763 0.0 0.0 -0.0 0.0 0.060295295 -0.0 0.0 0.0 0.06337876 0.0 -0.0 0.056515314 0.0 0.0 0.0 0.051844742 0.0 -0.10290045 -0.0 0.0 0.0 0.0 0.0 -0.0 0.119906574 0.0
-0.0 0.0 -0.0 0.0 -0.0 0.0 -0.0 0.0 -0.0 -0.0 0.0 -0.37616718 -0.0 -0.0 0.22921911 -0.0 -0.0 -0.19672064 0.0 -0.0 -0.0 0.0 0.0 -0.0 -0.0 0.0 0.0 0.0 -0.19740573 0.0 -0.28422213 0.0 0.0 -0.0 0.0 0.0 0.0 -0.12561136 -0.0 0.12805642 -0.0 0.0 0.0 -0.0 0.0 0.0 0.0 -0.0 0.0 -0.0 0.0 0.0 -0.0 0.0 -0.0 0.2191529 0.0 0.0 0.0 0.0 -0.0 0.0 -0.0 0.1342365
-0.0 -0.0 -0.0 -0.5801983 0.0 0.16466969 -0.0 0.0 0.0 0.0 0.0 -0.0 0.0 0.0 -0.0 0.0 -0.07653165 -0.19237264 0.0 0.0 -0.0 0.0 -0.0 0.0 -0.0 0.13705994 -0.0 0.07824041 0.0 0.0 0.0944946 0.0 -0.0 -0.0 -0.0 -0.0 -0.0 -0.122818895 -0.06577034 -0.0 0.0 -0.0 0.0 -0.0 -0.0 -0.0 0.0 0.0 0.0 0.0 -0.0 0.0 -0.0 0.0 0.0 0.21887964 0.0 0.0 0.0 0.0 -0.0 -0.0 0.0 -0.0
0.0 -0.0 -0.0 -0.0 0.0 0.10461138 -0.0 0.0 0.0 -0.07703864 -0.0 0.0 0.0 0.0 -0.0 -0.0 -0.0 -0.17831056 -0.0 -0.0 -0.0 -0.0 0.0 -0.0 0.0 0.108435206 0.0 0.0 -0.163816 0.0 0.0 0.0 -0.08870446 -0.0 0.0 0.0 -0.0 -0.09701795 0.0 0.0 0.08604866 0.0 0.0 0.0 -0.0 0.09462054 0.100894585 -0.0 -0.0 0.0 0.0 0.120384976 0.10018813 -0.1473791 0.0 0.15452601 0.0 0.0 -0.0 -0.1079952 0.0 0.0 -0.0 0.0
-0.0 0.0 0.0 0.1582667 0.0 0.16436566 0.17138132 0.0 0.1148663 -0.11372129 0.1821673 0.22715035 0.0 0.11001033 -0.3100043 0.18868077 -0.0 -0.0 -0.0 0.17405991 -0.23393187 -0.0 -0.0 0.0 0.117523864 0.09854004 0.0 0.16037339 -0.2819355 0.0 -0.0 0.1379312 0.0 -0.1818747 -0.0 -0.12548178 0.0 -0.1451528 -0.31199914 0.15577689 0.121000074 0.0 0.0 0.0 0.0 -0.19091275 0.0 -0.0 -0.0 -0.0 0.0 -0.33648503 -0.23571174 -0.31224534 -0.0 0.32892027 -0.47921896 0.0 0.0 0.11613106 -0.0 0.0 0.0 0.0
0.0 0.0 0.0 0.0 0.0 -0.18735254 -0.0 -0.0 -0.0 -0.0 -0.0 0.0 0.16492824 -0.0 0.0 0.0 0.0 0.0 0.0 -0.0 -0.0 -0.0 -0.0 -0.0 -0.0 -0.16794163 -0.0 -0.0 -0.0 0.0 -0.16022155 0.12780648 -0.0 -0.0 0.0 -0.0 -0.0 0.0 0.0 0.0 -0.1937267 -0.0 -0.17737125 0.0 0.0 -0.0 -0.0 0.0 0.0 -0.0 0.0 -0.0 -0.0 -0.0 0.0 -0.18059622 -0.0 -0.0 0.0 -0.0 -0.0 0.0 -0.0 0.23494206
-0.0 0.0 0.26299465 0.0 0.1593926 -0.0 -0.0 -0.181294 0.0 -0.0 0.0 0.0 0.20494893 0.0 -0.0 -0.0 0.0 0.0 0.24761167 0.0 -0.0 0.0 -0.0 -0.0 -0.0 -0.14139675 0.0 -0.0 -0.0 -0.12176229 0.0 0.22813968 0.0 -0.0 -0.0 0.0 0.0 0.1936528 -0.12753372 0.0 0.0 -0.20819014 0.0 -0.0 -0.0 -0.0 0.0 -0.0 -0.0 -0.0 0.11772673 0.0 0.0 -0.0 0.0 -0.0 -0.0 -0.2298971 0.0 -0.0 0.0 -0.0 -0.0 -0.0
0.0 -0.0 0.0 0.0 0.0 -0.0 -0.0 -0.0 -0.0 0.0 -0.0 0.0 -0.0 -0.0 -0.0 -0.0 0.0 0.0 -0.0 -0.0 -0.0 0.0 0.0 -0.0 0.0 -0.0 0.0 -0.0 -0.0 -0.0 -0.0 -0.0 0.0 -0.0 0.0 -0.0 0.0 0.0 -0.0 0.0 -0.0 -0.0 0.0 -0.0 0.0 -0.0 -0.0 -0.0 -0.0 -0.0 0.0 -0.0 0.0 -0.0 -0.0 -0.34815744 -0.0 -0.0 0.0 0.0 -0.0 -0.0 0.0 -0.0
-0.0 -0.0 -0.1479157 -0.0 -0.35891688 -0.33151066 0.0 0.0 0.0 0.0 0.0 -0.0 -0.3965082 0.0 -0.0 0.0 0.20186053 0.0 -0.10925358 0.0 -0.0 0.0 0.11621128 0.0 -0.0 -0.19727114 -0.0 0.116310984 -0.0 -0.31491745 0.0 -0.20313855 -0.0 -0.0 -0.0 0.0 0.08955632 0.0 -0.15012582 -0.0 0.0 -0.13669291 -0.0 -0.0 -0.0 -0.0 -0.0 0.0 0.2003669 0.0 -0.0 -0.0 0.0 -0.0 0.0 -0.09956052 -0.0 -0.0 -0.0 -0.0 -0.0 0.17569165 -0.0 -0.3122089
-0.0 0.0 -0.0 0.0 -0.0 0.0 -0.0 -0.0 0.0 -0.0 0.0 -0.0 0.0 0.0 0.0 0.35449663 0.0 -0.0 0.0 0.0 0.0 0.0 -0.0 0.0 -0.0 -0.0 -0.0 0.0 0.0 -0.0 -0.0 -0.0 0.0 -0.0 -0.0 0.0 -0.0 -0.0 0.0 0.0 -0.0 0.0 0.0 -0.0 0.0 -0.0 0.0 0.0 -0.0 -0.0 -0.0 0.0 0.0 0.0 -0.0 -0.0 0.0 0.0 -0.0 -0.0 0.0 -0.0 0.0 -0.0
