56 56 64 256 1 0 1 1
0.14802876 -0.19420989 0.0 0.0 0.0 0.0 0.0 -0.0 0.0 -0.14258437 0.0 0.0 -0.0 0.15263295 0.26187396 -0.0 -0.17017685 0.1973057 0.0 -0.19385174 0.0 -0.10946615 -0.4140867 0.4373703 -0.1870555 0.12613639 0.18685539 -0.0 -0.5415372 -0.0 0.0 -0.0 -0.0 -0.11385244 -0.0 0.0 0.3339941 -0.0 0.1328591 -0.12429337 -0.2850421 -0.0 -0.142164 -0.3807456 -0.14564086 -0.30806708 -0.0 -0.0 -0.19192803 -0.0 -0.0 -0.14616875 -0.0 -0.0 0.0 0.16080308 -0.15644118 -0.0 0.0 -0.0 -0.20883876 -0.12117702 -0.0 -0.18619278
-0.09903871 0.0 -0.31918958 -0.0 -0.0 0.16438997 0.0 0.21295454 0.0 -0.0 -0.0 -0.0 0.0 -0.0 0.0 -0.0 -0.17961216 0.0 -0.0 -0.0 0.0 0.0 0.0 -0.0 0.0 -0.0 0.0 -0.0 -0.0953003 0.0 -0.0 -0.0 -0.10576627 0.0 0.0 -0.109679386 -0.0 -0.08537213 0.0 -0.0 0.23388915 0.0849131 -0.0 0.0 0.0 -0.09126242 -0.0 -0.0873288 0.13973644 -0.0 -0.0 -0.0 0.0 0.15557943 -0.1337396 -0.0 -0.10369377 -0.0 0.0 0.0 -0.0 0.0 -0.0 -0.16274694
0.0 -0.0 0.1551845 0.0 -0.0 -0.11721708 -0.0 -0.0 -0.082227185 -0.0 -0.0 0.0 0.0 -0.0 -0.08231414 -0.0 -0.0 -0.0 0.0 -0.0 -0.0 -0.0 -0.0 0.0 0.0 -0.14488858 0.0 -0.09377385 0.15170325 0.0 0.061084498 0.0 0.0 -0.0 0.0 -0.0 0.09325717 0.0 -0.0 -0.0 -0.0 -0.0 -0.0 0.067783855 -0.12318363 0.0 -0.0 0.0 0.0 -0.0 0.0 0.123475224 -0.0 -0.083399914 0.062487498 0.0 0.0 -0.0 -0.0 -0.0 0.0 -0.0 -0.0 -0.0
0.0 0.05266529 0.14821044 -0.0 0.0 -0.13776617 -0.0 -0.0 -0.1010998 -0.08990586 -0.0 0.0 -0.0 0.086690366 -0.0 -0.0 0.0 -0.0 0.0 -0.0 -0.0 0.058649227 -0.119326584 -0.0 0.0 -0.0 -0.09214712 -0.0 -0.0 -0.0 -0.0 0.13064761 0.0 0.0 -0.0 0.0 0.06852406 -0.0645457 -0.12280786 -0.0 -0.1246906 -0.060236555 -0.0 0.0 -0.0 -0.0 0.0 0.09430129 0.12169441 -0.0 -0.06625207 0.0 0.0 -0.0 0.0 0.0 -0.116607025 0.0 0.0 -0.091730475 0.16312295 0.0 -0.0 -0.0
0.0 -0.0 -0.0 0.0 -0.0 -0.0 -0.0 -0.0 -0.0 -0.0 -0.0 -0.0 -0.0 -0.0 0.0 0.1058675 0.0 0.0 0.0 0.0 -0.0 0.0 0.0 0.0 0.0 -0.0 -0.0 0.0 -0.0 0.0 -0.0 0.0 0.0 -0.14066604 -0.0 -0.0 0.0 0.0 0.0 0.0 0.0 -0.0 -0.0 -0.0 0.0 -0.0 0.0 -0.0 -0.0 0.0 0.0 0.0 0.0 -0.0 -0.06840202 0.0 0.08915977 0.0 -0.0 0.0 0.0 0.18548441 0.093268186 -0.08637834
-0.0 -0.0 -0.0 -0.0 0.0 0.0 -0.0 -0.0 0.0 -0.0 -0.0 0.0 0.0 -0.0 0.0 0.0 -0.0 0.0 0.0 0.0 0.0 -0.0 -0.0 0.0 0.0 0.0 -0.0 -0.0 0.0 0.0 0.0 0.0 0.0 0.0 0.0 -0.0 0.0 -0.0 -0.0 -0.0 -0.0 -0.0 -0.0 -0.0 0.0 0.0 0.0 -0.0 -0.0 0.0 -0.0 0.0 -0.0 0.0 -0.0 0.0 0.0 0.0 -0.0 -0.0 -0.0 -0.0 -0.0 -0.0
-0.0 -0.0 -0.0 0.0 -0.0 -0.0 0.0 0.0 -0.0 -0.0 -0.0 0.0 0.0 0.0 0.0 -0.0 -0.0 -0.0 -0.0 -0.0 0.0 0.0 -0.0 -0.0 0.0 0.0 -0.0 0.0 -0.0 -0.0 0.0 -0.0 -0.0 0.0 0.020501634 -0.0 -0.0 -0.0 -0.0 -0.023315817 0.0 0.0 -0.0 -0.0 -0.0 0.0 -0.0 -0.0 -0.0 -0.0 0.0 0.0 -0.0 0.0 0.0 0.0 -0.0 -0.0 -0.0 -0.0 -0.0 -0.0 -0.0 0.0
0.33889413 -0.1823038 -0.15259428 0.0 0.0 0.24319826 -0.0 0.22364236 0.29160818 0.0 0.0 0.1375764 0.21930905 -0.0 -0.0 0.0 0.0 -0.0 -0.0 -0.0 -0.12466737 -0.24556687 -0.0 0.0 -0.0 -0.0 -0.0 -0.0 -0.0 -0.0 -0.17581272 -0.0 0.0 0.0 -0.0 -0.0 0.33094665 -0.0 -0.0 -0.099114336 0.0 -0.0 0.0 -0.41030464 -0.0 -0.2599353 -0.0 -0.0 -0.16837107 0.0 0.0 -0.0 -0.0 0.0 0.0 -0.0 -0.2474283 -0.0 0.0 0.1285676 -0.27937493 -0.0 0.17083214 -0.0853003
0.22275393 0.098926134 -0.22603422 0.19869529 0.0 -0.1569848 0.48210302 0.20014857 -0.0 -0.0 0.0 0.0 -0.14810759 -0.0 -0.0 -0.0 0.0 -0.0 0.0 0.16909388 0.0 0.0 0.0 -0.0 -0.3896327 -0.17664118 -0.0 0.48539653 -0.0 -0.28270763 0.0 -0.0 0.111032486 0.0 -0.0 -0.0 -0.28754377 -0.0 -0.2203457 -0.1207776 -0.1988066 -0.0 0.0 -0.12349754 0.0 -0.0 0.16283637 0.0 -0.17888668 -0.23476584 0.1384419 -0.0 -0.0 -0.0 -0.18858558 -0.0 -0.0 0.14830926 0.0 0.26060697 0.0 -0.0 0.0 0.35914055
-0.095882796 -0.0 -0.16472507 -0.0 -0.08424811 0.0 -0.0 -0.1724155 0.0 0.0 0.0 -0.0 0.0 -0.0 0.12950717 -0.17196044 0.15652691 -0.0 -0.0 0.26971292 0.15805203 0.18455824 -0.0 -0.10687239 -0.0 0.2863634 -0.11676255 -0.0 -0.0 -0.15361011 -0.0 -0.14518864 0.13463753 0.0 -0.0 -0.15767263 -0.0 -0.16865349 -0.0 -0.0 0.0 -0.0 0.0 -0.0 0.09447682 -0.10880683 -0.0 0.0 -0.48622185 -0.0 -0.0 -0.0 -0.0 -0.11119499 -0.0 -0.1985811 0.0 0.19996804 0.0 -0.0 0.0 -0.09703626 -0.0 0.22446008
0.09258628 -0.0 -0.0 0.0 0.0 -0.0 -0.0 0.0 -0.0 -0.0 -0.0 -0.0 -0.0 0.0 0.0 0.0 0.058325876 -0.0 0.0 -0.0 -0.0 0.0 -0.0 0.0 0.048149887 0.09087831 0.0 0.0 0.08622185 -0.0 0.0 0.0 -0.0 -0.0 -0.0859379 0.0 0.08974824 0.0 -0.0 0.13213214 0.0 0.08952403 -0.0 0.17122808 0.09708448 -0.0 0.0 0.0 -0.0 0.0 0.10756597 0.09591925 -0.0 -0.0 -0.0 0.08518254 0.10371354 -0.0 0.0 0.0 -0.0 0.0 0.0 -0.0
-0.0 0.0 0.08483938 -0.16955997 -0.0 -0.0810802 0.14808509 0.0 -0.15676664 0.0 -0.07252231 0.18776736 0.18215099 0.09023323 0.09846419 0.0 -0.0 0.0 -0.0 -0.0 -0.0 -0.0 0.12910013 -0.0 -0.0 -0.124019034 0.0 -0.13201778 -0.0 -0.073969714 0.0 0.0 0.10106928 0.0 -0.0 -0.0 0.0 0.08507357 -0.0 -0.12775466 -0.0 -0.0 -0.0 -0.20851995 0.0 -0.0 0.0 0.18880728 0.0 -0.0 0.0 0.0 0.0 -0.0 0.112032555 -0.0 0.0 0.082073316 -0.0 -0.0 0.14770368 -0.0 0.08546915 -0.0
-0.0758961 0.07708693 0.0 0.0 0.0 0.0 0.0 0.0 0.0 0.0 0.0 0.080186054 -0.0 -0.0 -0.0 0.07701726 0.0 0.0 -0.0 0.0 -0.0 -0.0 0.0 0.0 -0.0 0.15157698 -0.0 0.065043785 0.08984772 0.0 -0.0 -0.084480554 0.17350881 0.0 -0.0 -0.0 -0.13042477 0.0 0.0 0.0 0.076829724 -0.0 -0.1404349 -0.0 -0.06591938 0.0 0.100933746 0.0 0.058810852 0.0 0.081600696 0.07821635 0.0730953 -0.0 -0.08157976 -0.0 -0.08793339 0.0 0.105851315 0.0 0.0 0.09138185 0.117987305 -0.0
0.18483849 0.0 -0.0 0.0 0.0 -0.0 -0.0 -0.30439517 0.0 -0.14761406 0.0 -0.20266597 0.0 0.0 0.17614308 -0.0 -0.11819579 0.22820833 0.0 0.15410502 -0.1349595 -0.17717388 0.0 -0.21395132 -0.6549351 -0.22873919 -0.0 -0.0 -0.20379932 -0.23318493 -0.13309638 0.0 -0.0 0.0 0.0 -0.0 0.0 -0.4521903 -0.38569313 -0.0 0.2209302 0.0 0.18248643 0.0 -0.19874461 -0.0 -0.12350435 0.13941683 -0.13773082 -0.33241588 -0.50900495 -0.17209123 -0.0 -0.3267224 -0.0 0.0 -0.0 0.14218365 0.0 -0.0 0.14605625 0.0 -0.0 -0.21433589
0.0 -0.0 -0.0 0.0 -0.0 -0.0 -0.0 -0.0 -0.0 0.0 0.0 -0.0 0.0 0.06760091 0.0 0.0 -0.0 -0.0 -0.0 0.0 -0.0 0.0 0.0 -0.0 0.0 -0.0 -0.0 -0.0 -0.08453038 -0.0 -0.0 0.0 -0.0 0.0 0.0 -0.0 0.0 0.0 -0.11652912 -0.0 0.0 -0.0 0.0 0.0 -0.05296096 -0.051549796 0.0 0.0 0.0 -0.0 -0.06635235 0.0 0.0 -0.0 0.06007285 -0.0 -0.0 0.0 0.0 -0.0 0.0 0.065563425 0.0 -0.0
0.0 0.0 0.09956138 0.0 -0.0 -0.0 0.0 0.0 -0.1219565 -0.06415771 -0.0 0.053942543 -0.0 -0.0 -0.0 0.0 0.06832024 -0.0 0.050758086 -0.0 -0.0 0.078775644 0.0 0.0 0.0 0.09650397 -0.06431462 -0.12342448 0.0 -0.060856085 -0.0 0.06814964 0.06576746 0.0 -0.0 -0.0 0.14595106 0.0 -0.06802494 -0.0 -0.0 -0.0 -0.04602953 0.07655166 0.0 -0.04580546 0.07041744 0.0 0.057550784 0.0 -0.08774949 -0.0 -0.0 -0.0 0.04316132 0.0 -0.0 0.0 0.0 -0.06442662 0.057299513 -0.0 -0.10727167 -0.0
-0.0 -0.124581814 -0.3364558 0.10982921 0.20979698 0.32223603 0.17324474 0.0 0.0 -0.28449386 -0.0 0.0 -0.0 0.17139973 -0.3355292 0.0 -0.22328962 -0.0 0.0 -0.2679521 -0.0 -0.36290938 -0.0 0.0 -0.0 0.0 -0.0 -0.23315713 -0.0 -0.0 -0.26539487 -0.0 0.0 -0.0 0.0 0.26493153 0.0 -0.12382346 0.0 0.1673777 0.0 0.15598793 -0.0 -0.43254837 -0.0 -0.23247264 0.0 0.0 0.0 -0.0 -0.20040096 -0.0 0.0 -0.0 -0.3235025 0.24835584 -0.15933521 -0.0 -0.2789585 0.0 -0.24938583 -0.0 0.0 0.19543973
-0.0 -0.0 -0.078805245 0.0 -0.15133388 0.09098545 0.0 0.0 -0.0 -0.0 -0.0 -0.0 -0.0 -0.0 0.0 -0.0 0.0 -0.0 0.0 -0.0 -0.0 0.0 0.0 -0.079984486 -0.0 -0.0 0.0 -0.0 -0.0675269 -0.0 -0.06015503 -0.0 0.0 -0.0 -0.0 -0.0 -0.0 -0.0 -0.0 -0.0 0.0 0.0 -0.0 0.0 -0.0 -0.07925325 0.0 0.0 0.0 0.0 0.0 -0.0 -0.0 0.054643333 -0.0 -0.0 -0.0 -0.0 -0.0 0.0 -0.12716107 0.0 -0.0 -0.0
0.0 0.0 -0.0 0.0 0.0 0.0 -0.0 -0.0 0.09851264 -0.0 -0.15383565 0.0 -0.0 0.1079999 0.17588496 0.0 -0.0 0.12009004 0.0 -0.08011409 -0.0 -0.0 -0.17958649 0.0 -0.0 0.22365522 0.14371537 -0.0 -0.122494 -0.16344823 -0.0 -0.0 -0.0 0.0 -0.0 0.0 0.0 0.0 0.0 -0.0 0.0 -0.09111405 -0.0 -0.0 -0.20259425 -0.0 0.14707707 -0.0 -0.0 0.11679992 -0.0 -0.122556865 0.0 -0.0 0.0 0.14145201 0.0 0.0 -0.0 -0.0 -0.0 -0.0 -0.10162971 -0.0
-0.0 -0.0 -0.0 0.0 -0.0 0.0 -0.0 -0.0 -0.08164046 -0.0 -0.0 -0.0 0.0 -0.0 0.0 -0.0 -0.0 -0.0 0.0 -0.0 -0.0 0.0 -0.12314449 0.0 0.0 -0.186826 0.17936029 -0.0 -0.13680433 0.0 -0.0 0.0 -0.0 0.0 -0.0 -0.0 -0.076243795 0.0 0.0 -0.0 0.0 0.0 -0.0 0.0 -0.0 -0.1748892 0.076821566 -0.0 -0.0 0.0 -0.112509325 -0.09898546 0.08429487 -0.09621134 -0.0 -0.0 -0.0 0.0 0.0 0.11972927 0.0 0.14666425 0.0 -0.0
0.0 0.0 -0.0 -0.0 -0.0 -0.0 -0.0 -0.0 -0.0 0.0 -0.0 -0.0 -0.0 0.0 0.0 0.0 -0.0 -0.0 0.0 0.0 -0.0 -0.0 0.0 -0.0 -0.0 -0.0 0.0 0.0 -0.0 -0.0 0.0 0.0 -0.0 -0.0 -0.0 0.0 0.0 0.0 -0.0 -0.0 -0.0 0.0 -0.0 -0.0 0.0 0.0 -0.0 0.052706797 -0.0 0.0 0.0 -0.0 -0.0 -0.0 0.0 0.043991137 -0.0 -0.0 0.0 -0.0 0.0 0.0 0.0 -0.053737763
0.0 0.0 0.0 -0.0 -0.0 0.0 -0.0 -0.0 -0.0 -0.0 0.0 -0.0 -0.0 0.0 -0.12965813 -0.0 0.0 -0.0 -0.0 0.0 0.11412427 0.0 0.0 -0.0 -0.0 -0.08239126 -0.0 -0.15245904 -0.058121186 0.0 0.0 -0.0 0.0 -0.11406779 -0.07347319 0.0 0.0 0.0 0.0 -0.0 -0.0 -0.0 -0.10510838 -0.0 0.0 0.13263553 -0.10137654 -0.11305884 -0.0 0.0 -0.0 -0.0 -0.15643689 -0.0 -0.0 -0.0 -0.0 0.0 -0.0 0.085599326 -0.090204135 -0.0 -0.0 0.0
0.0 0.0 0.0 -0.0 0.0 0.0 0.0 0.0 -0.0 -0.0 0.0 -0.0 -0.0 0.0 -0.0 0.0 0.0 0.0 -0.0 0.0 0.0 0.0 0.0 -0.0 0.0 0.0 -0.006933459 -0.0 0.0 -0.0 0.0 0.0 0.0 0.0 -0.0 0.0 0.0 0.0 0.0 -0.0 0.0 0.0 0.0 0.0 -0.0 0.0 -0.0 0.0 -0.0 0.0 0.0 0.0 -0.0 0.0 0.0 0.0 0.0 -0.0 -0.0 0.0 -0.0 0.0 -0.0 0.0
0.0 -0.11356051 0.0 -0.0 0.17285304 -0.0 -0.0 0.0 0.20812514 0.0 -0.0 0.057537388 -0.0 -0.0 -0.0 -0.25535506 0.0 0.0 -0.0 0.0 0.12904724 0.13981839 0.0 -0.0 0.0 0.13616304 -0.0 0.0 0.0 0.0 0.093466476 0.06367761 0.0 0.0 -0.0 0.0 0.0 -0.10626849 0.0 0.08880787 -0.0 -0.083218426 -0.13255507 0.0 -0.0 0.0 0.0 -0.09226704 0.0 -0.0 -0.11895427 0.0 -0.10500888 -0.13131306 -0.117187575 -0.0 0.0 0.08994538 -0.0 0.0 -0.18103895 -0.24846411 -0.06583398 0.14938788
-0.36652073 -0.1787687 -0.0 0.2567602 -0.0 -0.0 -0.0 -0.14733095 -0.0 -0.24931487 -0.0 -0.1266446 0.29512975 -0.0 -0.13676079 -0.0 0.0 -0.17653178 -0.0 -0.17700353 0.112109 0.0 -0.0 -0.093950324 -0.17413121 -0.4673172 0.123611495 -0.0 -0.11975084 0.0 0.23152307 -0.0 0.0 -0.28125966 0.0 0.0 0.22222959 0.27252194 -0.0 0.0 0.0 0.0 0.20414737 -0.22106417 0.10741303 0.0 -0.0 0.13942535 -0.14697008 -0.14267956 -0.14945123 -0.0 -0.0 0.0 -0.0 0.0 0.30332673 0.0 0.0 -0.07609402 -0.0 -0.17728065 -0.21762085 -0.23181646
0.0 -0.0 0.0 -0.0 0.0 -0.0 -0.0 -0.0 -0.0 -0.0 0.0 0.0 0.0 -0.0 0.0 -0.077206306 0.0 0.0 0.0 0.0 0.03812844 0.0 -0.0 -0.0 0.037576314 -0.056235604 -0.0 0.0 -0.0 -0.0 0.0 0.054511856 0.0 -0.0 0.0 0.08825302 0.0 -0.0 0.0 0.0 0.0 -0.0 0.0 0.0 -0.046356276 0.0 0.0 -0.0 0.0 -0.0 -0.0 -0.0 0.0 -0.0 -0.0 -0.09584575 -0.0 0.0 -0.13647972 0.0 0.04265187 -0.0 -0.0 0.05377341
0.0 -0.0 -0.0 -0.0 0.0 0.06281929 0.0 -0.0 -0.0 -0.0 -0.0 -0.1393144 0.0 -0.0 -0.0 0.103568025 0.0 -0.0 0.0 0.0 -0.0 0.0 -0.0 -0.0 0.0 0.0 -0.0 -0.0 0.0 -0.065388516 -0.0 -0.0 0.0 -0.0 -0.0 0.0 -0.0 0.0 0.0 0.0 0.0 0.0 0.065913945 0.0 0.0 0.0 -0.0 0.0 0.0 0.0 -0.0 0.0 -0.0 -0.0 -0.0 0.0 -0.07750316 -0.0 -0.102031566 -0.0 0.0 -0.0 0.0 -0.0
0.0 -0.0 -0.0 0.0 -0.0 0.16101848 -0.0 -0.0 -0.20346525 -0.118767105 -0.0 -0.0 0.0 -0.0 -0.08594711 -0.0 -0.0 -0.0 0.0 -0.0 0.0 0.081169605 -0.0 -0.0 0.0 -0.0 -0.0 -0.0 0.0 -0.0 -0.0 -0.0 0.0 -0.0 0.40178308 0.0 -0.0 -0.0 -0.0 0.0 -0.0 0.0 0.0 0.07603088 0.0 0.0 0.0 0.0 -0.0 0.0 0.0 0.0 -0.0 -0.0 -0.0 -0.0 -0.0 0.0 0.0 -0.0 -0.12928386 -0.12572868 0.0 0.0
-0.0 0.046757426 -0.0 -0.0 0.0 -0.0 -0.0 -0.0 -0.0 0.0 -0.0 0.0 0.0 -0.0 -0.0 -0.035382632 0.0 0.0 0.0 -0.0 0.0 0.0 -0.0 -0.0 -0.0 -0.0 -0.0 -0.0 -0.0 0.0 0.0 0.0 0.03860526 -0.0 0.059053447 0.0 -0.0 0.0 -0.0 -0.0 0.0 -0.0 -0.0 0.0 -0.0 0.0 -0.0 0.0 0.0 -0.0 0.0 -0.0 0.0 -0.0 0.0 -0.0 -0.0 0.0 0.0 0.0 -0.0 0.0 -0.0 0.0
0.0 0.0 -0.0 -0.0 -0.12370392 0.108535014 0.0 0.0 0.0 0.0 0.0 0.0 -0.0 -0.0 -0.0 0.21555601 -0.0816816 -0.0 -0.0 -0.0 0.0 -0.0 0.0 0.0 -0.0 -0.0 -0.0 0.0 -0.0 0.0 0.0 -0.0 -0.0 0.0 0.0 -0.0 -0.09543847 -0.0 -0.0 -0.0 -0.0 0.13200115 0.0 0.0 0.0 0.0 -0.11116324 0.0 0.0 0.0 0.0 -0.13420376 -0.0 -0.0 -0.0 0.0 -0.118352115 -0.0 -0.0 -0.0 -0.19842196 -0.0 0.0 0.12053592
-0.5058292 -0.1605336 -0.0 -0.39342225 -0.0 0.2984398 -0.2580705 -0.0 -0.0 -0.0 -0.23538102 -0.14125572 0.0 0.0 -0.21653488 0.0 0.0 -0.22222658 0.0 0.34350708 0.0 -0.0 -0.24470001 0.0 0.0 -0.2880522 -0.0 -0.2025613 0.0 -0.0 0.0 -0.17758843 -0.16816097 0.0 -0.0 0.0 0.0 -0.0 -0.0 0.37363088 0.15236637 0.0 -0.0 0.0 0.0 0.17917174 0.0 0.0 0.2033696 0.49457452 -0.0 0.0 0.2494932 -0.0 -0.17059067 -0.0 -0.0 -0.20718132 0.0 0.0 -0.0 0.21141966 -0.109887145 -0.0
-0.12858897 0.0 -0.0 -0.0 -0.0 -0.0 -0.0 0.0 -0.13578385 -0.0 0.0 0.0 -0.0 0.0 -0.11076272 -0.0 0.0 -0.0 -0.0 -0.0 -0.0 0.0 -0.0 -0.0 0.0 -0.0 -0.0 0.0 -0.0 0.0 0.0 -0.0 0.0 -0.0 0.0 0.0 -0.0 0.0 0.0 -0.0 -0.0 -0.0 -0.0 0.0 -0.0 0.0 -0.0 -0.0 0.0 -0.0 0.0 -0.0 -0.0 -0.0 -0.0 0.0 -0.0 0.0 0.0 0.0 0.0 -0.0 -0.0 0.0
-0.03599704 -0.0 0.0 0.0 -0.0 0.0 0.03796219 -0.0 0.0 0.0 0.0 -0.0 0.0 0.053800683 0.0 -0.06262284 -0.10484926 -0.0 -0.0 -0.06870549 0.0 -0.053162973 0.0 0.030248674 -0.0 0.0 -0.0 0.0 0.0 -0.0 -0.0 0.0 -0.07642404 0.06290242 -0.0 -0.05452427 -0.0 -0.0 0.041776266 0.038677048 0.0 0.034402885 0.0 0.028303143 0.0 -0.06092163 0.0 -0.0 -0.0723273 -0.0 0.0 0.0 0.043672845 0.0 -0.0 -0.063984334 -0.0 0.0 0.047310814 0.0 -0.0 0.05850761 0.0 0.0
0.0 0.0 0.0 0.0 -0.0 0.0 0.0 0.0 0.0 0.0 -0.0 0.0 -0.0 0.0 -0.0 0.0 0.0 -0.0 -0.0 -0.0 -0.0 0.0 0.0 0.0 -0.0 0.0 0.0 0.0 -0.0 -0.0 0.0 0.0 0.0 0.0 0.0 -0.0 -0.0 -0.0 0.0 -0.0 -0.0 0.0 -0.0 0.0 -0.0 0.0 -0.0 -0.0 0.0 -0.0 -0.0 0.0 0.0 0.0 0.0 0.0 -0.0 -0.0 0.0 -0.0 0.0 -0.0 -0.0 0.0
-0.0 0.0 -0.062193803 -0.0 -0.0 0.0 0.0 0.0 0.0 -0.0 -0.0 -0.068461254 -0.0 0.0 0.0 0.0 -0.0 -0.0 -0.0 0.0 -0.0 0.054684695 0.0 -0.0 0.063778594 -0.06528229 -0.0 0.0 -0.0 0.0 -0.0 -0.0 -0.0 -0.0 -0.0 -0.060177386 -0.0 0.0 -0.0 -0.0 0.0 -0.0 0.0 -0.0 -0.0 -0.0 -0.0 -0.0 0.0 -0.073683806 -0.0 -0.0 0.0 0.0 -0.0 -0.080879286 0.0 0.0 0.0 0.0 -0.0 -0.0 -0.0 0.0
-0.0 -0.0 -0.0 -0.37189624 0.0 -0.16796023 0.0 -0.0 -0.105269656 0.0 -0.23595488 0.0 0.3128116 0.0 -0.21743341 0.13683292 0.0 0.0 -0.15425228 0.0 -0.12587018 0.23237737 -0.23245597 0.0 0.0 -0.0 -0.0 0.16865988 -0.0 0.18465655 0.0 0.0 0.0 -0.0 0.0 0.23743306 -0.0 0.29979217 0.0 -0.0 -0.0 -0.23672509 -0.36036542 -0.0 -0.20309551 0.0 0.24303353 -0.0 0.17243491 -0.0 0.0 0.0 0.0 0.0 -0.0 0.0 -0.0 -0.0 0.0 -0.20897809 -0.23562023 0.21416731 0.0 0.20851652
0.13854155 -0.0 -0.0 -0.0 -0.13389732 0.0 0.0 -0.08378704 0.08717111 0.23072834 -0.0 0.22400229 -0.0 0.0 0.09298224 0.0 -0.20209788 -0.093687 -0.0 -0.16292925 -0.0 -0.0 -0.0 0.0 0.0 0.0 -0.0 0.0 -0.0 -0.0 -0.0 0.14123526 -0.0 0.07172588 0.0 0.0 -0.0 -0.0 -0.0 -0.0 -0.0 -0.0776775 -0.0 -0.0 -0.0 0.0 0.0 -0.0 -0.0 0.0 -0.0 -0.0 0.0 -0.0 0.06960531 0.0 -0.16091904 0.0 -0.08982988 -0.0 -0.12978972 0.13053009 -0.0 0.0
-0.0 -0.0 0.12535135 -0.0 -0.0 -0.0 0.0 0.08622241 -0.0 0.0 -0.0 -0.0 0.0 -0.0 -0.0 -0.0 0.07065844 0.0 0.0 -0.0 0.1074819 0.0 -0.12938313 0.0 -0.0 0.0 0.14929865 -0.104657546 0.0 -0.07187839 0.0 0.0 0.0 -0.0 -0.0 -0.0 0.0 0.0 -0.07925185 -0.0 -0.06953429 -0.0 0.0 0.0 0.07797657 0.0 0.0 -0.12748255 -0.0 0.06575152 0.0 -0.09630004 -0.0 -0.0 0.0 0.0 -0.0 0.0 0.0 0.17466477 0.0 0.0 0.0 0.0
-0.13941108 0.0 0.0 0.0 -0.0 0.0 -0.0 -0.0 0.0 -0.0 0.0 -0.0 0.0 0.14975533 0.0 -0.0 -0.17160885 -0.0 0.0 0.0 -0.21559599 -0.0 0.0 -0.16609383 0.0 0.0 -0.18258798 -0.0 -0.34672722 -0.0 -0.19810906 0.0 -0.13189647 0.0 0.0 -0.0 -0.07564283 -0.1655023 -0.0 -0.0 0.0 0.0 0.0 -0.0 0.0 -0.0 -0.0 -0.0 -0.0 -0.0 -0.0 -0.0 0.14117852 -0.108971976 0.17142746 -0.12720828 -0.0 0.0 0.0 0.0 -0.0 0.19848779 0.1699556 -0.0
0.0 0.16287951 -0.11126035 -0.16225003 -0.0 -0.0 -0.0 -0.15596634 -0.0 0.0 -0.12661484 -0.14886668 0.0 0.0752487 -0.0 -0.0 0.08317186 -0.0 0.16638416 0.0 -0.111031346 0.0962251 -0.0 -0.0 0.0 -0.0 0.0 0.12899558 0.0 -0.13167532 0.0 0.0 -0.21020418 -0.15387407 0.0 -0.0 -0.06738499 -0.1972689 0.0 0.0 -0.123472296 -0.0 -0.06934353 -0.0 -0.0 -0.0 -0.12408022 -0.0 0.0 -0.0 0.0 0.0 -0.0 0.0 0.171269 -0.0 -0.14497809 0.0 0.0 -0.0 0.12864165 -0.20689513 -0.0 -0.0
0.0 0.07361758 0.10115801 0.0 -0.0 -0.0 0.039292675 -0.0 -0.13719429 -0.0 -0.0 0.08639158 -0.059210576 -0.0 -0.0 -0.0 0.10393877 0.0 0.0 -0.11298745 -0.0 0.09723004 -0.0693176 0.0 0.0 0.10597973 0.0 -0.07385014 0.0 -0.06642508 0.0 0.1391526 0.11152534 0.0 -0.0 -0.0 0.1119297 -0.0 -0.0 -0.0 -0.0 -0.0 -0.06854679 0.06459544 0.0 -0.07361427 0.127407 -0.11875939 0.07329365 0.0 -0.069942065 -0.0842211 0.0 -0.053163424 0.06909851 0.0 -0.0 0.07513107 0.0 0.0 0.0 0.0 -0.12183998 0.0
0.0 0.1415275 0.0 -0.0 -0.0 0.0 -0.0 -0.0 -0.0 0.1406396 0.34754077 0.44418588 -0.0 0.0 -0.17900486 0.34802547 -0.29062754 -0.0 0.0 -0.23470145 0.0 -0.22443344 -0.0 -0.0 -0.0 -0.0 0.0 0.0 -0.0 -0.0 -0.197984 0.0 -0.0 -0.0 -0.0 0.0 -0.0 0.0 -0.14541301 -0.0 -0.0 -0.0 0.4072832 -0.17181142 -0.14791274 -0.0 0.0 -0.0 0.0 -0.0 -0.24106598 -0.0 -0.0 -0.0 -0.0 -0.0 -0.24506874 0.4060587 -0.28357476 -0.0 -0.17211935 -0.18185131 0.2785872 0.0
0.13020186 -0.0 0.20191418 -0.15901741 -0.0 0.10078064 -0.0 -0.11437912 -0.0 0.11267292 -0.1177406 -0.06313182 -0.090768576 0.1788483 -0.0 0.066232525 0.0 -0.099193126 0.08574333 0.109048806 -0.065637596 0.10171257 -0.0 -0.0 -0.13774288 0.0 0.0 0.0 0.0 -0.09520282 0.0 0.0 -0.0 0.12396539 0.0 -0.0 -0.096036784 -0.0 -0.10208713 -0.0 0.0 -0.10885248 -0.0 0.11467455 -0.05354889 0.0723466 -0.06935625 0.0 0.0 -0.08712921 -0.0826899 -0.16661403 0.08218543 0.0 -0.0 -0.1541937 -0.11708472 -0.0 0.0 0.0 0.0 0.17434539 -0.098323256 0.0
-0.0 -0.0 -0.0 -0.0 0.0 0.0 -0.0 0.0 -0.0 0.0 0.0 0.0 0.0 0.0 0.0 -0.0 0.0 0.0 0.0 0.0 0.0 0.0 -0.0 -0.0 0.0 -0.0 -0.0 0.0 -0.0 0.0 -0.0 -0.0 -0.0 0.0 0.0 -0.0 -0.0 -0.0 -0.0 -0.0 0.0 0.0 -0.0 -0.0 0.0 0.0 0.0 0.0 0.0 0.0 0.0 -0.0 0.0 -0.0 -0.0 -0.0 -0.0 0.0 -0.0 -0.0 -0.0 -0.0 -0.0 -0.0
0.0 0.0 -0.0 -0.0 -0.0 -0.0 0.0 -0.0 0.0 0.0 -0.0 -0.0 -0.0 0.0 0.06088131 -0.0 -0.0 0.0 -0.0 0.0 -0.0 0.0 -0.04877831 -0.07737488 0.0 0.0 0.0 0.0 0.04299515 -0.0 -0.0 -0.063786834 -0.0 -0.0 0.0 -0.0 -0.0 -0.0 -0.09414327 0.052637044 -0.0 -0.0 0.030555943 0.0 -0.0 -0.0 0.0 0.08141128 0.0 0.0 -0.0 0.061309777 -0.0 0.0 -0.0 -0.0 0.0 -0.0 -0.0 -0.0 0.0 0.0 -0.0 0.03542483
-0.0 -0.11217576 0.0 -0.18997765 -0.17528932 0.15897638 -0.0 0.0 0.10814345 -0.11787943 -0.11887412 -0.0 0.0 0.0 0.0 0.12040318 -0.0 -0.206368 -0.071542226 0.0 -0.07634721 -0.0 -0.0 0.0 -0.0 -0.16439696 0.0 -0.0 -0.0 -0.0 -0.0 -0.1288567 -0.17838033 0.13299423 -0.0 -0.0 -0.0 -0.0 0.0 -0.0 -0.13484931 -0.1006095 -0.1619917 0.19746643 -0.0 0.0966786 -0.13540407 -0.0 0.0 0.07386466 -0.0 0.0 0.0 0.0 0.13166693 -0.0 0.0 -0.0 0.0 0.0 -0.12146323 -0.0 0.0 0.0
0.0 -0.0 0.0 -0.0 -0.0 -0.0 -0.0 -0.0 -0.0 0.0 0.0 0.0 -0.0 -0.0 -0.0 -0.0 0.0 -0.0 0.0 -0.0 0.0 -0.0 0.0 0.0 -0.0 0.0 -0.0 0.0 0.0 0.0 0.0 0.0 -0.0 0.0 0.0 -0.0 -0.0 0.0 -0.0 -0.0 -0.0 0.0 -0.0 0.0 -0.0 -0.0 -0.0 -0.0 0.0 0.0 0.0 0.0 -0.0 0.0 0.0 -0.0 -0.0 0.0 -0.0 0.0 0.0 -0.0 0.0 -0.0
-0.0 -0.0 -0.0 0.0 0.0 0.0 0.0 -0.0 -0.0 0.0 0.0 0.0 0.0 -0.0 0.0 0.0 -0.0 -0.0 0.0 0.0 0.0 0.0 0.0 -0.0 0.0 0.0 -0.0 -0.0 -0.0 -0.0 -0.0 0.0 0.0 0.0 0.0 0.0 0.0 -0.0 -0.0 -0.0 0.0 -0.0 0.0 -0.0 0.0 0.0 0.0 0.0 -0.0 -0.0 -0.0 0.0 -0.0 0.0 0.0 -0.0 0.0 0.0 -0.0 0.0 0.0 -0.0 -0.0 0.0
0.0 0.0 -0.0 0.0 -0.0 -0.0 -0.0 -0.0 -0.0 -0.08904585 0.0 0.0 -0.0 0.0 -0.0 0.13401023 -0.0 -0.16221268 -0.0 -0.0 0.0 0.0 0.0 -0.0 0.0 -0.11910173 0.0 -0.0 -0.0 -0.0 0.0 0.089212604 0.0 -0.0 0.0 -0.0 0.0 0.0 0.0 -0.0 -0.0 0.0 0.0 0.0 0.0 0.0 0.0 0.0 -0.0 0.0 0.0 0.0 0.0 0.0 -0.0 -0.0 0.0 -0.0 0.0 -0.0 -0.0 -0.0 0.0 -0.0
0.0 0.07004197 0.0 -0.0 -0.0 -0.056771025 -0.0 -0.0 -0.0 -0.0 0.0 -0.078450285 0.0 0.0 0.06845453 0.0 0.0 -0.0 0.0 -0.0 -0.05797084 0.0 0.0 -0.0 0.0 -0.0 -0.0 -0.047989555 -0.0 0.0 -0.06325339 0.039234277 0.0 -0.0 -0.0 -0.064913645 -0.0 0.0 0.0 -0.0 0.0 -0.0 -0.0 0.0 0.0 -0.066728994 0.0 0.0 -0.052412882 -0.0 -0.0 -0.05597905 -0.0 -0.0 0.0 -0.0 0.0 0.0 0.0 -0.0 0.0 0.092577174 -0.0 -0.038883507
0.0 -0.0 0.0 -0.0 -0.0 -0.0 -0.0 0.0 -0.0 -0.0 -0.0 0.0 -0.0 0.0 -0.0 0.0 -0.0 -0.0 0.0 -0.0 -0.0 -0.0 0.0 0.0 -0.0 0.0 0.0 -0.0 0.0 -0.0 0.0 -0.0 0.0 -0.0 0.08824113 0.0 0.0 0.0 0.0 -0.0 -0.0 0.0 0.0 -0.0 0.0 0.0 -0.0 -0.0 -0.0 -0.0 -0.0 0.0 0.0 0.0 0.0 0.0 -0.0 0.0 -0.0 -0.0 0.0 -0.0 -0.0 -0.0
0.0 0.0 0.0 0.0 0.0 -0.0 -0.0 0.0 0.0 -0.0 0.0 -0.0 0.0 0.0 0.0 -0.0 -0.0 -0.0 -0.0 0.0 -0.0 0.0 -0.0 -0.0 0.0 0.0 0.0 0.0 -0.0 -0.0 0.0 -0.0 0.0 0.0 -0.08016516 0.0 -0.0 0.0 0.0 0.0 -0.0 -0.0 -0.0 -0.0 0.0 -0.0 -0.0 -0.0 -0.0 -0.0 -0.0 -0.0 -0.0 0.0 0.0 0.0 0.0 0.0 -0.0 -0.0 -0.0 0.0 -0.0 -0.0
-0.0 0.0 -0.0 0.0 0.0 0.0 0.0 -0.0 -0.0 -0.0 0.0 -0.0 -0.0 0.0 0.0 0.0 0.0 -0.0 -0.0 0.0 -0.0 -0.0 0.0 -0.0 -0.0 0.0 -0.0 -0.0 0.0 -0.0 0.0 0.0 0.0 -0.0 0.0 -0.0 0.0 -0.0 -0.0 0.0 0.0 -0.0 -0.0 0.0 0.0 0.0 0.0 -0.0 -0.0 -0.0 0.0 0.0 -0.0 0.0 0.0 0.0 0.0 -0.0 -0.0 0.0 0.0 0.0 -0.0 0.0
0.08216722 -0.0 0.11795966 -0.0 -0.0 0.04081667 -0.0 0.0 0.0 0.0 -0.0 0.06838658 -0.061505485 0.07310511 -0.0 0.0 -0.05830356 -0.09266879 0.0 0.0 -0.05062654 0.057536885 0.07389674 0.0 -0.0 0.035443693 -0.08403926 -0.14600646 0.0 -0.13767464 -0.0 0.0 0.0 0.06726663 0.0 -0.0 -0.0 -0.061416816 -0.08580768 0.0 -0.0 0.0 0.0 0.0 -0.0 -0.0 0.07935251 0.097518384 0.05070754 -0.0 -0.09355007 -0.0 0.0 -0.0 0.0 -0.0 -0.08292455 0.0 0.0 -0.061166983 0.0 0.0 -0.08688209 0.0
0.0 -0.0 -0.0 -0.0 -0.0 -0.0 0.0 0.0 0.0 -0.0 0.0 -0.07656169 0.0 0.0 0.0 0.0 0.0 0.0 -0.0 0.0 -0.0 -0.0 -0.0 -0.13275005 -0.1396957 -0.0 -0.0 0.11238062 0.12510957 0.0 -0.0 -0.0 -0.1251293 -0.0 -0.0 0.0 -0.0 -0.0 -0.1499769 -0.080500364 -0.0 -0.0 -0.0 -0.0 -0.0 -0.114581406 -0.0 0.09027277 0.0 -0.0 -0.0 0.0 -0.0 -0.0 -0.0 0.0 0.0 0.0 0.0 -0.0 -0.0 -0.0 0.11718637 0.0
-0.0 0.0 -0.0 0.0 -0.0 0.0 -0.0 -0.0 0.0 0.0 0.0 0.0 -0.0 0.0 -0.0 0.0 0.0 0.0 0.0 -0.0 -0.0 0.0 -0.0 -0.0 0.0 -0.0 -0.0 0.0 -0.0 0.0 0.0 -0.0 -0.0 0.0 0.0 0.0 -0.0 -0.0 -0.0 0.0 0.0 -0.0 -0.0 0.0 0.0 0.0 0.0 0.0 0.0 0.0 0.0 -0.0 -0.0 0.0 -0.0 0.0 -0.0 -0.0 0.0 -0.0 -0.0 0.0 -0.0 -0.0
-0.0 -0.0 -0.0 0.08126136 0.0 0.0 0.07215542 0.0 -0.050448842 -0.06918374 -0.0 -0.0 -0.0 -0.0 -0.0 0.0 -0.0 -0.061251014 0.0 0.0 -0.06092666 -0.08324261 -0.0 0.051882308 -0.0 -0.050195843 0.0 0.0 -0.0 0.042298455 0.0 0.0 -0.0 0.0 0.0 0.0 -0.060404465 0.0 0.10523938 0.0 0.0 -0.0 0.0 0.036639545 -0.046559077 0.05334585 0.0 0.0 0.05380129 0.058547027 0.076796144 -0.0 0.0 0.0 0.0 0.0 -0.0 -0.0 -0.07493279 -0.04600097 0.06860621 0.0 -0.07912273 -0.0
-0.0 -0.0 -0.0 0.044756763 -0.0 0.0 0.0 0.0 0.11880946 0.082996875 0.08046895 0.0 0.0 0.0 -0.09942311 -0.0 0.0 -0.0 -0.0 0.0 0.0 0.0 0.0 -0.0 0.05463034 -0.0 -0.04447428 -0.0 -0.063087374 -0.0 -0.0 -0.0 0.0 0.0 -0.0 -0.13926156 -0.0 -0.0 -0.0 0.0 -0.0 0.0 0.0 -0.106553026 -0.06921427 0.081213325 -0.0 -0.0 0.0 -0.06343129 0.0 -0.0 0.09561273 0.0 0.0 -0.07399639 -0.0 -0.0 0.06604541 0.07503377 0.0 0.05199614 0.0 0.0
-0.0 0.0 0.0 0.0 -0.0 -0.0 0.0 0.0 -0.0 0.0 0.0 -0.0 -0.0 0.0 0.0 0.0 0.0 0.0 -0.0 -0.0 0.0 -0.0 -0.0 0.0 0.0 -0.0 0.0 0.0 0.0 -0.0 0.0 0.0 -0.0 -0.0 -0.0 -0.0 -0.0 0.0 0.0 -0.0 0.0 0.0 0.0 0.0 -0.0 0.0 0.0 -0.0 -0.0 -0.0 -0.0 0.0 0.0 0.0 0.0 -0.0 0.0 0.0 -0.0 -0.0 -0.0 0.0 0.0 0.0
-0.0 -0.0 0.0 0.0 -0.0 0.0 -0.0 -0.0 0.0 0.0 -0.0 -0.0 -0.0 0.0 -0.0 -0.0 -0.0 -0.0 -0.0 -0.0 -0.0 -0.0 -0.0 0.0 -0.0 0.0 0.0 0.0 -0.0 -0.0 -0.0 -0.0 0.0 -0.0 0.0 -0.0 0.0 0.0 0.0 0.0 -0.0 -0.0 0.0 0.0 -0.0 0.0 0.0 -0.0 0.0 -0.0 0.0 -0.0 0.0 -0.0 0.0 -0.0 -0.0 -0.0 -0.0 -0.0 -0.0 0.0 0.0 0.0
-0.0 0.0 0.0 0.0 0.0 -0.0 0.0 0.0 0.0 -0.0 -0.0 0.0 0.0 0.0 0.0 0.013480389 -0.0 0.0 -0.0 0.0 -0.0 -0.0 0.0 -0.0 0.0 -0.0 0.0 0.0 -0.0 -0.0 0.0 0.0 0.0 -0.0 -0.0 0.0 -0.0 -0.0 0.0 -0.0 0.0 -0.0 -0.0 -0.0 0.0 -0.0 0.0 0.0 -0.0 -0.0 -0.0 0.0 0.0 -0.0 0.0 0.0 0.0 0.0 -0.0 0.0 0.0 -0.0 0.0 0.0
0.118369184 0.34883973 -0.0 0.20363784 0.0 -0.0 0.0 0.0 -0.1391473 -0.0 -0.0 0.0 -0.0 -0.09048673 -0.0 -0.0 0.0 -0.0 0.0 -0.0 -0.0 -0.09758616 -0.0 -0.0 -0.0 0.0 -0.0 0.0 0.0 0.0 -0.0 -0.0 0.0 0.11081771 0.0 -0.0 -0.0 -0.06884307 -0.0 -0.074490026 -0.0 -0.0 0.0 0.0 -0.0 -0.0 0.0 -0.08378152 0.0 -0.09001239 0.11901955 -0.0 -0.12954614 -0.0 0.0 0.0 -0.0 -0.0 -0.0 0.123238534 0.33546582 -0.09794794 -0.12128927 -0.0
0.15903492 -0.0 -0.0 0.0 0.0 0.136178 0.14818636 -0.17539608 0.0 -0.0 -0.0 -0.0 -0.0 -0.0 0.0 -0.0 0.24239793 0.0 0.0 0.0 0.0 0.0 -0.09938387 -0.0 -0.24215364 0.0 0.0 0.22577433 -0.0 0.15656812 -0.13683164 -0.0 -0.0 -0.0 -0.0 -0.0 -0.14945635 -0.14233263 -0.0 -0.0 -0.0 0.14855346 0.0 -0.0 0.0 -0.16208217 -0.0 0.19357896 -0.0 -0.0 0.0 -0.0 -0.10951801 -0.0 -0.25919646 0.0 -0.12923391 -0.0 -0.0 -0.2327018 -0.1978351 -0.0 -0.19437838 -0.0
-0.0 -0.0 0.0 0.0 0.0 0.0 -0.0 -0.0 0.0 -0.0 -0.06516821 -0.0 -0.0 0.0 -0.1919414 -0.0 -0.16042286 -0.085667275 0.0 0.0 -0.09002508 -0.15611045 0.41214272 0.15347955 -0.0 0.087938756 -0.18047786 -0.076933905 -0.15685908 -0.19097504 -0.0 0.0 0.0 0.101285085 -0.0 -0.0 -0.0 -0.12552907 0.18123889 -0.0 -0.0 -0.0 -0.0 -0.0 -0.0 -0.0 0.09815041 0.0 0.0 -0.0 0.0 -0.111233115 0.0 -0.0 -0.0 0.0 -0.0 -0.0 -0.0 -0.15359184 0.0 0.0 0.0 0.0
0.0 0.0 -0.0 -0.0 -0.0 0.0 -0.0 -0.0 -0.0 0.0 0.0 0.0 0.0 0.0 -0.0 -0.0 0.0 -0.0 0.0 -0.0 0.0 -0.0 0.0 -0.0 0.0 -0.0 0.0 -0.0 -0.0 0.0 -0.0 0.0 -0.0 0.0 0.0 0.0 0.0 -0.0 -0.0 0.0 0.0 0.0 -0.0 -0.0 -0.0 0.0 0.0 -0.0 -0.0 0.0 0.0 0.0 0.0 -0.0 0.0 -0.0 -0.0 0.0 -0.0 0.0 0.0 -0.0 -0.0 0.0
0.0 -0.0 -0.0 -0.0 0.0 0.0 -0.0 -0.0 0.0 0.0 -0.0 0.0 0.0 0.0 -0.0 -0.0 -0.0 -0.0 0.0 0.0 0.0 -0.0 -0.0 0.0 -0.0 -0.0 -0.0 0.0 0.0 0.0 -0.0 0.0 0.0 0.0 0.0 0.0 -0.0 -0.0 -0.0 0.0 0.0 -0.042168215 0.0 -0.0 -0.0 0.0 -0.0 0.0 0.0 0.0 0.0 0.0 -0.0 -0.0 -0.0 -0.0 -0.0 0.0 -0.0 -0.0 -0.0 0.0 0.0 -0.0
0.0 0.0 0.0 -0.0 0.0 -0.0 -0.0 -0.0 0.0 0.0 -0.0 -0.066907965 -0.0 0.0 -0.0 -0.0 0.0 0.044370607 0.0 0.0 -0.059694853 0.0 0.0 -0.0 0.0 -0.0 -0.0 0.0 -0.0 -0.0 -0.0 0.0 -0.0 -0.0 0.0 -0.0 -0.0 -0.0 0.0 -0.0 -0.0 0.0 -0.0 0.0 -0.0 -0.0 0.0 -0.0 0.0 -0.0 -0.0 -0.0 -0.0 -0.0 -0.0 -0.0 0.0 -0.0 0.0 -0.0 0.056716383 0.0 0.049158983 0.0
0.0 0.0 0.04887525 -0.0 -0.0 -0.065712735 -0.0 0.0 -0.041740935 -0.027110534 -0.0 -0.0 0.0 -0.0 0.0 -0.067164004 0.0 -0.0 0.04013998 -0.03649707 -0.0 0.0 -0.0 -0.0 0.0 -0.050080217 0.0 -0.08026891 -0.0 -0.0 0.0 -0.0 0.049549453 -0.0 -0.0 0.0 0.05646426 0.0 0.0 -0.0 -0.0 -0.045395844 0.0 0.0 -0.0 0.042767476 -0.054928694 -0.0 0.0 -0.0 -0.0 0.0 -0.0 0.0 0.0 -0.0 0.052252844 0.0 -0.0 -0.0 0.0 -0.0 -0.0 -0.0
-0.17261931 -0.0 0.0 0.0 -0.0 0.27003956 0.0 -0.0 0.0 -0.0 0.0 0.0 0.0 0.30208156 -0.16948396 0.0 -0.0 -0.0 -0.0 -0.14893626 0.0 -0.0 0.0 -0.0 -0.0 -0.0 0.0 0.0 -0.0 0.0 -0.0 0.6281201 -0.23004688 -0.28108296 -0.0 0.0 0.0 0.32248342 -0.0 -0.0 0.0 -0.0 -0.0 0.0 0.0 -0.0 0.26287538 -0.0 -0.0 -0.0 0.0 0.0 0.24736588 -0.0 0.6121037 0.0 -0.2021399 0.0 -0.0 0.0 -0.0 -0.22614938 -0.0 0.23750582
0.0 -0.0 -0.0 -0.0 -0.0 -0.0 -0.0 -0.0 -0.0 0.0 0.0 -0.0 0.0 -0.0 0.0 -0.0 -0.0 -0.0 -0.0 -0.0 0.0 0.0 -0.0 -0.0 -0.0 -0.0 -0.0 -0.0 0.0 -0.0 -0.0 0.0 -0.0 -0.0 -0.0 -0.0 0.0 -0.0 0.017641235 0.0 0.0 -0.0 0.0 -0.0 -0.0 -0.0 0.0 0.0 0.0 0.0 0.0 -0.0 0.0 -0.0 -0.0 -0.0 -0.0 -0.0 0.0 -0.0 0.0 0.0 -0.0 -0.0
0.0 -0.0 0.0 -0.0 0.0 0.0 -0.0 0.0 0.0 0.0 0.0 -0.0 -0.0 -0.0 -0.0 -0.0 0.0 -0.0 -0.0 -0.0 0.0 0.0 -0.0 -0.0 -0.0 -0.0 0.0 0.0 -0.0 -0.0 -0.0 0.0 0.0 0.0 -0.0 0.0 0.0 -0.0 0.0 0.0 -0.0 -0.0 0.0 0.018364279 -0.0 -0.0 0.0 -0.0 -0.0 0.0 -0.0 0.0 -0.0 -0.0 0.0 -0.0 -0.0 -0.0 -0.0 -0.0 0.0 0.0 -0.0 0.0
0.0 0.0 -0.13423805 -0.1561264 -0.0 0.16178474 -0.21711169 -0.37623602 0.1492014 0.26882398 0.0 -0.0 0.0 -0.143163 0.10456604 0.17118292 -0.16903697 -0.0 0.0 -0.0 0.0 -0.087257504 0.0 -0.0 -0.1603454 0.0 0.12617756 0.0 -0.0 0.27967182 -0.17099191 -0.0 0.0 0.3994766 0.0 0.0 -0.0 0.11193295 -0.0 0.13095234 -0.0 -0.0 0.0 -0.0 0.0 -0.0 -0.16189608 0.119353026 -0.17018948 0.0 -0.29067817 -0.0 -0.0 0.0 0.0 0.1251787 -0.0 0.0 0.0 -0.0 -0.0 -0.0 -0.0 -0.32636687
0.0 -0.0 0.0 0.0 0.0 -0.1841877 0.0 0.0 -0.0 0.0 0.0 0.0 -0.14189883 0.0 -0.0 -0.0 0.0 0.21573943 0.11875102 0.24177991 -0.0 0.0 0.0 -0.0 0.0 -0.12195079 -0.0 -0.0 0.0 0.0 -0.0 -0.0 0.0 0.0 -0.0 0.0 0.17381677 -0.0 0.0 0.0 0.0 0.0 0.0 -0.0 0.0 -0.0 0.0 0.0 -0.0 0.0 -0.0 0.0 -0.0 -0.0 -0.12882514 0.0 0.0 0.0 0.0 -0.0 0.0 0.5326569 0.0 -0.0
-0.0 0.0 -0.0 -0.0 -0.0 -0.0 -0.0 -0.10524414 -0.09318316 -0.0 -0.0 0.07840108 0.0 -0.11170729 -0.1004695 0.0 0.0 -0.09028528 0.0 -0.14618994 0.0 -0.0 -0.12890694 0.0 -0.0 -0.11701193 0.0 -0.0 -0.07661582 0.0 -0.0 0.0 0.0 0.0 -0.0 0.0 0.0 0.0 -0.0 -0.0 -0.0 -0.0 0.089699395 -0.0 -0.0 -0.0 0.0 -0.0 0.10152412 -0.0 0.11305805 -0.07666563 0.0 0.0 0.10138871 0.0 -0.0 0.15872839 -0.0 0.0 0.0 0.0 -0.0 -0.08580498
0.0 -0.0 -0.08766237 -0.0 -0.0 0.0 0.0 -0.0 0.0 0.14906666 0.0 0.0 0.0 0.0 -0.0 -0.0 0.0 -0.16931842 0.13197567 -0.1745316 -0.083783895 -0.0 -0.0 0.0 0.0 -0.0 -0.0 0.0 -0.0 -0.0 0.0 -0.0 -0.0 0.0 -0.0 -0.0 0.0 -0.0 0.0 -0.0 0.0 -0.0 0.0 0.0 -0.0 -0.0 -0.0 -0.0 -0.0 -0.09796986 0.0 -0.0 -0.0 0.0 -0.0 0.0 -0.091645606 -0.14750756 0.11857798 -0.0 -0.13415064 -0.10350523 0.0 0.0
-0.40766242 -0.0 0.0 -0.0 0.0 0.14368017 -0.17938302 -0.18222076 -0.0 -0.3872864 -0.0 0.0 0.3181828 0.0 -0.4943646 -0.0 -0.44816208 -0.20558146 -0.0 -0.0 0.5212061 -0.5105202 0.32053483 0.0 0.15533939 -0.6568903 0.26756114 -0.30370927 0.0 -0.0 0.42003402 -0.22217695 -0.0 -0.0 -0.0 -0.0 -0.0 -0.0 0.0 -0.33146098 0.0 -0.0 0.0 -0.0 0.31550902 0.52706856 -0.0 0.0 0.0 -0.21717674 -0.0 0.0 0.0 -0.0 -0.0 -0.0 -0.44994375 0.6018278 -0.23337607 0.39991853 -0.59004384 -0.0 0.0 0.269218
-0.0 0.21357372 0.12223527 0.0 -0.15989992 -0.0 0.0 0.0 0.21899195 -0.0 0.10093191 0.4037322 -0.0 -0.0 0.0 -0.14592664 -0.2508097 0.0 -0.0 0.16794707 0.0 0.0 -0.0 -0.16498144 -0.11701391 -0.44863233 -0.19706704 0.0 -0.13663125 0.22741933 0.0 -0.0 0.0 0.2504055 -0.0 -0.0 -0.18750265 -0.0 -0.2290185 -0.15818506 -0.24440442 -0.1125058 -0.0 -0.20637576 -0.0 -0.117629305 -0.17001516 -0.273409 0.14765674 -0.1699473 -0.280106 -0.24141361 -0.1310539 0.0 -0.1372267 -0.16831093 0.0 0.29415187 0.25210026 -0.10864384 0.0 -0.0 0.0 0.07917095
-0.0 -0.0 0.0 -0.0 0.124653466 0.0 -0.0 0.0 0.0725026 -0.0 -0.09939186 0.0 -0.0 0.052242797 -0.062448796 -0.0 -0.0 0.0 -0.0 0.0 0.0 0.0 0.09808782 -0.0 0.06465645 -0.093424805 -0.0 -0.063081115 -0.0 -0.0 0.0 0.0 0.07210629 0.0 0.0 -0.14570348 0.099818006 -0.0 -0.0 -0.0 -0.0 -0.0 -0.055367343 -0.078004785 -0.0 0.0 0.0 0.0 0.0882682 -0.0 0.0 0.0 -0.0 -0.0 0.0 -0.0 -0.071536385 -0.113950595 0.0 0.0 -0.0 0.0 0.0 -0.0
-0.0 -0.0 0.0 -0.0 -0.0 0.0 -0.0 0.0 0.064702615 0.0 0.0 0.0 -0.0 0.0 0.0 -0.0 -0.0 0.0 0.0 0.0 0.0 0.0 -0.0 -0.0 -0.0 0.0 -0.0 -0.0 -0.0 -0.0 -0.0 0.0 -0.0 0.0 -0.0 -0.07214124 -0.0 -0.049070723 0.0 0.0 0.0 -0.0 0.0 0.0 -0.0 -0.12504394 0.0 0.0 0.0 -0.0 -0.0 -0.0 -0.0 0.0 -0.0 -0.0 0.0 0.0 0.0 -0.0 -0.0 0.0 -0.0 -0.0
-0.0 0.0 0.0 0.0 0.0 0.0 0.0 -0.0 -0.0 0.0 0.0 -0.0 0.0 0.0 0.0 -0.0 -0.0 0.0 0.0 -0.0 0.0 -0.0 0.0 0.0 -0.0 0.0 0.0 0.0 -0.0 0.0 0.0 -0.0 -0.0 0.0 0.0 -0.0 -0.0 0.0 -0.0 0.0 0.0 0.0 0.0 0.0 0.0 0.0 0.0 -0.0 0.0 0.0 0.0 -0.0 0.0 0.0 0.0 -0.0 0.0 0.0 -0.0 -0.0 0.0 0.0 -0.0 -0.0
-0.0 -0.0 -0.0 0.0 0.0 0.0 0.0 0.0 -0.0 -0.0 0.0 0.0 0.0 -0.0 -0.0 0.0 0.0 -0.0 0.0 -0.0 -0.0 -0.0 0.00087390223 -0.0 -0.0 0.0 -0.0 -0.0 -0.0 -0.0 0.0 -0.0 -0.0 -0.0 0.0 0.0 -0.0 -0.0 0.0 -0.0 0.0 -0.0 -0.0 -0.0 0.0 0.0 -0.0 0.0 0.0 -0.0 -0.0 0.0 -0.0 0.0 -0.0 -0.0 0.0 0.0 -0.0 0.0 -0.0 -0.0 -0.0 0.0
-0.0 0.253301 0.0 0.0 -0.14637548 -0.0 -0.1650214 -0.0 0.2384703 0.0 -0.0 0.3990833 -0.21665986 -0.0 0.0 0.0 -0.14680748 0.0 0.0 -0.0 -0.0 0.0 0.0 0.0 -0.12077294 0.0 -0.0 0.235659 -0.0 0.0 -0.0 -0.0 0.0 0.0 -0.0 -0.14276582 0.0 -0.3251875 -0.0 -0.2639981 -0.0 0.0 0.0 -0.0 -0.0 -0.0 0.0 -0.0 0.17551218 0.0 -0.0 -0.0 0.20723906 0.0 -0.0 -0.14507145 0.0 -0.0 0.45031783 -0.0 0.0 0.0 0.0 -0.3376317
-0.0 0.0 0.0 0.0 0.0699072 -0.0 -0.0 -0.0 -0.08647234 -0.0 0.0 0.06556837 -0.0 -0.0 -0.0 -0.0 0.042066205 0.0 -0.0 -0.0 0.0 0.0 0.0 0.0 0.0 0.0 -0.0 0.0 -0.0 0.0 0.0 -0.0 0.0 -0.0 -0.0 0.06759731 -0.0 0.0 -0.0 -0.0 -0.0 -0.0 0.0 -0.07438146 -0.0 0.0 -0.0 -0.0 0.0 -0.0 0.0 -0.046512824 0.0 0.0 0.0 0.0 0.0 0.0 -0.0 -0.0 0.0 -0.0 -0.0 0.0
0.2010394 0.19512519 -0.0 0.0 0.0 0.0 0.0 -0.0 -0.0 0.0 0.0 -0.1866881 -0.0 -0.0 0.28697765 0.23777205 0.11817419 0.2557957 0.0 -0.0 -0.0 -0.0 -0.0 -0.13618776 0.07944836 0.22718383 0.0 0.23294917 -0.15076405 0.06539828 -0.0 -0.0 0.0 -0.0 -0.0 -0.0 0.0 0.2345453 -0.0 0.0 0.0 0.0 -0.0 -0.0 -0.0 -0.13156345 -0.0 0.0 -0.0 -0.0 0.12535335 -0.0 -0.0 -0.07640179 0.10387875 -0.0 0.19432415 -0.11984669 -0.0 0.0 0.09183694 -0.0 0.0 0.0
-0.07308568 0.0 0.0 -0.0 0.0 -0.0 -0.0 -0.0 0.08119143 -0.05389022 -0.0 0.28417185 -0.0 0.0 0.108862825 -0.0 0.054027572 0.0 0.0 0.0 0.0 -0.0 -0.08927202 -0.069890395 -0.0 -0.10444123 -0.06922545 0.07284498 -0.09357419 0.0 0.0 -0.0 -0.0 0.10956422 0.0 -0.0 0.0 -0.0 -0.0 0.0 -0.09331852 -0.0 0.0 -0.0 -0.0 0.0 0.0 -0.051367402 0.06418397 0.0 -0.086492136 -0.0 0.0 0.0 -0.0 -0.07939912 0.0 0.0 -0.0 -0.06822188 0.0 -0.09920007 -0.0 -0.0
0.0 -0.0 0.0 -0.0 -0.0 0.0 -0.0 0.0 0.0 -0.0 -0.0 0.0 -0.0 -0.0 -0.0 0.0 -0.0 -0.0 -0.0 -0.0 -0.0 0.0 -0.0 0.055828672 -0.0 0.0 0.0 -0.0 -0.0 -0.0 -0.0 0.0 -0.0 0.0 0.0 -0.0 0.0 -0.0 0.0 -0.0 -0.0 -0.0 -0.0 0.0 -0.0 -0.0 0.05615799 -0.0 0.0 0.0 0.0 -0.0 0.0 -0.0 0.0 0.0 -0.08280773 0.0 0.0 0.0 -0.0 0.0 -0.0 -0.0
-0.0 -0.0 0.0 -0.0 0.10005242 0.0 -0.0 -0.0 -0.0 -0.105580084 -0.0 -0.103226215 -0.0 -0.0 -0.05603234 -0.09557242 0.0 0.0 -0.0 0.0 -0.0 0.0 -0.053858805 -0.0 -0.0 0.0 -0.0 -0.054828633 -0.0 0.0 -0.0 -0.0 0.07684414 -0.0 -0.0 0.0 -0.0 -0.0 0.0 -0.0 0.0 -0.0 -0.0 -0.0 -0.0 -0.0 0.0 0.0 -0.0 -0.0 -0.0 -0.0 -0.107391134 -0.061117742 -0.0 -0.0 -0.0 0.0 -0.0 -0.0 -0.09049737 0.0 -0.0 0.0
-0.17865007 -0.1315148 -0.14108734 -0.0 0.0 0.0 -0.0 -0.12425667 0.17061858 0.0 0.0 0.0 0.0 0.0 0.08022182 -0.23458388 0.0 0.13203853 -0.0 0.16277672 0.111980595 0.0 0.0 -0.076908015 -0.0 0.0 -0.092494905 -0.094991155 -0.0 -0.10900028 -0.0 -0.07470179 -0.20587742 0.0 -0.0 -0.16809732 0.0 -0.153574 -0.0 0.11572776 0.24983855 0.0 -0.0 -0.0 0.10835645 0.0 -0.0 -0.10396485 0.30563366 -0.13355994 -0.0 0.0 0.0 -0.0 -0.0 -0.13885432 -0.0 0.118611485 -0.0 0.0 -0.0 -0.17030339 0.0 -0.28815272
-0.0 -0.0 -0.0 0.0 0.0 0.0 -0.0 0.0 0.0 -0.0 0.0 0.0 0.0 -0.0 -0.0 0.0 0.0 0.0 0.0 0.0 -0.0 -0.0 0.0 -0.0 0.0 0.0 -0.0 -0.0 0.0 -0.0 0.0 0.0 0.0 0.0 0.0 0.0 -0.0 0.0 0.0053134747 0.0 -0.0 -0.0 0.0 0.0 0.0 -0.0 0.0 -0.0 -0.0 -0.0 -0.0 0.0 0.0 0.0 0.0 -0.0 0.0 -0.0 -0.0 0.0 -0.0 -0.0 -0.0 0.0
0.0 -0.0 0.0 -0.0 0.0 -0.0 -0.0 -0.0 -0.0 0.0 0.0 0.0 0.0 0.0 0.0 0.0 -0.0 -0.0 -0.0 0.0 0.0 0.0 -0.0 0.0 -0.0 0.0 -0.0 0.0 0.0 0.0 0.0 0.0 -0.0 0.0 0.0 -0.0 -0.0 -0.0 -0.0 -0.0 0.0 -0.0 0.0 -0.0 -0.0 -0.0 -0.0 -0.0 0.0 0.0 0.0 -0.0 0.0 -0.0 0.0 0.0 -0.0 0.0 0.0 -0.0 -0.0 0.0 0.0 -0.0
-0.0 -0.0 0.08872287 -0.0 -0.0 -0.0 0.0 0.0 -0.0 -0.0 -0.15823595 -0.08407432 -0.0 -0.0 0.0 -0.0 -0.0 -0.0 0.0 0.08878359 -0.0 -0.0 -0.13321918 0.0 -0.0 0.09382676 0.10041044 -0.0 -0.0 -0.0 0.0 0.08468672 -0.0 0.1774461 -0.0 0.0 0.0 0.0 0.0 -0.0 0.0 -0.0 -0.0 0.09964168 -0.0 0.0 0.0 0.06818818 -0.0 0.0 -0.0 0.102036275 -0.0 -0.0 0.0 0.0 0.0 -0.060038324 -0.1068591 -0.21982582 0.0 0.0 -0.1429644 -0.0
-0.0 0.0 0.0 -0.0 0.0 -0.0 0.0 -0.0 0.0 0.0 -0.0 0.0 0.0 -0.0 0.0 -0.0 -0.0 0.0 -0.0 0.0 -0.0 -0.0 0.0 -0.0 -0.0 0.0 0.0 0.0 -0.0 0.0 -0.0 -0.0 -0.0 0.0 -0.0 -0.0 -0.0 0.0 -0.0 0.0 0.0 0.0 0.0 0.0 0.0 -0.0 0.0 0.0 -0.0 0.0 0.0 -0.0 0.0 -0.0 -0.0 -0.0 -0.0 -0.0 0.0 -0.0 -0.0 0.0 -0.0 -0.0
0.0 -0.0 0.0 -0.0 0.0 -0.0 -0.0 0.0 0.0 -0.0 -0.0 -0.0 -0.0 0.0 0.0 0.0 -0.0 0.0 -0.0 0.0 -0.0 -0.0 0.0 0.0 -0.0 0.0 -0.0 0.0 0.0 0.0 0.0 0.0 -0.0 0.0 -0.0 0.0 0.0 0.0 0.0 0.0 -0.0 -0.0 -0.0 0.0 -0.0 -0.0 0.0 -0.0 0.0 -0.0 -0.0 0.0 0.0 0.0 0.0 0.0 -0.0 -0.0 -0.0 -0.0 -0.0 0.0 0.0 -0.0
-0.0 0.0 -0.0 -0.0 -0.0 -0.0 -0.13656299 -0.0 -0.0 -0.0 0.0 -0.27824402 -0.0 -0.21359572 -0.089977086 0.0 0.14887397 0.0 -0.0 0.0 -0.0 0.0 0.0 0.0 0.0 -0.0 -0.0 0.0 0.0 -0.0 -0.0 -0.0 0.31932306 -0.0 -0.0 0.0 -0.16162874 0.0 -0.0 -0.0 0.12284817 -0.12592182 0.0 -0.0 0.0 -0.0 -0.14014298 -0.0 0.13562225 -0.0 0.0 0.0 -0.0 0.0 -0.13559215 -0.0 -0.0 -0.0 -0.18587077 0.0 -0.0 -0.15795593 0.0 0.0923899
0.06088246 0.0 -0.0 0.08325357 -0.09419723 0.0 0.0 0.0 0.0 -0.0 -0.0 -0.0 0.0 0.046570797 0.107047915 0.0 -0.0 -0.085233495 0.0 0.0 0.093215324 0.0 0.0 0.0 -0.0 0.0 0.0 0.0 -0.05206371 0.0 0.0 0.05826053 -0.12549265 0.20835218 0.0 -0.050054662 0.0 -0.10671886 0.0 0.0 -0.055593036 0.05858517 0.0 0.0 0.0 -0.059602696 -0.0 0.0 -0.0 0.0 0.0 0.0 0.0 0.10040711 0.17000476 -0.0 0.16322593 -0.0 0.0 0.0 0.0 0.110149056 -0.0 -0.10574142
-0.0 -0.0 -0.0 -0.0 0.0 -0.0 -0.0 -0.0 -0.0 -0.0 0.0 -0.0 0.0 -0.0 -0.0 0.0 0.0 0.0 0.0 0.0 0.0 0.0 -0.0 0.0 0.0 -0.0 0.0 -0.0 -0.0 -0.024056565 0.0 0.0 0.0 -0.0 0.0 0.0 0.0 0.0 0.022065712 0.0 0.0 -0.0 0.0 0.0 0.0 -0.0 0.0 0.0 -0.0 -0.0 0.0 -0.0 0.0 -0.0 -0.03583509 -0.0 -0.032833684 0.0 -0.022550343 0.0 0.0 -0.0 -0.0 0.0
-0.0 -0.2735376 -0.36657363 -0.268411 0.31252974 -0.40614015 0.0 -0.0 -0.43657413 0.4722863 -0.24195908 0.0 0.0 0.18374625 -0.0 -0.0 0.19571805 0.28710523 0.0 0.30688238 -0.20942058 -0.0 -0.23906267 -0.35992286 -0.453111 0.7251646 -0.34250557 -0.0 -0.24537432 -0.0 -0.6812866 0.0 -0.0 0.0 -0.0 0.5322084 -0.0 -0.0 -0.37710154 -0.0 0.6364841 -0.0 -0.28236592 -0.33759943 -0.0 0.0 -0.0 -0.4229743 -0.0 -0.20517121 -0.41443864 -0.35022417 -0.0 -0.16231364 -0.18510933 0.49114463 -0.0 0.63225126 -0.8889578 -0.29870707 -0.39265406 0.0 -0.17431392 0.0
-0.0 0.0 -0.0 0.0 -0.0 0.0 -0.19776273 -0.0 0.10940933 0.0 0.0 -0.0 0.0 0.0 -0.0 -0.13373992 -0.0 0.0 -0.0 0.0 0.12808849 0.16165562 0.084822126 -0.09352444 -0.0 0.0 -0.0 -0.0 -0.16138005 0.08267166 -0.11135806 0.0 -0.0 -0.10114912 -0.0 -0.0 0.0 0.0 -0.0 -0.0 0.14522497 0.0 0.0 0.0 0.0 0.0 -0.0 -0.0 -0.0 0.0 -0.0 -0.12545751 0.0 -0.12173235 0.0 -0.0 -0.0 -0.0 0.10639673 0.0 -0.0 0.0 -0.0 -0.13173002
0.0 -0.1402332 0.0 -0.0 -0.0 -0.0 -0.0 0.089666486 0.14570738 0.13162519 -0.0 -0.0 -0.0 -0.0 -0.074153274 -0.0 -0.0 0.10779479 -0.0 0.11227863 -0.0 0.22104773 -0.07459298 0.0 -0.0 0.0 -0.059677698 0.06877076 -0.0 0.0 0.0 -0.0 0.0 0.0 0.10971458 0.17756303 0.0 0.082952835 -0.0 -0.072770126 -0.0 -0.0 -0.0 -0.10445232 -0.0 0.0 -0.0 -0.0 0.12526982 -0.0 -0.0 -0.09429501 0.0 -0.0 0.0 0.0 -0.0 -0.0 0.0 -0.0927699 -0.0 -0.0 0.0 -0.0
0.16683128 -0.0 -0.0 -0.139209 -0.05805901 -0.0 -0.0 0.0 -0.0 0.0 -0.0 0.0 -0.0 -0.0 -0.13116649 -0.0 -0.0 -0.0 0.0 -0.07139247 0.0 -0.0 -0.0 -0.0 0.0 -0.0 -0.0 0.0 0.0 -0.0 0.0 -0.0 -0.0 -0.13241053 0.0 0.0 0.0 -0.0 -0.0 -0.0 -0.0 0.0 -0.0 -0.0 -0.0 0.0 -0.0 -0.0 0.0 -0.0 -0.0 0.0 0.0 -0.0 -0.0 -0.07620221 -0.0 0.0 -0.0 0.0 -0.0 -0.0 0.0 0.0
-0.0 -0.0 0.0 -0.0 -0.0 -0.0 0.0 0.0 0.0 0.0 0.0 0.0 0.0 0.0 0.0 -0.0 0.0 0.0 0.0 0.0 -0.0 0.0 -0.0 0.0 -0.0 -0.0 -0.0 0.0 -0.0 0.0 0.0 0.0 -0.0 0.0 0.0 -0.0 -0.0 -0.0 0.0 -0.0 -0.0 0.0 -0.0 0.0 0.0 0.0 0.0 -0.0 -0.0 -0.0 -0.0 0.0 0.0 0.0 0.0 0.0 0.0 0.0 -0.0 0.0 0.0 -0.0 -0.0 0.0
-0.11424321 -0.0 0.0 -0.0 -0.0 0.0 -0.0 -0.0 -0.07817285 0.0 -0.0 -0.0 -0.0 -0.0 0.0 0.17480586 0.0 0.0 0.0 -0.0 0.0 -0.0 -0.08294794 0.058850225 -0.0 -0.0 0.05516088 -0.07242414 -0.0 -0.06681447 0.0 -0.0 -0.0 -0.0 0.0 -0.0 -0.0 0.0 0.0 0.0 0.0 0.0 0.11478387 0.0 0.11193916 0.0 -0.0 -0.0 -0.0 -0.0 -0.0 0.0 -0.0 -0.0 -0.0 -0.0 -0.0 -0.0 -0.082670696 0.0 -0.06847031 -0.0 -0.0 0.05461504
0.0 0.0 -0.0 -0.13991328 -0.08728602 0.0 -0.0 -0.0 -0.09030998 0.0 0.0 0.0 -0.076631755 -0.0 -0.21599089 0.2626377 0.07310034 0.13791972 0.0 -0.0 -0.0 -0.114725776 -0.0 0.0 0.0 -0.0 -0.0 -0.0 -0.0 -0.0 -0.10866254 -0.072988644 0.0 0.0 -0.0 -0.13651474 -0.0 0.0 -0.06987663 -0.20797312 -0.0 -0.0 0.0 -0.12231894 -0.0 0.06287679 -0.0 -0.0 0.08482895 -0.0 0.0 -0.0 -0.07562448 -0.0 -0.08728805 0.0 -0.0 0.0 -0.0 -0.091618866 -0.0 -0.060346995 0.0 -0.0
-0.0 0.0 0.0 0.0 0.0 0.0 0.0 0.0 0.0 -0.0 -0.0 0.0 -0.0 0.0 0.0 -0.0 0.0 -0.0 0.0 0.0 0.0 -0.0 -0.0 0.0 -0.0 -0.0 0.0 0.0 -0.0 0.0 -0.0 -0.0 -0.0 -0.0 -0.0 0.0 -0.0 -0.0 0.0 -0.0 0.0 -0.0 -0.0 -0.0 0.0 0.0 -0.0 -0.0 -0.0 -0.0 -0.0 0.0 -0.0 0.0 -0.0 -0.0 0.0 -0.0 0.0 -0.0 0.0 -0.0 0.0 0.0
0.0 -0.23876953 0.0 0.0 -0.0 -0.12717068 -0.0 -0.0 0.13997386 -0.07656592 -0.0 -0.0 0.0 -0.0 -0.13967064 -0.5523406 -0.0 0.0 -0.14132497 -0.0 -0.0 0.16721681 -0.0 -0.0 0.0 -0.0 -0.16483203 0.108085096 0.0 0.0 0.17130774 -0.0 -0.0 -0.0 0.0 0.0 0.0 -0.0 -0.0 -0.0 -0.08622227 -0.18676248 -0.0 -0.0 -0.0 0.0 -0.0 0.0 -0.0 -0.0 0.0 -0.0 0.0 -0.0 -0.0 0.0 -0.19545192 -0.13001715 -0.0 -0.0 0.0 -0.13341406 -0.0 -0.0
-0.0 -0.0 0.0 0.32408983 0.48827392 0.11232357 -0.15785414 -0.0 0.22339678 -0.39702618 -0.0 0.19048928 -0.10297536 0.0 -0.43016586 -0.0 0.0 -0.25055006 0.15844062 -0.0 -0.25175738 -0.29745674 0.0 -0.24073417 0.0 0.18757813 -0.0 -0.39740184 -0.20691633 -0.22042367 -0.32427716 0.122237556 -0.0 -0.23083651 -0.0 0.13764367 0.2560463 -0.4642999 -0.0 -0.14110568 0.20632395 0.30014154 0.0 -0.0 -0.23701383 0.0 -0.18841803 0.0 0.0 -0.0 -0.0 -0.0 -0.1344328 -0.0 -0.17773294 0.0 -0.24336304 0.0 -0.0 0.0 -0.20566662 -0.0 0.22703253 -0.0
0.0 -0.0 0.0 -0.0 0.0 0.0 0.0 0.0 -0.0 -0.0 -0.0 -0.0 -0.0 0.0 -0.0 0.0 0.0 0.0 -0.0 -0.0 -0.0 0.0 -0.0 0.0 0.0 -0.0 0.0 0.0 0.0 0.0 0.0 0.0 0.0 0.0 -0.0 0.0 0.0 0.0 0.0 0.0 0.0 -0.0 0.0 0.0 0.0 0.0 -0.0 -0.0 0.0 -0.0 -0.0 0.0 -0.0 -0.0 0.0 0.0 0.0 -0.0 0.0 0.0 0.0 -0.0 -0.0 0.0
0.14362647 -0.12676135 -0.094834134 0.0 -0.1295593 0.095295705 -0.0 0.12422225 0.12082406 0.0 0.093309835 0.0 0.0 -0.119582854 -0.0 0.0 0.11901352 -0.11999777 0.0 -0.09193482 0.0 0.0 -0.0 0.0 0.064880736 0.0 -0.0 0.0 0.0 -0.0 -0.0 -0.17058471 0.0 -0.0 -0.0 -0.0 0.1093427 -0.073258586 -0.0 0.11447645 -0.10463607 0.0 -0.0 0.0 -0.0 0.0 0.0 -0.0 -0.0 0.056936074 -0.0 -0.0 0.062294833 -0.07997496 0.084417924 -0.0 -0.12662622 -0.0 0.0 0.09727133 -0.107643634 -0.069482684 0.04965648 -0.0
0.0 -0.0 -0.098883234 0.0 -0.076157175 0.0664252 -0.0 0.0 0.0 -0.0 0.0 -0.0 -0.0 -0.0 0.0 -0.10929072 -0.0 -0.0 0.0 0.0 -0.0 0.0 -0.0 -0.0 0.0 -0.0 0.0 -0.069648355 -0.063025154 0.0 -0.0 -0.0 -0.0 -0.0 0.0 -0.0 -0.07810035 -0.0 0.0 0.0 0.0 0.0 -0.0 0.0 -0.0 -0.0 -0.0 0.0 0.0 0.0 -0.0 0.0 -0.0 0.07391251 -0.0 -0.0 -0.08065511 0.0 -0.0 -0.0 -0.08593425 0.0 -0.0 -0.0
-0.0 0.0 0.0 -0.0 -0.0 0.0 -0.0 0.0 0.0 0.0 -0.0 0.048321944 -0.0 -0.0 -0.0 -0.0 -0.0 -0.0 -0.0 0.0 0.0 -0.0 0.0 -0.0 -0.0 -0.0 -0.0 0.0 0.0 0.0 0.0 0.0 -0.0 0.0 0.0 -0.0 0.0 -0.037596893 -0.0 -0.0 -0.0 0.0 0.0 0.0 0.0 0.0 0.0 0.034202334 -0.0 0.0 0.040660962 0.0 0.0 -0.0 0.0 -0.0 -0.0 0.0 0.0 0.0 -0.0 0.0 0.0 -0.0
-0.0 -0.0 0.0 -0.0 -0.0 0.0 -0.0 0.0 -0.0 0.0 -0.0 0.0 -0.0 -0.0 -0.0 -0.0 0.0 -0.0 0.0 -0.0 0.0 0.0 -0.0 -0.0 0.0 0.0 0.0915604 -0.0 0.0 -0.0 0.0 -0.0 -0.0 -0.0 -0.0 -0.0 0.0 0.0 0.0 0.0 -0.08316015 -0.0 -0.0 0.0 0.0 -0.0 0.0 -0.0 -0.0 0.0 -0.0 -0.0 -0.0 -0.0 0.0 0.0 -0.09047695 -0.0 -0.0 0.19815317 -0.0 -0.0 -0.0 -0.0
0.08542044 -0.0 0.10111833 -0.0 0.0 0.0 0.0 0.0 -0.0 -0.0 0.0 0.0 -0.0 0.0 -0.0 0.0 0.15181638 0.0 0.0 0.0 0.0 0.15420976 0.0 0.0 -0.0 0.0 -0.0 0.0 0.0 -0.0 0.0 -0.078610174 -0.12418381 0.0 0.0 -0.0 -0.0 -0.0976957 0.0 0.0 -0.0 -0.0 0.0 0.0 0.15077329 0.0 -0.0 -0.0 0.0 0.0 -0.0 0.0 -0.0 -0.118353695 0.0 0.0 -0.0 -0.0 -0.0 0.0 -0.0 -0.0 0.0 0.10583895
0.0 0.088053614 0.1150102 -0.0 0.0 -0.0 -0.0 -0.07407163 -0.0 0.0 0.16781892 0.0 0.14044476 0.0 -0.08135254 -0.0 0.08760739 0.11648498 -0.0 0.13385923 -0.0 0.0 0.16080318 0.0 0.11395288 0.109191954 0.0 -0.0 0.0 -0.0 -0.0 -0.08489773 0.10615792 0.0 -0.0 0.0 0.0 0.0 0.13573274 -0.06975527 -0.0 0.0 -0.0 -0.0 -0.0 0.0 -0.0 0.0 0.0 -0.12021958 -0.0 0.0 0.06849914 -0.08722593 -0.0 0.09974117 0.0 -0.0 -0.0 0.0 0.09938605 -0.073392116 0.091837406 -0.0
-0.0 0.0 -0.0 0.0 -0.0 -0.0 -0.0 -0.0 0.0 -0.0 -0.0 0.0 0.0 -0.0 -0.0 0.0 0.0 0.0 0.0 0.0 -0.0 0.0 0.0 -0.0 -0.0 0.0 -0.0 -0.0 0.0 0.0 -0.0 -0.09094566 0.05326411 -0.0 -0.0 -0.0 0.0 -0.06371428 -0.0 -0.0 -0.042600386 -0.0 -0.0 -0.0 -0.0 -0.0 0.0 -0.0 0.051497065 -0.0 -0.0 -0.0 0.0 -0.0 -0.044924416 -0.0 0.0 -0.0 0.0 -0.0 -0.0 -0.0 -0.0 -0.04597734
0.088847324 0.0 0.0 -0.0 0.0 0.0 0.0 0.0 0.27355734 0.1995862 -0.0 0.0 -0.0 -0.10068485 0.0 0.0 -0.12987699 -0.0 -0.57921493 -0.0 0.0 0.0 0.0 -0.0 -0.0 0.0 0.0 -0.0 0.0 -0.07563775 0.0 0.11935063 0.35343787 0.24349809 -0.0 -0.0 -0.10795473 0.16307467 0.0 -0.0 0.0 0.0 -0.0 0.0 0.0 -0.0 -0.0 0.0 -0.0 -0.0 -0.0 0.0 -0.084184736 -0.22699465 0.0 -0.0 -0.0 0.0 0.106231526 -0.0 -0.25633466 0.0 0.0 -0.25064695
-0.0 0.0 0.0 -0.0 -0.0 0.0 0.0 0.0 0.0 -0.0 -0.0 0.0 -0.0 -0.0 -0.0 -0.0 0.0 -0.0 -0.0 -0.0 -0.0 0.0 0.0 -0.0 0.0 -0.0 0.0 -0.0 0.0 -0.0 0.0 0.0 0.0 0.0 0.0 -0.0 0.0 -0.0 0.0 -0.0 0.0 0.0 -0.0 0.0 -0.0 0.0 0.0 -0.0 -0.0 -0.0 -0.0 0.0 -0.0 0.0 -0.0 -0.0 -0.0 -0.0 0.0 0.0 0.0 -0.0 -0.0 0.0
-0.22660555 -0.0 0.25200492 0.0 -0.0 -0.11871599 -0.17009218 -0.24661839 -0.0 0.07851554 -0.0 -0.0 0.11466789 -0.0 -0.12332338 -0.0 0.0 -0.0 -0.0 0.0 0.11377775 0.10409625 -0.0 0.1955817 -0.0 0.24368733 -0.19147357 -0.0 0.0 -0.1273414 -0.10509826 -0.0 0.099191375 0.0 -0.0 0.1725215 -0.17074011 0.0 0.17288828 0.11432047 -0.0 0.0 -0.0 0.0 -0.0 0.07589998 -0.0 -0.0 0.0 -0.0 -0.0 -0.0 0.23985815 -0.0 -0.0 -0.0 -0.17116977 0.12121663 0.0 0.0 0.0 -0.0 -0.0 -0.0
-0.0 0.0 -0.13435939 -0.0 -0.0 -0.12864563 0.11246413 -0.0 -0.1514166 0.09038365 0.0 -0.0 0.14506494 -0.18009023 -0.0 0.0 0.0 -0.0 -0.0 0.0 -0.0 0.0 -0.0 -0.0 -0.20675044 -0.0 -0.0 -0.11487079 -0.10851303 -0.11284246 0.0 -0.0 0.0 -0.0 -0.10520551 -0.0 -0.0 0.0 0.0 -0.0 -0.0 -0.0 -0.0 0.0 -0.0 -0.0 -0.10658201 -0.0 0.0 -0.0 -0.0 0.0 -0.28751445 0.0 -0.0 0.0 -0.0 0.0 -0.0 -0.0 0.0 -0.0 0.0 -0.0
0.0 -0.0 -0.0781426 0.0 -0.0 -0.0 0.0 0.102877036 -0.0 0.0 0.0 -0.08751389 -0.0 -0.092253454 0.0 -0.0 0.0 -0.0 -0.07065466 -0.076372355 0.0 -0.11840671 0.0 0.12232451 -0.0 0.0 0.0 -0.0 0.10752663 -0.10876352 0.0 0.0 0.0 -0.19259295 -0.0 -0.0 0.0 0.0 0.0 0.19355987 -0.0 0.08593548 0.16034661 0.34897602 0.18223122 0.21011564 0.08460291 0.0 -0.0869867 -0.0 -0.0 0.0 0.0 -0.0 -0.0 -0.0 -0.0 0.0 -0.0 -0.0 -0.10637012 -0.078769736 -0.10457808 -0.0
0.0 -0.0 -0.0 0.0 -0.0 -0.0 -0.04758066 -0.0 -0.0 0.0 0.0 -0.0 0.0 0.0 -0.0 -0.0 0.0 0.0 0.0 0.0 -0.0 0.06698307 -0.0 -0.0 0.06919362 -0.0 -0.0 0.0 -0.0 0.0 -0.0 0.0 0.0 -0.054049727 -0.0 -0.0 -0.0 -0.0 -0.0 -0.09453375 0.0 -0.0 -0.0 -0.050045196 -0.0 -0.0 -0.0 -0.0 0.0 -0.08689249 -0.0 -0.0 0.0 -0.09298587 -0.0 -0.0 -0.0 0.0 -0.0 -0.0 -0.0 0.0 0.0 0.0
0.0 0.0 -0.0 -0.0 -0.0 0.0 -0.0 -0.0 -0.0 -0.0 -0.0 -0.0 0.0 -0.0 -0.0 -0.0 0.0 -0.0 0.0 0.05874606 -0.0 0.0 -0.0 0.0 -0.0 -0.0 0.0 -0.0 0.0 0.0 0.0 0.0 0.0 0.056484666 0.0 0.0 -0.0 -0.0 0.0 -0.0 -0.0 -0.04479543 0.0 0.0 0.0 -0.0 -0.0 0.0 0.0 -0.0 0.0 -0.0 -0.048966117 0.0 0.0 0.0661912 -0.08255285 0.0 0.0 -0.043351613 0.0 -0.076979 -0.0 -0.0
-0.0 0.19093624 0.20232506 0.15720612 -0.55587655 -0.13860515 0.0 0.0 -0.2978997 0.586633 -0.0 0.0 0.27130234 -0.0 0.12940432 0.2929799 0.0 -0.0 -0.0 0.0 0.0 0.3858167 -0.0 -0.0 -0.20444019 0.0 -0.0 -0.16152292 -0.0 -0.17371334 -0.12801029 -0.2664954 -0.0 -0.14266601 -0.114009686 -0.0 -0.14065923 0.20328756 -0.13214423 -0.0 -0.0 0.0 0.0 -0.11443604 0.0 0.13233927 -0.0 -0.18508892 0.0 0.0 -0.0 -0.0 0.2841357 -0.0 0.31542557 0.12813786 -0.29219484 -0.0 0.1615802 -0.0 0.33042732 0.22283427 -0.0 -0.07546112
-0.0 0.0 -0.10044121 -0.0 0.0 0.14624313 -0.0 -0.0 0.0 0.0 -0.0 0.0 -0.0 0.0 -0.0 -0.0 -0.0 0.0 0.0 -0.0 0.0 0.0 -0.0 -0.0 0.0 -0.0 0.0 -0.121451594 0.0 0.22924544 -0.0 -0.0 -0.104742095 -0.0 -0.0 -0.0 -0.0 -0.1571865 0.0 -0.16847187 0.0 0.0 -0.0 0.0 -0.0 0.0 -0.0 -0.0 -0.0 0.0 -0.10991332 -0.0 -0.0 0.0 -0.0 -0.0 -0.0 0.0 -0.0 0.2248438 -0.0 -0.0 -0.0 -0.13561818
-0.041289464 0.0 -0.0 -0.0 0.0 -0.0 -0.0 0.0 0.0 -0.0 -0.043164264 -0.0 -0.0 0.0 -0.0 0.0 -0.0 -0.053222716 -0.0 -0.0 -0.0 -0.0 -0.0 -0.0 -0.0 -0.0 0.0 -0.0 0.0 -0.0 0.0 -0.0 0.0 -0.0 -0.0 -0.0 0.03560843 0.0 0.0 0.0 0.0 0.0 -0.0 -0.0 0.0 -0.0 0.0 -0.0 0.0 -0.0 -0.03950463 0.0 -0.0 0.0 -0.0 0.0 -0.0 0.0 -0.0 -0.0 -0.0 0.0 -0.0 -0.0
0.0 0.0 -0.14983663 0.0 0.0 -0.0 0.32558346 0.12711965 0.12554717 0.0 0.0 -0.14113408 -0.0 0.0 0.0 0.0 -0.0 0.0 -0.0 -0.0 0.0 -0.0 0.0 -0.116628036 -0.18403323 0.67023677 0.0 -0.16381787 -0.16015173 -0.202716 -0.1405042 -0.17032343 -0.0 -0.18538634 0.0 0.1289549 -0.0 -0.0 -0.0 -0.21360184 0.23293474 0.0 -0.0 -0.102403164 0.0 0.0 0.0 0.0 -0.0 -0.4173031 -0.0 0.0 -0.0 0.0 0.20014751 -0.0 -0.0 0.0 -0.0 0.1980692 -0.0 -0.0 -0.0 0.0
0.0 0.0 0.0 -0.0 -0.0 0.0 -0.0 0.0 0.0 -0.0 0.0 0.0 -0.0 0.0 -0.0 0.0 0.0 -0.0 -0.0 -0.0 -0.0 0.0 -0.0 -0.0 -0.0 0.0 -0.0 -0.0 0.0 -0.0 0.0 -0.0 0.0 0.0 -0.0 0.0 0.0 -0.0 -0.0 -0.0 0.0 -0.0 -0.0 0.0 -0.0 -0.0 -0.0 0.0 -0.0 -0.0 -0.0 0.0 -0.0 0.0 -0.0 -0.0 0.0 0.0 -0.0 0.0 0.0 -0.0 -0.0 -0.0
0.0 -0.0 -0.07080161 0.0 -0.120008886 0.0 0.0 -0.0 0.079442255 -0.06729659 0.0 -0.0 0.0 -0.09626872 0.0 -0.0 -0.0 -0.0 0.0 0.0 -0.0 -0.0 0.0 -0.073730566 -0.0 -0.0 -0.0 -0.0 -0.0 0.0 -0.0 -0.0 -0.0 0.0 -0.0 -0.0 -0.0 -0.0 0.0 -0.0 0.0 0.0 0.0 0.0 -0.0 -0.21778767 0.0 0.0 -0.0 0.0 0.0 -0.0 -0.0 0.0 -0.0 -0.0 -0.0 -0.0 -0.0 0.0 -0.13243973 -0.0 -0.0 0.0
0.0 0.0 0.0 -0.0 -0.0 -0.0 0.0 0.039637674 0.0 -0.0 -0.0 0.0 -0.0 0.0 -0.0 0.0 -0.0 0.0 -0.0 -0.042935155 0.0 -0.0 0.0 0.0 -0.0 0.0 -0.0 0.0 0.0 0.04550038 0.038945265 -0.0 -0.075733766 -0.10722017 0.0 0.0 0.0 -0.0 0.0 0.0 -0.0 0.0 0.0 0.0 0.0 0.0 0.03780461 0.0 0.0 0.0 0.0 0.0 0.07016992 0.0 -0.0 0.0 0.080395564 -0.0 0.0 -0.0 -0.0 0.0 0.0 0.07269607
-0.27813044 0.0 0.0 -0.41032135 -0.0 -0.19973266 -0.16596271 -0.15801364 -0.0 0.25467527 -0.2913891 0.20830673 0.0 -0.0 -0.16561602 0.0 -0.0 0.135022 -0.0 0.117446095 -0.0 0.33461246 -0.0 0.0 -0.0 -0.0 -0.16813123 -0.21017753 -0.0 -0.0 -0.0 0.0 0.3332692 0.0 0.0 0.100034945 -0.0 0.0 -0.0 -0.0 -0.219168 -0.17857367 -0.36023617 -0.13814846 0.0 -0.0 -0.0 -0.0 0.0 -0.0 -0.13032654 0.0 -0.12324836 -0.25679728 -0.12737216 -0.0 -0.09728119 0.41879284 0.34838453 0.0 0.1273102 -0.118147224 0.0 0.12045464
0.0 0.0 -0.0 0.0 0.0 0.0 0.0 0.0 -0.0 0.0 -0.07427417 0.0 -0.0 -0.0 -0.0 -0.06849788 -0.0 -0.0 -0.0 -0.0 -0.0 -0.0 0.0 0.0 -0.0 -0.0 -0.0 -0.0 -0.0 0.0 0.0 0.0 -0.0 -0.0 -0.0 0.0 0.0 -0.0 -0.0 -0.0 -0.0 0.0 -0.0 -0.06673494 -0.0 0.0 -0.0 0.0 -0.0 0.0 0.0 -0.0 0.0 0.0 0.0 0.0 -0.0 0.0 0.0 0.0 0.0 -0.0 -0.0 -0.0
-0.0 0.0 -0.0 -0.0 -0.0758944 -0.0 -0.0 0.05838993 0.10257516 0.0 -0.0 0.07926309 0.0969796 0.0 -0.0 -0.0 -0.0 0.14428884 0.0 -0.13422188 0.0 0.0 0.0 0.0 -0.0 0.091342434 -0.0 0.0 0.0 0.0 0.0924338 -0.09980394 -0.19443917 -0.48415273 0.0 0.0 0.054630175 0.0 0.0 -0.0 -0.0 -0.0 0.0 -0.0 0.0 0.0 0.0 0.0 0.0 0.0 0.0 0.0 0.20403701 0.11775182 -0.07924114 0.0 0.17566581 0.0 0.0 -0.0 -0.0 -0.0 -0.0 0.0
0.27195328 0.0 -0.25411022 0.3354007 0.0 0.0 -0.46962336 -0.57265645 0.23802745 -0.0 0.33148873 -0.14844796 0.0 0.25361603 -0.15632106 -0.0 0.0 0.0 0.0 0.18470524 0.19646639 0.20673218 -0.0 -0.0 -0.40517983 -0.0 -0.0 0.37112284 -0.104672104 -0.2494139 0.20655175 -0.0 -0.0 0.12819697 -0.0 -0.2858619 0.0 0.1673434 -0.1531242 0.51719755 -0.21370153 0.34622642 -0.0 -0.33543015 0.0 -0.0 0.24153125 -0.0 0.14832288 -0.0 -0.0 -0.0 0.0 -0.15370062 -0.13919719 -0.0 -0.0 0.0 0.13975173 -0.1767671 -0.0 -0.0 -0.19569337 -0.0
0.0 0.0 -0.0 0.0 -0.0 -0.0 -0.0 -0.0 0.0 -0.11801929 0.0 -0.0 -0.09485781 0.0 0.16394436 0.0 -0.0 -0.0 -0.0 -0.0627798 0.0 0.0 0.13200742 -0.0 0.0 -0.15483448 0.08594895 0.0 0.14807466 0.0 -0.0 0.0 -0.0 -0.11984516 -0.07592425 -0.0 0.0879086 0.0 -0.0 0.0 0.0 0.0 0.0 -0.0 0.117077604 -0.11992206 0.0 0.0 -0.0 0.0 0.0 0.0 -0.0 -0.09011389 -0.0 -0.0 0.23544867 -0.0 0.11319822 -0.06250635 0.0 0.0 0.0 -0.0933617
-0.0 0.06396843 0.0 0.0 -0.0 -0.0 0.0 -0.0 0.0 0.0 -0.04165946 -0.0 -0.03543982 0.0 0.0 -0.0 0.0 0.040002804 -0.0 -0.036711942 -0.0 0.0 0.0 0.04595542 -0.0 -0.0 -0.0 0.0 -0.08127234 -0.0 -0.0 -0.0 0.0 -0.0 -0.0 -0.055919256 0.0 0.0 0.12370886 -0.0 0.0 0.0 0.0 0.0 -0.0 -0.0 0.0 -0.034790847 -0.0 -0.0 0.0 -0.116336554 -0.0 -0.0 0.0 -0.034453444 -0.0 -0.0 0.0 -0.0 0.0 -0.0 -0.0 0.0
0.0 0.0 0.0 0.0 0.0 -0.0 0.0 0.0 0.0 -0.0 0.03182922 -0.0 -0.0 0.0 -0.0 -0.0 0.042562474 0.042236414 0.027613431 0.02758674 0.0 0.0 -0.0 0.040279027 -0.0 0.0 -0.0 0.0 0.0 0.0 0.0 0.04043076 -0.0 -0.0 -0.0 -0.0 -0.0 -0.0 0.0 0.0 -0.0 0.0 -0.0 0.047454003 0.0 -0.0 0.0 -0.0 0.0 0.0 0.0 0.0 -0.0 -0.0 -0.034223508 0.0 0.0 -0.0 -0.0 -0.0 0.0 0.0 -0.0 0.0
-0.17328393 0.2338083 0.20531131 0.0 -0.0 -0.0 -0.0 -0.12757352 -0.0 0.19894588 0.13151617 -0.0 0.0 -0.30476883 0.0 0.0 -0.0 -0.21122673 -0.0 -0.1637655 0.0 0.13021679 -0.0 0.0 0.0 -0.0 -0.0 0.2329592 0.0 0.18808623 0.27345544 0.0 0.23285282 0.0 0.0 -0.324339 -0.07982845 0.0 0.0 -0.0 -0.19867404 0.0 0.34119102 0.0 0.14701067 0.0 -0.45324835 0.0 0.1855687 0.0 0.6112015 0.0 0.0 0.52249056 0.0 -0.3738939 0.0 -0.13396291 0.0 -0.0 0.0 -0.13748415 -0.0 -0.1760073
-0.30965707 0.0 -0.0 0.0 0.0 -0.36224055 0.0 0.81269866 -0.17643878 0.18807021 0.0 0.0 0.40240535 0.0 -0.0 0.0 -0.22033653 0.0 -0.0 -0.0 0.0 0.22370677 -0.17311801 -0.0 0.53829026 -0.23414865 0.0 0.0 -0.0 0.19368786 -0.0 -0.18905155 0.0 0.19192076 0.0 -0.0 -0.7111059 0.3498693 -0.0 0.0 -0.0 0.0 0.0 -0.0 -0.18993738 0.0 0.45988762 -0.0 0.16187419 0.9672261 -0.19394706 -0.0 0.0 0.0 -0.15895322 -0.0 -0.18604194 0.38709792 -0.11995455 -0.26101932 0.0 -0.0 -0.16916455 0.0
0.0 -0.047831133 0.084020704 -0.0 -0.0 0.07604755 -0.0 -0.0 0.04234339 0.091471285 -0.0 0.0627851 -0.0 0.0 -0.0 0.0 -0.048277326 -0.0910847 -0.0 0.0 -0.0 0.082652576 -0.0 -0.0 0.0 0.0 0.0 -0.10043728 0.0 -0.10437071 -0.0 -0.0 -0.0 0.09917331 0.0 -0.0 0.0 -0.0 -0.055654243 -0.0 -0.0 0.046893425 -0.0 -0.0 -0.0 -0.0 0.0 -0.109240785 -0.0 -0.05568682 -0.0 0.0 0.0 0.0 0.0 -0.0 -0.101047814 0.0 0.06965185 0.0 0.0 0.0 -0.0 0.09464917
-0.0 -0.0 0.0 -0.0 0.0 0.08657169 0.0 -0.0 0.0 -0.0 0.0 0.11551064 0.0 -0.0 -0.0 -0.0 0.0 0.0 0.0 -0.0 -0.0 0.0 -0.0 0.0 0.0 0.0 -0.0 0.0 -0.0 0.0 -0.0 -0.0 0.0 0.06475686 0.0 -0.0 0.0 -0.0 0.0 -0.0 -0.0 -0.0 -0.0 0.0 0.0 -0.0 0.0 -0.0 0.0 -0.0 -0.0 0.0 0.0 -0.0 0.0 0.0 -0.0 0.075792946 0.0 -0.0 -0.0 -0.12528804 0.0 0.0
0.0 -0.0 -0.100399524 -0.0 -0.0 0.27614123 -0.42212093 -0.48861593 0.115045354 0.0 0.19698869 -0.23422737 0.0 0.2001266 0.13601765 0.0 0.0 0.0 0.0 -0.0 0.0 0.0 0.15192404 0.0 -0.0 0.34242427 -0.0 -0.22494371 0.0 0.16433136 -0.0 0.0 -0.18723765 -0.23298474 -0.0 -0.10731717 0.24047187 -0.0 -0.0 0.21276505 0.21522808 0.0 -0.0 -0.0 0.0 0.0 -0.2894557 -0.0 -0.0 0.33517432 -0.15804726 -0.0 -0.0 0.0 -0.0 0.0 -0.0 -0.0 0.0 0.15961346 0.0 0.0 0.13541922 -0.30985272
-0.0 -0.0 0.20361795 0.0 0.0 0.0 -0.0 0.0 0.0 -0.0 0.0 0.0 -0.0 0.0 0.0 -0.0 0.17697093 0.0 0.0 0.0 -0.0 0.0 0.0 0.0 -0.0 -0.0 -0.0 -0.0 -0.0 0.0 0.0 -0.121402495 0.0 0.0 0.0 -0.0 0.0 -0.21000169 -0.0 -0.0 0.0 -0.0 -0.0 0.0 0.0 -0.13385646 0.0 0.0 0.0 -0.0 -0.0 -0.0 0.0 -0.0 -0.0 -0.0 -0.0 0.0 0.0 -0.0 0.0 -0.4122331 -0.0 0.0
0.0 0.0 -0.0 0.092723034 -0.25679892 -0.21761194 -0.13215634 -0.0 -0.0 0.0 0.0 0.1265134 -0.0 0.0 -0.0 -0.17491807 0.0 -0.0 0.0 -0.18801638 0.0 0.0 -0.0 -0.0 -0.0 -0.13693684 -0.0 -0.23483293 0.0 -0.0 0.0 0.0 -0.0 -0.1410231 -0.0 -0.0 0.15903899 -0.0 0.0 0.0 -0.0 -0.090699375 -0.24219687 0.0 -0.0 0.0 -0.1813321 0.0 0.0 0.0 0.0 -0.0 0.0 -0.0 0.08383952 0.0 -0.0 0.0 0.0 -0.0 0.0 -0.0 0.0 -0.0
-0.15080817 0.17767505 -0.10412588 0.0 0.13131255 0.0 0.0 -0.2216006 0.21254072 -0.1894568 0.0 0.1721906 0.0 -0.17892972 0.0 -0.0 -0.25224066 0.12627642 -0.0 0.0 -0.12796053 -0.08960068 0.08793651 0.23102926 -0.1571113 -0.14262863 0.3831375 -0.0 0.0 0.29983434 -0.2688244 -0.0 0.0 0.0 -0.0 0.16985518 -0.12903163 -0.18363525 0.21887676 -0.0 -0.0 -0.21673208 -0.2488842 -0.29830375 -0.0 -0.23213576 0.0 0.48756838 -0.0 -0.17536803 -0.0 0.26544517 -0.0 -0.25181818 -0.08923466 0.16184773 -0.119242676 0.0 0.2448744 0.27107844 -0.0 -0.0 0.149893 -0.0
-0.0 0.0 -0.0 -0.0 0.0 -0.0 0.0 0.0 0.0 -0.0 -0.0 0.0 0.0 0.0 -0.0 -0.0 -0.0 -0.0 -0.0 0.0 -0.0 0.0 -0.0 -0.0 -0.0 -0.0 0.0 0.0 -0.0 0.0 -0.0 0.0 -0.0 0.0 -0.0 -0.0 -0.0 0.0 0.0 -0.0 -0.0 -0.0 -0.0 0.0 -0.0 -0.0 -0.0 -0.0 -0.0 -0.0 -0.0 0.0 0.0 0.0 -0.0 -0.0 -0.0 0.0 0.0 -0.0 -0.0 -0.0 -0.0 0.0
0.28896785 0.13802277 -0.2369847 -0.0 -0.0 0.0 0.0 -0.0 -0.1554207 -0.0 0.0 -0.39796954 0.0 -0.0 0.32182166 -0.0 0.0 0.25145257 -0.0 -0.2819527 -0.27942696 0.0 0.1273824 -0.0 0.0 -0.17722514 0.0 0.23171549 -0.14679068 0.15682156 -0.18577346 0.0 0.14577553 -0.33477175 0.0 -0.0 -0.08165179 0.0 0.0 0.0 -0.0 -0.17986706 -0.0 -0.24594942 -0.17172365 -0.30040076 -0.1831456 0.0 -0.0 0.0 0.0 0.0 -0.0 0.0 0.0 -0.0 -0.17609525 -0.0 -0.0 -0.0 0.17448069 -0.16208665 0.1187313 -0.0
0.31104615 -0.0 0.0 -0.0 -0.12531357 0.0 0.0 0.0 -0.0 -0.0 0.0 -0.44534817 -0.0 -0.0 -0.0 0.31499985 0.21399997 -0.0 -0.0 0.0 0.0 0.16762552 -0.0 -0.0 0.0 0.21771933 0.0 -0.0 0.0 -0.0 -0.40296194 -0.0 0.24099103 -0.19192135 0.14742522 -0.0 -0.15679123 -0.0 -0.0 -0.0 0.21425472 0.0 0.0 -0.0 0.0 -0.15893571 -0.0 0.0 -0.0 -0.0 -0.0 0.0 -0.0 -0.0 -0.0 0.0 -0.24999477 0.0 -0.21392246 0.0 -0.0 0.0 0.0 0.0
-0.0 0.0 -0.0 0.0 -0.0 -0.0 -0.0 0.0 -0.0 -0.0 0.0 0.0 0.0 -0.0 -0.0 -0.0 0.0 -0.0 -0.0 -0.0 0.0 0.0 -0.0 -0.0 0.0 0.0 -0.11774852 -0.0 -0.0 0.0 -0.0 0.14321174 0.0 -0.0 -0.0 0.0 -0.0 -0.0 0.0 -0.0 -0.0 -0.16339423 0.0 -0.0 -0.0 0.0 -0.0 -0.0 0.0 0.0 0.0 0.0 0.0 -0.0 -0.0 -0.0 -0.0 0.0 -0.0 -0.0 0.0 0.0 -0.0 0.0
0.0 0.0 -0.0 0.0 0.0 -0.0 0.0 0.0 -0.06868426 0.0 0.0 -0.052968357 0.0 0.0 0.0 0.0 0.0 -0.0 -0.0 -0.0 0.0 0.0 0.0 -0.0 -0.0 -0.0 -0.1367585 0.0 -0.0 -0.0 0.0 0.0 0.0 -0.0 0.0 -0.0 -0.0 0.0 -0.0 0.0 0.0 0.061047908 0.0 0.0 -0.0 -0.0 0.0 -0.0 -0.0 -0.0 -0.0 0.0 0.0 -0.0 0.0 0.0 0.0 0.0 0.0 -0.0 0.0 -0.0 0.0 0.0
-0.0 -0.0 -0.0 -0.0 -0.0 0.0 0.0 0.0 0.0 -0.115676954 0.0 0.20510724 0.0 -0.15270463 0.0 -0.0 0.07897508 -0.06871132 -0.0 -0.1569528 0.0 -0.0 0.0 0.0 -0.0 0.11414713 0.0 0.0 0.0 0.0 -0.0 -0.0 0.14300403 0.10204264 -0.0 -0.0 0.0 -0.0 0.0 0.0 0.0 0.0 0.0 -0.0 -0.0 -0.0 0.10262202 0.0 0.0 0.0 0.068453155 0.0 0.15945329 0.10100339 0.11219199 -0.0 0.08506639 0.0 -0.0 -0.098166116 -0.0 -0.0 0.0 -0.15729176
0.0 0.0 0.0 0.0 -0.0 0.0 0.0 0.0 0.0 -0.0 -0.0 -0.0 -0.0 0.0 -0.0 0.0 -0.0 0.0 -0.0 0.0 -0.0 -0.0 0.0 -0.0 0.0 -0.0 0.0 0.0 0.0 -0.0 -0.0 -0.0 0.0 0.0 -0.0 0.0 -0.0 -0.0 0.014206064 0.0 -0.0 -0.0 -0.0 0.0 -0.0 0.0 0.0 -0.0 -0.0 -0.0 -0.0 0.0 -0.0 0.0 0.0 0.0 0.0 -0.0 -0.0 -0.0 0.0 -0.0 -0.0 0.0
0.03535899 -0.0 0.0 0.0 -0.0 -0.0 -0.0 0.0 -0.0 -0.0 0.0 -0.0 -0.0 -0.0 -0.0 0.0 0.0 -0.0 0.0 -0.0 -0.0 0.0 0.059288234 -0.03768588 0.0 0.0 -0.0 -0.050550535 0.05088344 -0.0 -0.05738018 0.0 0.06751581 -0.0 -0.0 -0.0 0.05573337 0.0 -0.0 0.0 0.0 0.0 0.0 0.0 -0.0 -0.031463675 0.03766609 0.0 -0.0 -0.0 0.0 0.0 0.0 -0.0 0.0 -0.0 -0.076748595 0.0 0.0 -0.08586075 0.0 -0.0 0.0 0.0
-0.0 -0.0 -0.0 -0.0 0.0 -0.0 -0.0 -0.0 -0.0 -0.0 0.0 -0.0 0.0 0.0 0.0 -0.0 0.0 -0.0 -0.0 -0.0 -0.0 0.0 -0.0 0.0021942325 0.0 0.0 0.0 0.0 -0.0 0.0 0.0 0.0 -0.0 -0.0 0.0 -0.0 -0.0 0.0 0.0 -0.0 -0.0 0.0 -0.0 0.0 -0.0 -0.0 0.0 0.0 0.0 0.0 0.0 -0.0028835991 0.0 -0.0 -0.0 0.0 -0.0 -0.0 0.0 -0.0 -0.0 0.0 -0.0 -0.0
-0.15781415 -0.35445288 -0.0 0.37417868 0.0 -0.0 -0.0 0.2591324 0.10235366 0.0 0.2154104 -0.13316578 0.0 0.0 -0.0 -0.0 0.0 -0.0 0.0 0.15477972 -0.46317688 0.0 -0.0 0.0 0.0 -0.0 -0.0 0.0 -0.0 0.0 0.5874034 0.0 -0.0 -0.29428023 0.0 -0.6393775 -0.30008024 -0.18398249 0.17359199 0.60397553 0.0 -0.65242875 -0.0 0.0 0.27364832 -0.32069525 -0.262997 -0.0 -0.0 0.0 0.0 0.0 -0.0 -0.0 -0.0 0.90436727 -0.12483838 0.0 0.0 0.17228024 0.0 0.0 0.42192736 0.28363538
-0.0 0.0 -0.0 0.0 0.0 0.0 -0.0 -0.0 0.0 0.0 0.0 -0.0 -0.0 -0.0 0.0 0.0 0.0 0.0 0.0 0.0 0.0 -0.0 -0.0 0.0072728926 -0.0 0.0 0.0 -0.0 -0.0 0.0 0.0 0.0 -0.0 0.0 0.0 0.0 0.0 -0.0 -0.0069730976 0.0 0.0 0.0 -0.0 0.0 -0.0 0.0 0.0 -0.0 0.0 0.0 0.0 0.0 -0.0 0.0 -0.0 0.0 0.0 -0.0 -0.0 -0.0 -0.0 0.0 0.0 -0.0
-0.11065049 0.17125069 0.16123338 0.0 -0.0 -0.24243914 -0.0 -0.1753387 -0.0 0.41966853 0.0 0.78167826 -0.0 0.20669629 0.15113357 0.0 -0.0 0.0 -0.0 -0.0 -0.17570938 -0.2516485 -0.0 -0.12929298 -0.0 0.21875505 -0.0 -0.0 -0.0 0.0 0.19008887 -0.0 0.0 0.0 0.0 -0.18795103 0.0 -0.21049592 -0.10061865 0.0 -0.15826197 -0.13809398 -0.0 -0.113050684 -0.0 0.1697116 0.0 -0.0 0.11926436 -0.0 -0.0 -0.0 0.20590067 0.0 0.0 -0.0 -0.0 -0.0 -0.22856838 -0.11802109 0.122298755 0.0 -0.0 -0.10294973
-0.0 0.060849667 0.11615316 0.0 -0.0 -0.08952044 -0.0 0.0 -0.14046611 0.0 0.0 0.0 -0.0 0.0 -0.058208335 -0.0 -0.09794691 0.0 0.0 0.0 0.0 0.0718096 -0.059000343 -0.0 -0.10096009 0.10597784 -0.0 -0.0 -0.083818585 0.0 -0.06698946 0.059578136 0.0 0.0 0.0 0.0 0.0 -0.09762745 -0.0 -0.0 -0.0 0.073494285 0.0 -0.08332306 0.0761184 -0.0 0.0 -0.08332211 0.0 -0.0 -0.09385533 -0.07555445 0.0 0.0 0.0 0.0 -0.0 0.1328121 -0.0728313 -0.0 0.0 0.124671124 -0.0 0.0
-0.0 0.0 -0.0 0.0 -0.0 -0.0 -0.0 -0.0 -0.0 -0.0 -0.0 0.0 -0.0 -0.0 -0.0 -0.0 0.0 -0.0 0.0 -0.0 -0.0 0.0 0.0 -0.0 0.0 -0.0 -0.0 -0.0 -0.0 -0.0 -0.0 0.0 -0.0 0.0 0.0 -0.0 -0.0 -0.0 -0.0 -0.0 0.0 -0.0 0.0 0.056905158 -0.0 -0.0 -0.0 0.0 -0.0 -0.0 0.0 -0.0 -0.0 -0.0 -0.0 -0.0 -0.0 0.0 0.0 0.0 0.0 -0.0 -0.0 0.0
0.0 0.0 -0.0 0.0 -0.0 -0.0 0.0 0.0 -0.0 -0.0 -0.0 0.0 -0.0 0.0 0.0 -0.0 0.0 -0.0 0.0 -0.0 0.0 -0.0 0.0 -0.0 0.0 -0.0 -0.0 0.0 -0.0 0.0 -0.0 -0.0 -0.0 -0.0 -0.0 0.0 0.0 -0.0 0.0 -0.0 0.0 -0.0 -0.0 -0.0 -0.0 0.0 0.0 -0.0 0.0 -0.0 -0.0 0.0 -0.0 -0.0 -0.0 -0.0 0.0 -0.0 0.0 0.0 0.0 0.0 -0.0 0.0
0.0 0.10881646 -0.0 0.0 0.09203007 -0.074164785 -0.0 -0.0 0.0 -0.0 -0.0 0.12253339 -0.0 0.073560044 0.0 0.0 0.0 0.13892578 0.0 -0.0 0.0 0.0 0.0 -0.0 -0.09598184 -0.10045763 -0.0 0.0 -0.0 0.0 0.0 -0.0 0.10613198 -0.68657637 -0.0 0.10767658 0.0 -0.27110803 -0.0 -0.0 -0.0 -0.0 -0.0 -0.0 0.0 -0.0 0.0 -0.0 0.0 0.0 -0.0 -0.0 0.0 -0.10576762 -0.1674259 0.11465602 -0.0 0.17975913 -0.0 -0.0 0.1659971 -0.0 0.0 0.0
0.0 0.0 0.0 -0.29923537 -0.18237771 0.0 0.0 0.0 -0.0 0.13590707 -0.3469815 0.12549612 -0.13376378 -0.0 -0.13644494 -0.11861554 0.0 0.0 0.0 0.0 -0.17284116 0.07173136 -0.0 -0.0 0.0 0.16572693 0.0 -0.0 0.0 0.0 0.0 -0.0 0.0 -0.0 -0.0 -0.0 -0.0 -0.0 -0.090920284 -0.08799618 -0.16829136 -0.17389527 -0.22408223 -0.0 -0.14277104 0.114166036 -0.20993729 -0.10237819 0.15653566 0.0 0.0 -0.13080324 0.0 0.0 0.125484 -0.0 -0.0 -0.0 0.0 0.0 0.0 0.0 -0.0 0.0
0.0 0.0 0.0 -0.0 0.0 -0.0 0.0 0.0 0.0 -0.0 -0.0 0.0 -0.0 -0.0 -0.0 -0.0 0.0 0.0 0.0 -0.0 -0.0 -0.0 0.0 -0.0 -0.0 -0.063036785 -0.0 0.060334776 0.0 0.0 0.0 0.0 0.0 0.0 -0.0 0.0 0.0 -0.0 -0.0 -0.0 -0.0 -0.0 -0.0 -0.0 -0.0 -0.046135906 0.0 0.0 -0.0 -0.0 0.0 -0.0 -0.0 -0.0 -0.056211524 -0.0 -0.0 0.0 0.0 -0.0 0.0 -0.0 0.042213835 0.0
-0.0 -0.0 0.0 -0.0 -0.072348386 -0.0 -0.0 0.0 -0.0 -0.0 -0.0 -0.0 0.0 0.0 -0.0 -0.0 -0.0 -0.0 -0.0 -0.0 -0.0 -0.0 -0.0 0.073913336 0.0 -0.0 -0.0 -0.09338243 -0.0 -0.0 0.0 -0.0 -0.0 -0.0 -0.0 0.0 0.0 -0.0 0.07871427 -0.0 -0.0 -0.0 0.06169519 0.0 0.0 0.0 -0.0 -0.0 0.0 -0.0 -0.056992564 0.0 0.0 -0.0 0.10186277 0.0 -0.0 -0.0 -0.0 -0.0 -0.0 -0.0 -0.0 0.0
-0.0 0.0 -0.2841218 0.0 0.0 0.38129342 -0.37291428 -0.12510556 0.0 0.0 0.1385662 0.25678763 0.384031 0.12794843 -0.0 0.0 -0.0 -0.0 0.0 0.19199918 0.0 0.0 0.0 -0.19332346 -0.0 -0.0 -0.0 -0.13394703 -0.0 0.28057614 -0.0 0.0 -0.11993008 0.0 -0.13678007 0.0 -0.0 -0.0 0.0 0.33265775 0.23401059 0.18313849 0.0 -0.0 -0.0 -0.2104797 -0.1676008 0.0 0.28498414 0.0 0.0 -0.10537876 0.0 -0.22078685 -0.31626588 -0.0 -0.0 0.0 -0.0 0.0 -0.0 0.0 -0.0 -0.4323596
-0.0 0.0 0.0 0.0 -0.0 -0.0 0.0 -0.0 0.0 0.0 -0.0 0.0 -0.0 -0.0 0.0 0.0 0.0 -0.0 0.03975107 0.0 -0.0 0.0 -0.03276671 -0.0 0.0 -0.0 0.0 -0.0 0.0 -0.0 -0.0 -0.0 0.0 0.04047785 -0.0 -0.0 -0.0 -0.0 -0.0 0.0 -0.0 -0.0 -0.0 0.0 -0.0 0.0 0.0 -0.0 -0.0 -0.0 -0.0 -0.0 0.0 -0.0 -0.0 -0.0 -0.0 0.0 -0.0 0.0 0.0 0.0 -0.0 0.0
0.0 0.0 -0.0 -0.0 0.097543634 0.0 -0.110559545 -0.111659124 0.090376 -0.0 -0.0 0.0683049 -0.0 0.0 0.0 -0.0 0.0 0.0 -0.0 0.0 0.0 -0.0 0.0 -0.0 0.0 0.08498958 -0.0 -0.0 -0.0 0.0 -0.0 0.0 -0.0 -0.0 0.0 0.142374 -0.0 -0.18239455 -0.0 0.0 0.0 0.0 0.0 0.0 -0.0 0.0 0.0 0.0 0.0 0.0 -0.0 0.0 0.17242381 0.0 -0.0 0.0 -0.0 0.1272997 -0.11502034 0.0 0.0 0.0 0.0 -0.0
0.12986195 -0.14131731 -0.2363545 -0.0 -0.15048145 -0.0 0.12099523 -0.12092315 0.2539808 0.0 -0.1358137 -0.0 0.14011216 -0.10889464 0.22438784 0.0 -0.09007851 0.08960758 0.0 -0.0 0.0 -0.0 -0.0 -0.100614734 -0.23267916 -0.4969143 0.0 0.17291956 0.0 -0.0 0.21328567 -0.16594204 -0.11664852 0.12302716 -0.0 0.0 -0.10632403 -0.0 0.0 -0.08955956 -0.0 -0.0 -0.0 -0.1337409 0.0 -0.0 -0.0 -0.0 -0.0 -0.2043376 0.0 -0.0 -0.0 -0.17781124 0.0 -0.22850817 -0.097947046 0.0 0.30186823 -0.0 -0.31426358 -0.0 -0.0 -0.11163618
0.0 0.0 0.0 0.0 0.0 0.0 0.0 -0.0 0.0 0.0 0.0 0.0 -0.0 0.0 -0.0 0.0 -0.0 0.0 -0.0 0.0 0.0 -0.0 0.0 0.0 0.0 -0.0 -0.0 -0.0 -0.0039766063 -0.0 0.0 -0.0 0.0 0.0 0.0 0.0 -0.0 -0.0 -0.0 0.0 0.0 0.0 -0.0 -0.0 0.0 0.0 -0.0 -0.0 0.0 0.0 -0.0 0.0 0.0 0.0 0.0 -0.0 -0.0 -0.0 0.0 0.0 -0.0 -0.0 0.0 -0.0
-0.0 -0.0 -0.0 -0.0 -0.0 -0.0 -0.0 -0.0 0.0 -0.0 -0.0 0.0 0.0 -0.0 0.0 -0.0 0.0 -0.0 0.0 0.0 0.0 0.0 -0.0 0.0 0.0 -0.0 -0.0 0.0 -0.0 -0.0 -0.0 0.0 -0.0 0.0 -0.0 0.0 -0.0 -0.0 -0.0 0.0 -0.0 -0.0 0.0 0.0 -0.0 -0.0 0.0 -0.0 0.0 0.0 0.0 -0.0 0.0 -0.0 -0.0 -0.0 0.0 0.0 -0.0 -0.0 -0.0 0.0 -0.0 -0.0
-0.0 0.0 -0.0 0.0 0.0 0.0 -0.0 0.0 0.0 -0.0 0.0 0.0 0.0 -0.0 -0.0 -0.0 -0.0 0.0 0.0 0.0 -0.0 0.0 -0.0 -0.0 0.0 -0.0 -0.0 -0.0 -0.0 -0.0 -0.0 -0.0 0.0 0.0 0.0 -0.0 0.0 -0.0 -0.0 0.0 -0.0 -0.0 0.0 -0.0 0.0 -0.0 -0.0 0.0 0.0 -0.0 0.0 -0.0 0.0 -0.0 -0.0 -0.0 0.0 -0.0 0.0 0.0 -0.0 -0.0 -0.0 0.0
-0.0 -0.0 -0.045365702 0.0 -0.0 -0.0 -0.0 -0.0 0.0 -0.0 -0.0 0.0 -0.0 -0.0 -0.0 -0.0 -0.0 -0.0 0.0 -0.0 -0.0 0.0 0.029299386 -0.0 0.0 -0.0 0.0 0.0 -0.0 0.0 -0.0 0.0 0.0 0.0 0.0 -0.0 -0.0 -0.0 0.0 0.0 -0.0 -0.0 0.0 0.0 -0.0 -0.0 -0.0 0.0 0.0 -0.0 0.0 -0.0 -0.0 -0.0 -0.0 -0.0 -0.0 -0.0 0.0 0.0 -0.0 -0.0 -0.0 -0.0
-0.030673375 -0.0 0.037722614 0.0 -0.03459682 -0.0 -0.0 0.07726942 0.0 0.0 -0.0 0.0 0.0 0.0 0.028700022 -0.0 -0.042414155 -0.035523053 -0.0 -0.039225914 0.061901774 -0.0 -0.0 0.0 0.0 0.0 -0.035333827 0.0 0.0 -0.0 0.0 0.054196 -0.055915438 -0.0 -0.0 -0.04631238 0.0 -0.0 0.0 0.040505823 0.0 -0.0 -0.0 0.069260634 0.0 0.0 0.0 -0.04627974 0.0 0.054600507 0.035088275 0.0 0.0 0.0 0.0 -0.036938097 0.07931624 0.0 0.055766102 -0.0 -0.0 0.052945837 0.06731007 0.0
0.0 -0.0 -0.0 -0.0 -0.0 0.0 -0.0 -0.0 -0.051278424 -0.0 0.0 -0.07165496 0.0 -0.0 0.053426407 0.0 0.0 0.0 0.0 0.0 0.0 0.0 0.0 -0.0 -0.0 -0.0 0.0 -0.0 0.0 -0.03270956 -0.0 -0.0 0.0 -0.034628727 0.049307574 -0.0 -0.0 -0.0 0.0 0.0 0.0 0.0 0.0 0.04230637 0.0 -0.0 -0.0 0.0 -0.0 -0.0 -0.0 0.05222325 -0.0 -0.0 -0.0 -0.0 -0.0 -0.0 -0.0 -0.0 0.0 0.0 -0.0 -0.0
0.0 0.0 0.0 -0.0 0.0 -0.0 0.0 0.0 0.0 0.0 -0.0 0.0 0.0 0.0 -0.0 0.0 0.0 0.0 0.0 0.0 0.0 -0.0 0.0 0.0 -0.0 0.0 -0.0 -0.0 -0.0 -0.0 0.0 0.0 -0.0 0.0 -0.0 0.0 0.0 -0.0 0.0 0.0 0.0 -0.0 -0.0 0.0 -0.0 0.0 -0.0 0.0 -0.0 -0.0 0.0 0.0 0.0 0.0 0.0 -0.0 0.0 0.0 -0.0 -0.0 0.0 -0.0 -0.0 0.0
-0.0 0.0 0.103547096 0.0 -0.30670655 -0.0 0.0 0.0 -0.15576951 -0.16632232 -0.0 0.120840795 0.0 0.0 -0.0 -0.0 0.18944578 0.0 0.6830068 0.0 0.0 0.0 -0.0 0.0 0.0 0.0 -0.0 0.11459598 -0.0 -0.0 0.0 -0.11285325 -0.1532356 -0.0 0.0 0.0 -0.0 -0.1664274 -0.0 0.0 0.0 -0.0 0.0 0.0 0.0 0.0 0.0 -0.0 -0.0 0.0 0.25050712 0.0 0.18959354 0.0 0.0 0.0 -0.0 -0.0 -0.0 -0.0 0.32459852 0.10394151 -0.0 0.14572938
-0.106244996 -0.17457959 0.0 -0.0 0.24643186 0.0 0.0 -0.0 -0.0 -0.0 -0.0 0.0 -0.0 -0.0 -0.0 0.22079527 0.0 -0.0 -0.0 0.0 0.10798149 -0.32172462 0.11850898 0.0 0.0 0.0 -0.0 0.0 0.0 -0.0 0.09785799 -0.0 0.0 0.0 0.0 -0.0 -0.0 0.0 0.0 -0.0 0.12574208 0.13598035 -0.0 0.0 0.18137576 0.0 0.0 0.15157361 -0.0 -0.0 -0.11252103 0.0 -0.10673686 -0.113317214 -0.0 -0.0 -0.0 -0.0 -0.0 0.0 -0.17975304 0.0 -0.0 -0.0
0.0 -0.0 -0.0 0.0 0.0 -0.0 -0.0 -0.0 0.41497952 0.0 0.0 0.0 -0.0 0.0 -0.0 -0.47503272 -0.12407575 0.0 0.0 0.0 0.2655814 0.0 0.19716233 -0.0 -0.0 -0.3219926 0.0 0.0 -0.0 0.33323535 0.0 -0.0 -0.16595653 -0.0 0.22751957 0.12977397 -0.0 -0.0 0.0 0.0 0.3904579 -0.0 -0.0 0.0 -0.0 -0.0 -0.0 -0.11244275 0.0 0.0 -0.0 0.0 -0.0 -0.0 -0.0 -0.11681968 -0.27831316 0.0 -0.0 0.0 -0.19944398 -0.0 0.0 -0.0
-0.0 -0.0 0.0 -0.0 0.0 -0.0 0.0 0.12829852 0.13833378 0.0 -0.0 -0.0 -0.0 0.0 -0.18548186 -0.0 -0.0 0.0 0.094355404 0.0 0.0 0.0 -0.13199115 -0.0 -0.0 -0.0 -0.0 -0.0 0.0 -0.10411683 -0.0 -0.0 -0.0 -0.0 0.0 0.16043612 -0.0 -0.0 0.0 -0.12732692 0.0 -0.0 0.0 -0.0 -0.0 0.0 0.0 -0.0 -0.0 -0.0 -0.0 -0.12279906 -0.0 0.0 -0.0 -0.13970254 -0.12569593 0.0 -0.0 -0.17236589 -0.0 -0.0 -0.0 -0.0
0.0 0.0 0.0 0.0 0.0 -0.0 0.0 -0.0 -0.0 -0.0 0.0 0.0 -0.0 -0.0 -0.0 -0.0 0.0 0.05521903 0.0 -0.0 -0.0 0.0 -0.0 0.0732537 -0.0 -0.0 0.0 -0.0 -0.0 -0.0 -0.0 0.0 0.0 0.0 -0.0 -0.0 0.06456806 -0.0 0.052517798 -0.0 -0.0 -0.0 -0.0 0.0 -0.0 -0.07506611 0.0 -0.0 -0.0 -0.0 -0.0 -0.0 -0.0 -0.0 0.0 -0.0 -0.0 0.0 0.0 0.0 0.0 -0.0 -0.0 -0.0
-0.15261403 -0.08038519 0.0 0.0 0.07353214 0.0 0.15948081 -0.09409137 0.0 0.12588032 -0.16152044 -0.10891578 -0.06844473 0.0 0.0 0.086247735 -0.0 -0.16684768 -0.0 0.20497808 -0.34484193 -0.0 0.18662149 0.0945762 0.0 0.35604727 -0.0 -0.17737064 0.08538959 -0.0 0.0 -0.0 -0.0 0.12804222 0.0 -0.0 0.0 0.17946073 -0.0 -0.0 0.0 -0.2971373 -0.17309058 0.0 0.0 0.16817932 0.0 0.23454835 0.0 -0.16156326 -0.0 0.0 -0.0 -0.12150024 -0.0 0.3451998 0.21506768 -0.12482518 -0.0 0.0 -0.0 -0.0 -0.12805535 0.105939485
0.0 0.0 -0.0 0.0 -0.0 0.0 -0.0 0.0 0.0 -0.0 -0.0 0.0 -0.0 0.0 -0.0 0.0 0.0 -0.0 0.0 -0.0 0.0 -0.0 -0.0 -0.0 -0.0 -0.0 -0.0 -0.0 0.0 -0.0 0.0 0.0 0.0 -0.0 -0.0 -0.0 0.0 -0.0 0.0 -0.0 0.0 0.0 -0.0 0.0 0.0 -0.0 -0.0 0.0 -0.0 -0.0 -0.0 0.0 -0.0 -0.0 0.0 -0.0 -0.0 0.0 -0.0 -0.0 0.0 -0.0 -0.0 0.0
0.0 0.0 -0.0 -0.0 0.0 -0.17164907 -0.0 -0.0 0.21888739 -0.0 0.0 -0.070753284 -0.0 0.0 -0.07043039 -0.0 -0.0 0.0 0.0 -0.0 -0.0 0.1408347 0.0 0.0 0.0 0.0 0.0 -0.0 0.0 0.0 0.0 0.0 -0.0 -0.0 -0.40004864 0.0 -0.0 0.0 0.0 0.0 -0.0 0.0 0.0 0.07474517 0.0 0.0 -0.0 -0.0 0.0 0.0 0.0 -0.0 -0.0 0.0 -0.0 0.0 0.0 0.0 -0.0 -0.0 -0.0 -0.0 0.0 -0.0
0.09778113 0.080089636 0.0 0.17239712 -0.088523924 -0.0 0.0 0.12359953 -0.0 0.09741766 -0.0 -0.0 0.0 0.18457228 0.0 0.0 -0.11119279 -0.1821537 0.09445264 0.08183129 0.0 -0.0 0.115650915 -0.0 0.0 0.0 0.0 0.0 -0.0 0.092936136 0.0 -0.0 -0.46487767 0.19954404 0.0 0.0 -0.06547393 -0.15368763 0.0 -0.0 -0.0 0.090500824 0.19324547 -0.0 -0.0 -0.0 -0.19211298 0.0 -0.0 0.0 -0.0 -0.0 0.11957896 0.0 0.19514397 0.0 0.106718935 0.0 0.0 0.10020878 0.114077345 0.16499583 0.0 0.12863153
0.0 0.037349254 -0.04648784 0.04827941 -0.0 -0.07048426 0.0 0.06638368 -0.0 0.0 -0.0 -0.053209107 -0.0 0.0 0.12000303 -0.0 -0.0 -0.0 0.0 -0.04520589 0.0 -0.0 -0.0 -0.0 0.0 0.0 0.0 0.0 -0.056864593 0.0 0.0 0.052560773 -0.057220656 -0.08827446 -0.0 0.0 0.0 0.0 0.0 -0.0 -0.060127903 0.0 0.0 0.0 -0.0 -0.0 -0.05458853 -0.0 -0.0 0.0 0.069295116 -0.0 -0.0 -0.0 0.08498171 -0.0 0.087612435 -0.0 0.0566392 -0.0 0.0 0.0 -0.0 -0.0
-0.0 -0.0 -0.0 0.0 -0.0 0.0 0.0 -0.0 0.0 0.0 -0.0 0.0 0.0 0.0 0.0 -0.0 0.0 -0.21112014 -0.0 -0.0 -0.0 -0.0 -0.0 -0.0 -0.0 -0.0 0.0 0.0 0.0 0.0 0.0 -0.0 -0.0 0.0 0.0 -0.0 0.0 -0.0 0.0 0.0 0.0 0.0 0.0 0.0 0.0 0.0 -0.0 -0.0 0.0 -0.0 -0.0 0.0 0.0 0.0 -0.0 -0.0 -0.0 0.0 -0.0 0.0 -0.0 -0.0 0.0 -0.0
-0.0 -0.0 0.0 -0.0 -0.0 0.0 0.2017627 0.0 -0.0 0.0 -0.0 -0.23650497 -0.0 0.0 -0.180002 -0.15268369 -0.0 -0.18724775 0.0 0.1502186 0.112172686 0.10590818 0.0 -0.0 0.12693395 -0.13287662 0.0 -0.0 -0.0 -0.0 -0.0 -0.0 -0.1412262 0.0 -0.0 -0.0 -0.30874938 -0.0 0.18845983 0.0 0.0 0.0 -0.0 0.24115612 0.0 0.31197447 -0.0 -0.0 0.20619719 0.1231285 0.19752291 0.19302802 0.1279955 0.0 -0.0 -0.0 -0.10757018 -0.0 0.23616153 0.0 0.0 0.36986822 -0.0 0.20932518
0.0 -0.0 -0.0 -0.0 -0.0 0.0 -0.0 -0.0 0.0 -0.0 0.0 -0.0 -0.0 0.0 -0.1134968 0.0 -0.0 -0.0 0.0 -0.0 -0.0 0.0 -0.0 -0.0 0.0 -0.0 -0.0 -0.0 -0.0 -0.0 -0.0 -0.0 -0.0 -0.0 -0.0 0.0 0.0 0.0 -0.0 0.0 -0.0 -0.0 0.0 -0.0 0.0 -0.0 -0.0 0.0 0.0 -0.0 0.0 -0.0 -0.0 -0.0 -0.0 -0.0 -0.0 0.0 -0.0 -0.0 -0.0 -0.0 -0.0 0.0
0.0 0.0 0.0 0.0 -0.0 0.0 -0.0 0.023301726 0.0 0.0 0.0 -0.0 -0.0 0.0 -0.0 0.0 -0.0 0.0 -0.0 -0.0 0.0 -0.0 -0.0 -0.0 -0.0 0.0 0.0 0.0 0.0 0.0 0.0 -0.0 -0.0 -0.0 0.0 0.0 0.0 0.0 0.0 -0.0 -0.0 -0.0 -0.0 0.0 -0.0 0.0 -0.0 -0.0 0.0 -0.0 -0.0 0.0 0.0 0.0 0.0 0.0 0.0 -0.0 0.0 0.0 -0.0 -0.0 0.0 -0.0
-0.0 0.0 -0.0 0.0 -0.0 0.0 -0.0 -0.0 -0.0 -0.0 -0.0 -0.0 0.0 0.0 0.0 -0.0 0.0 0.0 0.0 -0.0 0.0 -0.0 -0.0 0.0 -0.0 0.0 0.0 -0.0 -0.0 -0.0 -0.0 0.0 -0.0 0.0 0.0 -0.0 0.0 -0.0 -0.0 -0.0 0.0 -0.0 -0.0 0.0 -0.0 -0.0 -0.0 0.0 -0.0 -0.0 0.0 -0.0 -0.0 0.0 0.0 -0.0 -0.0 0.0 -0.0 0.0 -0.0 -0.0 -0.0 -0.0
-0.078932524 -0.0 0.0 -0.13323434 0.0 0.0 -0.0 -0.0 0.0 -0.0 0.0 0.0 -0.0 0.0 -0.0 0.0 0.0 0.0 0.0 -0.0 -0.0 0.0 0.0 0.0 0.0 -0.0 0.0 -0.0 0.0 0.0 0.0 -0.0 -0.0 0.0 -0.0 0.0 -0.0 -0.0 -0.0 -0.0 0.0 0.0 0.0 -0.0 0.08295946 0.0 -0.0 0.0 -0.0 -0.0 -0.0 0.0 -0.06495379 -0.0 -0.06309302 0.0 -0.0 -0.0 0.1154624 0.0 -0.0 -0.0 0.0 0.09665167
0.0 0.0 0.116921045 -0.0 -0.15333094 0.0 0.0 -0.0947701 -0.0 0.1951126 -0.16892147 0.0 0.0 -0.0 0.0901926 0.0 -0.0 0.0 0.0 0.0 -0.0 0.102990165 -0.10913698 -0.0 -0.19214535 -0.08002946 -0.11354458 0.0 -0.077888064 -0.0 -0.0 0.0 0.0 0.0 0.0 -0.13145669 -0.0 0.0 -0.08103957 -0.15324335 -0.0 0.0 -0.11274774 -0.0 0.0 0.0 -0.0 -0.1658282 0.10718038 -0.09155974 0.0 0.0 0.0 0.0 0.12818472 -0.0 -0.09512661 0.102603525 0.0 -0.10260437 -0.0 -0.0 -0.0 0.0
-0.16013387 -0.0 -0.16425648 -0.2284662 -0.0 0.0 -0.11443784 -0.0 0.12596051 0.2895966 -0.09817437 0.2697122 -0.10481047 -0.10819139 0.0 0.14013213 -0.1948001 0.0 -0.0 -0.17102727 -0.0 0.0 0.0 0.0 0.0 -0.09032448 0.0 0.0 -0.0 0.0 0.08960077 -0.0 -0.14463483 -0.44094908 -0.0 0.0 -0.0 0.22946829 0.0 0.0 0.0 -0.09918198 -0.24574101 0.079154454 -0.0 0.08031154 0.0 -0.0 0.0 -0.0 0.0 -0.0 0.0 -0.0 -0.0 0.0 -0.0 -0.10764729 0.16740315 -0.0 -0.264633 -0.0930024 -0.0 0.30820695
-0.0 0.0 -0.0 0.0 -0.0 0.0 -0.0 -0.0 0.0 0.0 0.0 -0.0 0.0 -0.0 -0.0 0.0 -0.0 -0.0 -0.0 -0.0 -0.0 0.0 -0.0 -0.0 0.0 -0.0 -0.0 -0.0 -0.0 -0.0 -0.0 -0.0 -0.0 0.0 -0.0 -0.0 -0.0 -0.0 -0.0 0.0 -0.0 -0.0 0.0 0.0 -0.0 0.0 -0.0 -0.0 0.0 0.0 0.0 -0.0 -0.0 0.0 0.0 0.0 -0.0 -0.0 -0.0 0.0 0.0 0.0 -0.0 -0.0
0.0 0.0 -0.0 0.0 0.0 0.0 0.0 -0.0 -0.0 -0.0 -0.0 0.0 0.0 0.0 -0.0 -0.0 0.0 0.0 0.0 0.0 0.0 0.0 0.0 -0.0 0.0 -0.0 0.0 -0.0 -0.0 0.0 -0.0 0.0 -0.0 -0.0 -0.0 0.0 0.0 0.0 -0.0 0.0 0.0 0.0 -0.0 0.0 0.0 0.0 0.0 -0.0 -0.0 0.0 0.0 0.0 0.0 -0.0 -0.0 -0.0 0.0 -0.0 0.0 0.0 0.0 -0.0 -0.0 0.0
0.0 0.0 -0.0 -0.0 -0.036514185 0.0 0.04140692 -0.0 0.0 -0.0 -0.0 -0.0 -0.0 0.0 0.0 0.0 -0.036815453 -0.0 -0.0 -0.0 0.0 0.0 0.032053158 0.0 -0.0 0.0 0.0 0.0 0.0 -0.0 0.0 -0.0 0.0 -0.0 0.0 -0.0 0.0 0.0 0.0 0.0 -0.0 0.0 0.0 0.0 0.0 0.0 0.0 0.0 0.0 -0.0 0.0 0.0 0.0 -0.0 0.0 0.0 0.0 -0.0 -0.0 -0.0 -0.0 -0.0 -0.0 -0.0
0.0 0.0 -0.0 0.0 0.0 -0.0 -0.0 0.0 0.0 -0.0 0.0 -0.0 0.0 0.0 0.0 -0.0 0.0 0.0 -0.0 -0.0 -0.038447414 -0.0 -0.0 -0.0 0.0 0.0 0.0 -0.0 0.0 -0.0 0.0 -0.0 0.0 -0.0 0.0 -0.0 0.0 -0.0 0.0 0.0 -0.0 0.0 -0.036989134 -0.0 0.0 0.0 0.0 -0.0 -0.0 0.0 0.0 -0.0 0.0 0.0 -0.0 0.0 0.0 -0.0 0.0 0.0 0.0 0.0 -0.0 0.0
0.19585134 0.15510716 -0.0 -0.0 -0.11011279 -0.08107695 -0.0 0.0 -0.0 0.0 0.0 -0.25655094 -0.0 0.0 -0.17280206 -0.0 -0.0 0.0 0.0 -0.13693993 -0.0 0.0 0.17002279 0.0 0.0 -0.08834783 -0.0 0.0 0.0 0.0 -0.0 0.0 -0.13517511 -0.24470614 -0.0 0.0 -0.0 -0.13556443 0.0 -0.15497819 -0.20997855 -0.0 0.0 -0.10885044 -0.0 -0.0 -0.20733684 -0.0 -0.0 0.1007234 -0.0 -0.0 -0.0 -0.0 -0.0 0.11536508 -0.19830936 0.0 0.17708822 0.11436309 0.0 -0.0 0.0 0.0
-0.0 -0.0 -0.14139172 -0.0 0.0 0.0 -0.0 0.0 0.0 -0.0 -0.38517785 0.29112026 -0.0 -0.0 0.0 0.0 -0.0 0.38812292 -0.0 0.48624825 0.0 -0.2924458 -0.0 0.0 -0.16931039 -0.0 0.0 0.0 0.0 0.0 0.13843168 -0.36541897 -0.344259 -0.0 -0.0 0.0 0.0 -0.25252974 -0.0 0.0 0.0 0.0 -0.24462932 -0.0 0.0 0.0 0.0 -0.14288394 -0.24417606 0.0 -0.0 -0.180074 0.0 -0.1742779 -0.20348255 -0.0 0.0 0.0 -0.14941873 -0.0 -0.33977908 0.0 0.0 0.0
-0.0 -0.21032383 0.0 -0.18716659 0.0 0.0 -0.0 0.0 -0.2606046 -0.16892588 -0.1346826 0.0 0.0 -0.0 -0.0 0.26017052 0.0 -0.0 -0.0 -0.0 0.0 -0.32034308 0.0 0.0 0.0 0.0 0.0 -0.0 0.0 0.0 0.0 -0.0 0.0 -0.109111324 -0.0 -0.0 0.0 0.0 0.0 -0.0 0.0 0.1850099 0.0 -0.0 0.53052133 0.15270926 -0.0 0.0 -0.0 -0.0 -0.17682286 0.0 -0.1795145 -0.18261628 -0.0 0.1374029 -0.17324406 -0.0 -0.0 0.0 -0.10649879 0.0 0.0 0.0
-0.0 0.0 0.0 -0.0 -0.20133239 -0.19539636 -0.0 -0.0 -0.0 0.0 -0.08180482 -0.0 -0.094502345 -0.0 -0.0 -0.12044212 -0.0 -0.0 0.0 0.0 -0.0 0.0 -0.0 -0.0 -0.11070355 -0.0 -0.0 0.0 0.0 0.0 -0.0 0.0 0.136416 0.12447145 0.0 -0.0 -0.0 -0.09699816 -0.0 -0.0 -0.0 -0.0 -0.0 -0.0 -0.0 0.0 -0.0 -0.0 0.10082144 -0.0 -0.0 -0.0 -0.0 -0.0 -0.0 -0.09786824 -0.0 0.07416535 0.0 -0.0 0.0 -0.0 -0.0 -0.12395826
-0.0 -0.0 0.0 -0.0 -0.0 -0.0 0.061057303 -0.0 -0.0 0.0 -0.0 0.0 -0.0 -0.0 -0.0 0.069154814 -0.0 -0.09094184 -0.0 -0.0 0.0 0.083546005 0.12801526 0.22809798 -0.116024405 -0.0 0.0 0.0 -0.0 -0.0 -0.0 -0.0 0.0 -0.0 -0.0 0.0 0.0 0.0 0.111935705 -0.0 -0.0 -0.0 -0.0 0.0 0.11176503 -0.11487895 0.0 0.0 -0.0 0.0 -0.15297227 -0.0 0.0 -0.07986935 0.0 -0.0 -0.0 0.08468714 0.0 -0.0 -0.0 -0.0 0.0 0.0
-0.13685064 0.0 0.0 0.0 0.08038413 0.0 0.10252554 -0.0 -0.104583524 -0.0 0.057703193 0.0 0.09983287 0.0 -0.19210629 0.0 0.0 0.0 -0.09137567 0.19119106 0.0 -0.0 0.0 -0.09423165 0.0 -0.3131301 -0.12086574 0.181283 -0.09583084 0.21705246 0.13127865 0.06656653 -0.0 0.17275223 0.0 -0.111216255 -0.12090683 0.10628675 -0.0 -0.0 -0.0 0.0 -0.12662615 -0.0 0.0 -0.0 -0.0 -0.1376637 0.0 -0.05100481 -0.0 0.0 -0.0 -0.0 0.0 -0.1585635 -0.0 -0.0 0.0 0.0 0.0 0.0 -0.0 0.1718312
-0.0 0.0 0.0 0.0 -0.0 0.0 0.0 0.0 -0.0 0.0 0.0 0.0 0.0 0.0 0.0 -0.0 0.0 0.0 0.0 0.0 -0.0 0.0 -0.0 -0.0 0.0 -0.0 0.0 0.0 -0.0 0.0 -0.0 0.0 0.0 0.0 0.0 0.0 -0.0 0.0 0.007047735 -0.0 -0.0 -0.0 -0.0 0.0 -0.0 -0.0 -0.0 0.0 -0.0 -0.0 -0.0 -0.0 -0.0 0.0 -0.0 -0.0 -0.0 0.0 -0.0 -0.0 0.0 0.0 0.0 0.0
0.079354875 0.104931645 0.0 -0.0 0.050362196 -0.13870142 0.0 -0.0 -0.14505954 -0.0 0.0 -0.0 -0.066948265 -0.0 -0.0 -0.0 0.15838346 0.10834585 0.0 0.22875385 0.0 0.102276735 -0.0 0.0 0.09542062 -0.0 0.0 -0.0 0.0 -0.0 0.0 0.16653135 0.15920968 0.14779013 -0.0 -0.0 0.0 -0.0918329 0.07332106 0.0 -0.08823386 0.0 -0.0901265 0.10908895 0.0 0.0 0.1502581 0.0 0.0 0.0 0.0 0.0 0.0 0.0 -0.06742785 -0.0 0.18717109 0.0 -0.07545373 -0.0 0.27988008 0.2984761 0.0 -0.11307885
-0.0 0.0 0.0 0.0 -0.0 -0.0 -0.0 -0.0 0.0 -0.0 0.0 -0.0 -0.0 -0.0 -0.0 0.0 -0.0 -0.0 -0.0 -0.0 -0.0 -0.0 0.0 0.0 0.0 0.0 -0.0 -0.0 0.0 0.0 0.0 -0.0 0.0 -0.0 -0.0 -0.0 0.0 -0.0 0.0 -0.0 -0.0 -0.0 -0.014384071 -0.0 0.0 0.0 0.0 0.0 -0.0 0.0 0.0 -0.012719752 0.0 -0.0 -0.0 0.0 0.0 -0.0 0.0 0.0 0.0 -0.0 0.0 -0.0
0.0 -0.0 0.17950454 0.063962616 0.0 -0.0 -0.0 -0.14816047 -0.0 0.0 -0.0 -0.1880344 0.0 0.06829323 -0.045556452 -0.0 0.0 -0.050400328 0.0 0.06380187 -0.0 0.051662818 0.0 0.075380325 -0.080564156 0.0 0.0 -0.10542208 0.09890956 -0.10393742 -0.0 0.0 -0.0 0.11084013 0.0 -0.0 -0.20537591 0.0 0.0 0.0 0.05757916 0.06591788 -0.0 0.15736951 0.055467084 0.07851413 -0.0 -0.0 0.0 -0.14129587 -0.0 0.0 0.12668745 0.0 -0.05583946 -0.112014696 -0.14636138 -0.0 0.0 0.0 0.0 0.0 -0.06590048 0.0804289
-0.102606565 -0.12788412 -0.11669728 -0.0 -0.2286568 0.29223567 0.0 0.0 0.17975396 0.0 0.0 -0.0 0.08337771 -0.1295656 0.0 0.0 -0.09929937 -0.0 0.0 -0.1898 -0.0 0.115151115 -0.11048679 -0.0 -0.0 -0.0 -0.0 0.0 -0.0 -0.0 -0.0 -0.3078292 -0.0 0.10103892 -0.0 -0.0 0.0 0.0 -0.0 0.0 -0.0 -0.0 0.13409854 -0.0 -0.0 0.0 0.0 -0.0 0.0 0.0 0.0 -0.0 0.08191842 0.0 0.12798427 0.0 -0.0 -0.0 0.16784582 -0.0 -0.19283739 -0.44121516 -0.0 0.0
-0.18439214 0.0 -0.08155672 -0.07005936 0.13199793 0.09452124 -0.0 -0.0 0.13081492 -0.0 -0.0 0.0 -0.0 0.0 -0.17222472 -0.0 0.0 -0.0 -0.0 0.0 0.0 -0.18104607 0.0 -0.0 0.0 0.0 0.0 0.0 -0.0 -0.0 0.11057056 -0.0 0.10690418 0.10234467 -0.0 0.0 -0.0 -0.0 -0.0 0.0 -0.0 -0.0 -0.12970957 -0.0 0.0 0.0 0.0 -0.0 0.0 -0.0 -0.0 0.0 -0.0 -0.14728086 -0.22242431 0.0 -0.0 -0.0 0.0 0.0 -0.16336927 -0.0 -0.0 0.11409614
-0.0 -0.0 -0.0 0.0 0.0 -0.0 0.0 0.0 -0.0 -0.0 0.0 -0.0 0.0 0.0 0.0 0.0 0.04614483 -0.0 0.052441932 -0.0 -0.0 -0.0 0.0 -0.0 0.0 -0.0 -0.0 -0.0 -0.0 -0.0 0.0 0.0556211 -0.037748788 -0.0 -0.0 0.0 0.0 0.0 0.0 0.0 0.0 0.0 -0.0 0.049594164 0.0 0.0 0.0 -0.0 -0.0 -0.0 -0.0 0.0 0.0 -0.0 -0.0 0.0 0.0 -0.0 -0.0 0.0 0.0 0.0 -0.0 0.0
-0.0 -0.0 0.0 -0.0 0.0 -0.0 -0.0 -0.0 0.0 0.0 0.0 -0.0 0.0 0.0 0.0 -0.0 0.0 0.042613633 -0.0 0.0 0.0 -0.04807231 -0.045776807 0.0 -0.0 0.0 -0.0 -0.0 -0.0 -0.0 -0.0 -0.0 -0.0 0.0 -0.0 -0.0 0.0 -0.0 -0.0 -0.0 0.0 -0.0 -0.0 -0.0 0.054161225 -0.051695287 -0.0 -0.0 -0.0 0.0 -0.036891706 0.0 0.0 -0.0 -0.0 -0.0 0.05497847 0.0 0.0 -0.0 0.0 -0.0 0.0 -0.0504494
0.0 0.0 -0.0 0.0 -0.0 0.0 0.0 0.0 0.0 0.0 -0.0 0.0 0.0 0.0 0.0 0.0 -0.0 0.0 0.0 0.0 -0.0 0.0 -0.0 0.0 -0.0 -0.0 0.0 0.0 -0.0 0.0 -0.0 -0.0 0.0 0.0 0.0 0.0 -0.0 -0.0 0.0 -0.0 -0.0 0.0 0.0 -0.0 0.0 0.0 -0.0 -0.0 -0.0 -0.0 -0.0 0.0 -0.0 0.0 -0.0 -0.0 0.0 0.0 0.0 0.0 0.0 0.0 0.0 0.0
-0.06682084 0.0 0.0 -0.0 -0.0 0.0 -0.0 -0.0 -0.0 0.05270357 -0.0 -0.051192403 0.04304468 0.0 0.0 -0.0 -0.11176606 -0.0 -0.0 0.0 -0.0 0.05411454 0.0 0.0 -0.0 0.08456443 -0.0 0.0 -0.0 -0.0 0.0 -0.05826926 -0.0 -0.0 -0.0 -0.0 0.0 -0.0 0.0 0.0 -0.06153153 -0.0 -0.066867925 -0.05908692 -0.0 0.0 -0.047958434 -0.0 0.0 0.0 -0.0 0.0 0.0 0.066020414 0.0 -0.0 -0.09019634 -0.0 0.10095237 -0.0 0.0 0.0 0.0 -0.0
-0.0 -0.0 -0.0 -0.0 -0.13927975 0.0 -0.0 -0.0 -0.0 0.0 0.0 0.0 0.05805454 -0.061696984 0.0 0.09237207 -0.0 -0.07684169 0.0 0.0 -0.0 -0.0 0.0 -0.06926677 -0.0 -0.0 -0.0 0.0 0.0 0.0 0.0 -0.0 0.0 0.0 0.05587599 0.0 -0.13938391 0.0 -0.0 0.0 -0.0 0.0 0.0 -0.0 0.0 0.0 -0.0 0.15346785 0.0 0.0 0.0 0.0 0.0 0.0 0.11223518 -0.0 -0.0 0.13908319 -0.0 0.0 -0.0 -0.0 -0.0 0.0
-0.0 -0.0 -0.0 -0.0 0.0 -0.0 -0.0 -0.0 -0.0 0.0 0.0 0.0 0.0 0.0 -0.0 0.0 0.0 0.0 0.0 -0.0 0.0 0.0 -0.0 0.0 0.0 -0.0 -0.0 -0.0 -0.0 0.0 -0.0 -0.0 0.0 -0.0 0.0 0.0 -0.0 0.0 -0.0 0.0 -0.0 -0.0 -0.0 -0.0 -0.0 0.0 0.0 0.0 0.0 0.0 0.0 -0.0067348606 0.0 -0.0 0.0 -0.0 0.0 -0.0 0.0 -0.0 -0.0 0.0 -0.0 -0.0
0.0 -0.0 -0.07652692 0.0 -0.0 0.13864079 0.07411 0.0 0.0 -0.0 0.0 -0.0 0.084710084 -0.11779975 -0.0 0.0 0.13608699 -0.10586938 0.0 -0.15476888 0.0 0.0 0.0 -0.0 0.06901681 0.16408712 -0.0 -0.0 -0.0 -0.07638501 -0.0 -0.17278984 0.14737459 0.12546642 -0.0 -0.0 0.0 0.0 -0.0 0.0 0.0 0.0 -0.0 -0.0 0.0 0.0 0.0 -0.07323528 0.0 0.0 -0.0 0.0 0.0 -0.0 0.0 0.0 -0.15016292 0.0 0.09143772 0.061665 -0.0 -0.18939553 0.09488285 -0.0
0.0 -0.0 0.0 0.0 -0.0 -0.0 -0.0 0.0 -0.0 0.0 -0.0 0.0 0.0 0.0 0.0 -0.0 0.0 -0.07179175 0.0 -0.09025614 -0.0 0.0 0.0 -0.0 -0.0 -0.0 0.0 -0.11082024 0.0 -0.0 0.0 -0.0 -0.0 0.0 0.0 -0.0 0.12510903 0.0 0.0 -0.0 -0.0 0.0 0.0 0.0 -0.0 0.0 -0.09825046 0.0 0.0 -0.0 0.0 0.0 0.0 -0.11439018 0.0778745 0.0 -0.0 -0.0 0.0 -0.0 -0.0 -0.0 -0.0 -0.0
0.0 -0.19307128 -0.0 -0.0 -0.08113264 0.11180003 -0.0 0.0 0.0 -0.16601534 -0.0 0.0 0.0 -0.10444482 -0.0 -0.0 -0.0 -0.13384202 0.0 -0.0 0.0 0.0 0.099748604 -0.0 0.0 0.0 -0.0 -0.0 0.0 -0.0 0.0 0.0 -0.080094315 0.0 0.0 0.0 0.0 0.0 -0.0 0.0 -0.0 0.0 0.0 0.0 0.0 0.0 0.12317261 -0.0 0.0 -0.0 0.13087673 -0.0 0.1779363 0.14435828 0.2557599 0.0 -0.13573907 0.13597104 -0.0 -0.0 -0.2437922 -0.21386999 -0.0 0.0
-0.0 0.0 0.0 -0.0 0.0 0.0 0.0 -0.0 -0.0 0.0 -0.0 0.076930694 -0.0 0.0 -0.0 0.0 0.07758273 0.0 0.0 0.0 -0.0 0.109876834 -0.0 0.0 -0.0 -0.08577648 0.0 0.0 -0.0 -0.0 0.0 0.0 -0.0 0.0 0.0 -0.0 0.09213905 -0.0 0.0 -0.0 -0.0 -0.0 -0.0 0.0744639 -0.0 -0.0 0.0 -0.06488551 0.0 0.0 -0.0 -0.0 0.0 -0.096105896 -0.0 -0.0 -0.08367938 0.0 0.08391791 -0.0 0.0 0.12275372 -0.0 0.0
0.0 -0.20107263 0.0 -0.49482763 -0.0 0.0 0.22365129 0.0 0.0 0.230734 -0.0 0.0 -0.13899241 -0.12032622 -0.24848197 0.0 0.0 0.13607883 0.0 -0.0 0.64957523 -0.0 0.2622253 0.0 -0.0 -0.0 -0.0 -0.0 0.0 -0.0 -0.37904274 -0.0 0.0 -0.0 0.0 0.7711228 -0.0 0.17059544 0.0 -0.3583551 -0.0 0.499351 0.18530762 0.0 -0.57940215 0.17837176 -0.30806497 -0.0 0.0 -0.0 -0.0 -0.0 -0.0 0.0 -0.0 -0.7933077 -0.14458351 -0.0 -0.0 0.0 -0.0 -0.0 0.28173056 -0.21901643
0.098908596 0.1421496 -0.07496568 -0.0 -0.0 -0.0 -0.0 -0.086039245 -0.10580943 0.0 -0.10644189 0.0 -0.08928284 0.0 -0.15483406 -0.0 0.0 0.0 0.0 -0.0 -0.12003807 0.135024 0.0 -0.0626843 0.07139813 0.0 -0.07983925 0.0 -0.0 0.0 -0.0 0.10567603 0.084011614 -0.12415567 0.0 -0.0 0.07043312 -0.0 -0.0 -0.0 -0.08054034 -0.0 -0.05876282 -0.0 -0.0 -0.0 -0.055105556 -0.10597022 0.079110935 -0.1364221 0.082154825 -0.0 0.12111143 0.0 0.0 -0.0 -0.14681634 0.0 0.0 0.0 0.15300484 -0.0 0.0 -0.0
-0.0 -0.0 -0.0 0.0 0.0 -0.0 -0.0 -0.0 -0.0 -0.0 0.0 0.0 -0.0 -0.0 -0.0 0.0 0.0 0.0 0.0 -0.0 0.0 0.0 0.0 -0.0 0.0 -0.0 -0.0 -0.0 0.0 -0.0 -0.0 0.0 0.0 -0.0 -0.0 -0.0 -0.0 -0.0 0.0 -0.0 0.0 0.0 0.0 0.0 0.0 -0.0 0.0 -0.0 -0.0 0.0 -0.0 -0.0 0.0 0.0 -0.0 0.0 -0.0 0.0 -0.0 -0.0 0.0 -0.0 0.0 0.0
0.0 0.0 -0.0 0.0 -0.0 -0.0 -0.0 0.111065075 -0.0 0.0 -0.17940485 -0.0 -0.0 -0.0 0.20536786 -0.092340015 0.0 0.21459875 -0.0 -0.0 0.08740343 0.1342719 0.087171875 -0.09848121 -0.0 -0.0 -0.0 -0.0 -0.12931487 0.0 -0.0 0.0 0.0725747 -0.14816512 0.0 0.108628035 0.08985529 -0.0 -0.0 0.0 0.0 -0.0 -0.0 -0.0 -0.0 0.0 -0.0 0.12196903 -0.0 0.09576045 -0.0 -0.0 -0.086255774 0.0 -0.0 0.0 0.0 -0.0 -0.0 -0.11035313 0.19340865 -0.10206015 -0.1323737 -0.21444269
0.0 0.0 0.0 0.0 0.0 0.0 0.0 0.0 0.0 -0.0 -0.0 0.0 -0.0 -0.0 -0.0 -0.0 0.0 0.0 0.0 -0.0 0.0 -0.0 0.0 -0.0 -0.0 0.0 -0.0 -0.0 0.0 -0.0 -0.0 0.0 -0.0 -0.0 -0.0 0.0 0.0 -0.0 0.0 -0.0 0.0 -0.0 -0.0 0.0 0.0 -0.0 -0.0 -0.0 -0.0 -0.0 -0.0 0.0 -0.0 0.0 0.0 -0.0 -0.0 0.0 0.0 -0.0 -0.0 -0.0 0.0 0.0
-0.18308423 -0.45923862 0.0 0.0 0.3399415 -0.0 0.0 0.0 -0.16217478 -0.0 -0.31817096 -0.0 0.19899999 -0.0 0.0 0.0 0.0 -0.0 -0.0 0.0 0.322769 -0.32310802 -0.0 -0.0 0.0 0.0 0.40032429 -0.30639592 -0.0 -0.21492966 -0.29592028 -0.0 0.0 0.0 -0.0 0.0 -0.0 -0.0 -0.0 0.0 0.4480542 0.23226014 -0.21700394 -0.0 0.3182788 0.0 -0.21155775 0.19111465 -0.0 0.0 -0.31118408 -0.0 -0.27379313 -0.0 -0.2521775 -0.18756147 -0.23287481 0.0 -0.3249286 0.23710115 -0.28697157 0.2243461 -0.0 0.30551755
-0.0 -0.0 0.0 -0.0 -0.0 0.0 0.0 -0.0 0.0 0.0 -0.0 -0.0 -0.0 -0.0 0.0 -0.0 -0.0 -0.0 0.0 -0.0 -0.0 0.0 -0.015194464 -0.0 -0.0 -0.0 0.0 -0.0 -0.0 -0.0 0.0 0.0 0.0 0.0 -0.0 -0.0 0.0 -0.0 0.0 -0.0 -0.0 -0.0 0.0 0.0 -0.0 0.0 0.0 -0.0 0.0 -0.0 -0.0 0.0 -0.0 0.0 -0.0 0.0 -0.0 -0.0 0.0 -0.0 -0.0 0.0 -0.0 0.0
0.067806534 0.0 -0.0 -0.0 -0.0 0.0 0.0 0.050870907 0.0 -0.0 -0.0 -0.0 0.0 -0.054161042 0.08109107 0.0 -0.0 -0.05701881 0.0 -0.050705764 0.0 -0.0 0.0 0.0 0.0 0.0 0.07686566 0.0 -0.0 -0.0 0.04347529 0.0 -0.0 0.040296495 -0.0 -0.0 0.07098734 -0.114067115 -0.0 -0.0 -0.0 -0.0 0.06645779 -0.0 -0.0 -0.0 -0.066188805 0.0 -0.0 0.0 0.0 -0.0 -0.0 0.0 0.15716052 -0.0 0.0922626 -0.0 0.0 0.0 -0.0 0.0 0.0 -0.07769742
0.0 -0.0 -0.0 0.0 -0.0 -0.0 -0.0 -0.0 -0.0 0.0 -0.0 -0.0 0.0 0.0 -0.0 0.0 -0.0 -0.0 0.0 0.0 0.0 0.0 -0.0 -0.0 -0.0 0.0 -0.0 -0.0 -0.0 -0.0 0.0 0.0 0.0 -0.0 0.0 0.0 0.0 0.0 -0.0 -0.0 -0.0 0.0 0.0 0.0 -0.0 -0.0 0.0 -0.0 0.0 -0.0 0.0 -0.0 0.0 -0.0 0.0 -0.0 -0.0 -0.0 0.0 0.0 -0.0 -0.0 -0.0 -0.0
-0.0 0.0 -0.0 0.0 -0.0 -0.0 -0.0 0.0 0.0 -0.0 0.0 0.0 -0.0 -0.0 0.0 -0.0 -0.0 -0.0 0.0 -0.0 0.0 0.0 -0.0 0.0 -0.04978842 -0.0 -0.0 0.0 0.0 0.0 -0.0 0.0 -0.0 0.0 0.0 -0.0 -0.0 -0.0 -0.0 -0.0 -0.0 -0.0 -0.0 0.0 -0.0 -0.0 -0.0 -0.0 0.041978814 0.0 0.0 0.0 0.0 -0.0 0.0 -0.0 -0.0 0.0 0.0 -0.0 0.0 -0.0 0.0 -0.0
0.13799982 0.0 0.0 -0.0 -0.0 0.068477795 -0.0 -0.19943582 0.0 0.20581321 -0.0 0.0 -0.0 0.0 0.0 0.0 -0.20177734 0.07658837 0.0 0.11301394 -0.0 -0.1301939 0.0 -0.0 -0.0 0.0 0.0 -0.0 0.0 0.0 0.0 -0.11263782 -0.566142 -0.0 0.0 0.0 -0.25117096 -0.10490721 -0.0 -0.0 0.0 0.0 0.0 -0.0 0.0 -0.0 -0.21386796 -0.0 -0.0 -0.0 0.0 -0.0 0.0 0.0 -0.0 -0.0 -0.24019493 0.12627265 -0.0 -0.0 -0.0 -0.0 -0.0 0.19631334
0.0 -0.0 -0.0 -0.0 0.0 -0.0 -0.0 -0.0051912097 -0.0 0.0 0.0 0.0 0.0 0.0 -0.0 -0.0 -0.0 -0.0 0.0 0.0 0.0 0.0 -0.0 0.0 0.0 -0.0 -0.0 0.0 -0.0 0.0 -0.0 0.0 -0.0 0.0 0.0 0.0 -0.0 -0.0 -0.0 0.0 0.0 0.0 0.0 0.0 -0.0 0.0 0.0 -0.0 0.0 0.0 0.0 -0.0 0.0 -0.0 -0.0 -0.0 -0.0 -0.0 -0.0 0.0 -0.0 0.0 -0.0 -0.0
-0.0 -0.0 -0.0 -0.0 -0.0 -0.0 -0.0 -0.0 0.0 0.0 -0.0 -0.0 0.0 -0.0 -0.0 -0.0 -0.0 0.0 0.0 -0.0 -0.0 0.0 -0.0 -0.0 -0.0 0.0 0.0 -0.0 -0.06539619 -0.0 0.0 -0.061509114 -0.0 -0.05973114 0.0 0.0 0.0 0.0 -0.0 -0.059434205 -0.0 -0.0 0.0 0.0 -0.0 -0.0 -0.0 0.0 0.0 -0.0 -0.0 0.0 0.0 0.0 -0.0 0.0 0.0 0.0 0.0 -0.0 -0.0 -0.09059739 -0.0 0.0
-0.0 0.0 -0.0 -0.0 0.0 0.0 -0.0 -0.0 -0.0 -0.0 -0.0 0.0 0.0 -0.0 0.0 0.0 -0.0 -0.0 -0.0 0.0 0.0 0.0 0.0 0.0 -0.0 0.0 -0.0 -0.0 0.0 -0.0 0.0 -0.0 0.0 0.0 0.0 -0.0 -0.0 0.0 -0.0 0.0 0.0 0.0 0.0 -0.0 0.0 -0.0 0.0 0.0 0.0 0.0 0.0 -0.0 -0.0 -0.0 0.0 -0.0 0.0 -0.0 -0.0 0.0 -0.0 -0.0 0.0 -0.0
-0.0 -0.14544557 -0.0 0.0 -0.16383676 0.15864092 0.0 0.0 0.20811126 0.0 0.0 0.16201288 0.08913118 -0.0 -0.0 -0.0 -0.0 -0.25109333 0.11500106 -0.27906126 -0.0 -0.15505677 0.0 0.0 0.0 0.0 0.0 -0.0 -0.0 -0.0 0.0 0.123373434 -0.30080202 -0.09387912 0.0 0.0 0.12058192 0.35030708 -0.0 0.0 0.0 0.0 -0.0 0.0 -0.0 -0.0 0.0 -0.0 -0.0 -0.0 0.0 -0.0 0.115638375 0.0 0.21519707 0.0 -0.0 -0.0 0.09694881 0.0 -0.19742574 -0.3182891 -0.0 0.0
0.0 0.0 0.0 -0.0 0.0 -0.0 0.0 -0.0 -0.0 -0.0 0.0 -0.0 0.0 0.0 0.0 0.0 0.0 0.0 0.0 0.0 0.0 0.0 -0.0 -0.0 0.0 -0.0 0.0 0.0 -0.0 0.0 0.0 0.0 0.0 -0.0 -0.0 0.0 -0.0 0.0 0.0 -0.0 0.0 0.0 0.0 0.0 -0.0 -0.0 0.0 -0.0 -0.0 0.0 -0.0 0.0 -0.0 0.0 -0.0 0.0 0.0 0.0 0.0 -0.0 0.0 0.0 0.0 -0.0
-0.16264176 0.0 0.094046466 -0.19533879 0.11505375 -0.0 0.0 -0.0 -0.0 -0.07639509 -0.20258456 -0.0 -0.0 -0.0 -0.3091154 0.0 -0.0 -0.0 -0.0 0.0 -0.0 -0.0 -0.07382539 0.0 0.0 -0.0 0.09636037 -0.15716879 -0.0 -0.10416498 -0.0 0.0 -0.0 0.0 0.0 0.20517744 0.0 -0.0 0.0 -0.13668886 -0.0 0.0 0.0 0.12891942 0.0 0.16175364 -0.0 0.0 0.0 -0.1740457 -0.10128162 0.0 0.0 -0.0 -0.11906872 -0.17477292 -0.0 0.0 0.0 0.0 -0.09824103 -0.0 -0.0 0.07124865
0.0 0.0 0.0 0.0 -0.0 -0.0 -0.095104925 -0.0 -0.0 0.0 -0.0 -0.0 -0.0 -0.07559395 -0.0 0.1052011 -0.0 -0.11105964 0.07303328 0.0 -0.0 0.06508308 -0.0 -0.13056435 -0.0 0.0 -0.110176206 -0.0 -0.0 -0.0 -0.080438085 -0.0 -0.0 -0.0 -0.0 -0.0 -0.08255112 -0.0 -0.07487832 -0.0 0.0 0.0 0.0 -0.0 0.0 0.108509354 -0.0 -0.0 0.0 -0.0 0.0 -0.0 0.0 0.0 0.0 -0.07997355 -0.0 0.0 0.0 -0.0 -0.0 0.0 -0.0 0.0
-0.0 0.058529053 -0.1076403 0.10733581 -0.06437614 0.0 0.07271031 0.0 -0.0 -0.0 -0.0 0.0 0.0 -0.0 -0.11834755 -0.0 0.10558886 -0.09392418 0.0 -0.0 -0.08307602 0.0 -0.0 -0.0 0.0 -0.085991785 -0.0 0.0 -0.08989993 0.0 0.0 0.0 0.05793224 -0.0 -0.09820204 -0.0 -0.0 -0.0 0.10801714 -0.0 -0.0 0.0 0.0 0.0674052 -0.08104678 -0.0 -0.0 0.0 -0.18603344 0.11784381 0.15475243 -0.0 -0.0 0.23685299 -0.10584673 -0.0 -0.121588215 -0.0 -0.08733839 0.0 -0.0 0.0 -0.06818866 0.10732559
-0.0 0.0 0.0 0.0 -0.0 -0.0 0.0 -0.0 -0.0 0.0 0.0 -0.0 0.0 0.0 -0.23173015 0.0 -0.0 -0.0 0.0 0.2304835 -0.0 0.0 0.0 0.1232608 -0.0 0.0 -0.0 -0.0 0.1862231 -0.0796774 -0.0 -0.0 -0.0 0.16131288 0.0 -0.0 -0.19932434 -0.0 -0.0 0.11915589 -0.0 0.0 0.0 -0.0 0.0 0.0 0.0 0.0 0.11400585 -0.0 -0.0 -0.0 0.30797455 0.0 -0.0 -0.0 -0.0 -0.0 0.0 -0.0 0.15727039 0.0 -0.0 0.0
0.087795 -0.0 -0.0 -0.0 -0.0 0.0 0.10850453 -0.0 0.0 -0.0 -0.0 -0.0 -0.0 0.058101453 -0.115659885 -0.0 -0.1150212 -0.07508279 -0.0 -0.11089249 -0.15707633 -0.0 -0.17530154 -0.100638576 -0.0 0.16023923 0.114712596 -0.113641545 0.1706353 -0.104641326 -0.0 0.0 0.0 -0.0 -0.0 -0.06841689 0.16920319 0.0 -0.10360085 0.0 -0.09204704 0.07551152 0.0 -0.093230054 0.0 -0.14531632 0.09409805 -0.0 -0.0 -0.12675373 -0.0 0.21802446 0.0 0.0 -0.0 0.047672898 -0.05926497 -0.05815252 0.0 0.0 0.0 -0.0 0.0 0.0
0.0 0.055160448 -0.0 0.0 -0.0 0.0 -0.0 -0.0 0.0 -0.0 0.0 0.0 0.0 0.08199831 0.0 0.0 -0.0 0.114388056 0.0 -0.10020516 -0.0 0.0 -0.0 0.0 -0.0 -0.0 0.11263283 -0.0 -0.0 -0.0 -0.0 -0.0 -0.16886793 -0.14377432 -0.0 0.119872086 -0.0 0.0 0.0 -0.090783805 -0.0 0.0 -0.0 0.0 -0.0 -0.13828014 0.0 0.083931684 0.0 -0.0 0.0 0.0 0.0 -0.08041596 -0.0 -0.0 -0.06617612 0.0 0.0 -0.0 -0.0 -0.06982805 -0.15224701 -0.0
-0.19142176 -0.0 0.0 0.0 0.0 -0.0 0.0 -0.0 -0.0 -0.0 -0.07658879 0.087636515 0.0 0.0 -0.13163643 0.15900476 -0.0 0.07451113 0.0 0.0 -0.08868132 0.0 -0.117699854 0.0 -0.0 -0.1265088 -0.18013996 -0.1308497 -0.0 0.0 0.0 0.12091969 0.0 0.0 0.0 -0.38801885 -0.15081769 -0.11390606 -0.19224244 0.095443435 0.0 -0.34378603 0.0 -0.086429395 0.25391537 -0.0 0.0 -0.18367104 -0.0 -0.0 -0.0 -0.0 -0.10065184 0.0 -0.0 0.16842401 -0.110100865 0.22060032 -0.0 -0.09553072 -0.0 -0.0 0.0 0.0
0.0 -0.0 0.0 -0.0 -0.06693508 0.0 0.0 0.0 -0.0 0.0 0.0 0.0 -0.0 0.0 0.0 -0.0 0.0 -0.0 -0.0 -0.0 -0.0 -0.0 -0.0 -0.0 -0.0 0.0 -0.0 0.0 0.0 -0.0 -0.0 -0.0 -0.0 -0.0 0.06176966 0.0 0.0 -0.0 0.0 -0.0 0.0 -0.0 0.0 0.0 0.0 -0.0 0.0 0.0 0.0 -0.0 -0.0 -0.0 0.0 -0.0 0.0 0.0 -0.0 -0.0 -0.0 -0.0 -0.0 -0.0 0.0 0.0
0.344096 -0.24003096 -0.0 -0.0 0.0 0.0 0.13792044 -0.1441054 -0.0 -0.12326223 -0.0 0.21687587 0.16910067 0.0 0.0 -0.0 -0.17890951 0.2031 0.0 0.0 -0.0 -0.44040585 0.3959626 -0.51233035 -0.0 -0.0 -0.0 0.0 0.5089251 0.0 -0.0 -0.0 -0.17446244 0.17807919 0.0 0.21554673 0.0 0.11459707 -0.0 -0.0 -0.0 -0.0 0.0 -0.2238704 0.0 -0.15404488 -0.0 0.24903889 -0.11591131 0.0 -0.0 0.34281394 -0.1965367 -0.0 0.0 0.0 -0.16653284 -0.0 -0.0 -0.6604233 -0.21451673 -0.0 0.0 0.0
0.0 0.0 0.0 0.0 -0.0 -0.0 0.0 0.0 0.0 0.0 -0.0 -0.0 -0.0 0.0 -0.0 -0.0 -0.0 -0.0 0.0 -0.0 -0.0 0.0 -0.0 0.0 0.0 0.0 -0.0 -0.0 -0.0 -0.0 0.0 -0.0 -0.0 -0.0 0.0 0.0 0.0 0.0 0.004332898 -0.0 -0.0 -0.0 -0.0 0.0 0.0 -0.0 -0.0 -0.0 -0.0 -0.0 -0.0 -0.0 -0.0 0.0 0.0 0.0 0.0 -0.0 0.0 -0.0 0.0 -0.0 -0.0 0.0
0.0 -0.0 0.0 -0.0 0.0 0.0 -0.0 -0.0 0.0 0.0 -0.0 0.0 -0.0 -0.1481387 -0.0 0.0 0.06947908 -0.0 0.0 -0.0 -0.0 0.0 0.0 -0.0 -0.0 -0.1127092 -0.0 0.0 0.0 0.0 0.0 0.0 0.0 -0.11327613 -0.0 -0.08154614 -0.10919067 -0.0 -0.0 -0.0 -0.0 -0.0 -0.0 0.08923598 -0.0 -0.0 -0.0 0.06360651 0.0 -0.0 -0.0 -0.0 0.0 -0.0 -0.0 -0.0 -0.10911544 -0.0 -0.0 0.0 -0.0 -0.08572546 -0.100392126 -0.0
-0.0 -0.3679219 0.0 -0.0 -0.0 0.2935639 -0.0 0.0 -0.0 -0.2180124 -0.0 -0.16878492 -0.0 0.0 0.0 0.0 -0.22124366 -0.0 -0.0 -0.0 -0.0 0.0 0.0 0.22237985 -0.0 0.0 0.40765643 0.0 0.25007316 -0.0 0.0 0.0 -0.0 -0.21252593 0.0 0.25167808 0.0 0.0 0.0 -0.0 0.0 0.0 0.0 0.0 0.0 0.49011505 -0.21959817 0.4148519 -0.0 0.1624267 0.0 0.2625509 0.0 -0.0 0.0 0.3208825 0.0 -0.0 -0.0 0.25712377 -0.0 -0.0 -0.4168129 -0.0
-0.0 0.0 -0.0 -0.0 -0.0 -0.0 0.0 -0.0 -0.0 0.0 -0.0 -0.0 0.0 -0.0 0.0 0.0 0.0 0.0 -0.0 0.0 0.0 0.0 -0.0 -0.0 0.0 -0.0 0.0 -0.0 -0.0 -0.0 -0.0 -0.0 0.0 0.0 0.0 -0.0 -0.0 -0.0 -0.0 0.0 0.0 0.0 0.0 -0.0 0.0 0.0 0.0 -0.0 0.0 -0.0 0.0 0.0 -0.0 -0.0 -0.0 -0.0 -0.0 -0.0 0.0 0.0 -0.0 0.0 -0.0 -0.0
-0.0 0.0 -0.2656662 -0.0 0.63559747 -0.0 -0.0 0.0 0.0 -0.0 -0.0 0.3064762 -0.0 0.0 0.32190216 -0.0 -0.0 -0.0 0.0 0.19043233 -0.0 0.0 -0.15217766 -0.0 -0.16560763 -0.0 -0.0 0.24837363 0.0 0.0 0.0 -0.0 0.0 0.0 0.0 0.0 -0.0 -0.0 -0.0 -0.0 -0.0 -0.0 -0.21826522 -0.0 0.0 0.0 0.0 -0.0 0.0 -0.0 -0.0 0.0 -0.41568252 -0.0 -0.28964195 -0.0 -0.0 0.0 0.15332156 -0.0 -0.24160887 0.34273407 0.0 0.0
-0.0 0.0 0.0 -0.0 -0.0 0.0 -0.0 -0.0 -0.0 0.0 -0.0 0.0 -0.0 0.0 0.0 0.0 -0.0 0.0 -0.0 -0.0 -0.0 0.0 0.0 -0.0 0.0 0.0 0.0 0.0 -0.0 0.0 -0.0 0.0 -0.0 -0.0 0.0 -0.0 -0.0 0.0 0.0 0.0 -0.0 0.0 0.0 -0.0 -0.0 0.0 0.0 -0.0 0.0 0.0 0.0 -0.0 0.0 -0.0 -0.0 -0.0 -0.0 -0.0 -0.0 -0.0 -0.0 0.0 -0.0 -0.0
-0.0 0.0 -0.0 0.0 -0.0 -0.0 -0.0 -0.0 -0.0 0.0 -0.0 0.0 0.0 0.0 -0.0 0.0 0.0 0.0 0.0 0.0 0.0 0.0 0.0 -0.0 0.0 0.0 -0.0 -0.0 -0.0 -0.0 -0.0 -0.0 0.0 0.0 -0.0 0.0 -0.0 0.0 -0.0 0.0 0.0 -0.0 -0.0 -0.0 -0.0 0.0 -0.0 -0.0 0.0 -0.0 0.0 -0.044547018 -0.0 -0.0 -0.0 -0.0 0.0 0.0 -0.0 0.0 0.0 0.0 -0.0 -0.0
-0.0 0.0 -0.0 -0.0 -0.0 0.0 -0.13708709 0.0 0.0 -0.0 0.0 -0.10665734 0.0 0.0 0.0 -0.0 -0.0 0.0 -0.0 0.0 0.0 0.0 -0.14713374 -0.0 -0.0 -0.0 -0.0 0.20424287 -0.0 0.0 -0.14901361 0.0 -0.0 0.0 0.0 0.0 -0.08463714 -0.06980861 -0.108169615 -0.0 0.0 -0.0 -0.0 0.0 -0.0 -0.22145423 0.0 -0.0 -0.0 0.0 -0.0 -0.0 0.16225278 -0.0 -0.0 -0.0 0.0 0.0 -0.0 -0.0 -0.0 0.11569586 0.0 -0.0
0.0 0.11270187 0.14761822 -0.0 -0.0 0.0 -0.0 -0.0 -0.08296055 -0.0 -0.0 0.0 -0.0755409 0.0 -0.0 -0.0 -0.0 0.0 0.062125005 0.0 -0.0 0.0 0.0 -0.09368793 0.0 -0.07824138 0.061578277 -0.0 0.08219197 -0.0 -0.0 0.0 0.0 0.0 -0.0 -0.0 0.0 -0.0 -0.0 -0.09478569 -0.0 -0.0 -0.0 0.0 -0.06619521 -0.0 0.084249824 -0.05077046 0.0 -0.0 -0.08216561 -0.061821856 0.0 -0.071154416 0.0 -0.0 -0.084862955 0.0 0.0 -0.0 0.09230007 0.08100441 -0.0 -0.0
0.20502104 0.3165273 0.35885668 0.2060683 -0.5782568 -0.0 -0.0 0.0 -0.27040938 -0.27206114 -0.0 -0.4010353 -0.0 0.2301508 -0.0 -0.0 0.497685 -0.21532606 -0.0 -0.0 0.3176489 0.31875515 0.0 0.0 0.0 -0.18783225 -0.0 0.0 -0.0 0.0 0.0 0.16718186 0.0 -0.0 -0.0 0.0 -0.2876098 -0.0 0.0 0.0 -0.0 -0.0 0.0 0.15684576 0.0 -0.0 -0.32385293 -0.0 0.2632183 0.0 0.0 -0.0 0.0 -0.0 0.0 -0.0 0.33894745 0.5109468 -0.0 0.0 0.572559 -0.0 0.0 -0.0
0.0 0.0 -0.0 -0.0 0.0 -0.0 -0.0 -0.0 0.0 -0.0 -0.0 0.0 -0.0 -0.0 0.0 0.0 0.0 -0.0 0.0 0.0 0.0 0.0 -0.0 0.0 -0.0 -0.0 0.0 -0.0 -0.0 0.0 -0.0 0.0 -0.0 -0.0 -0.0 0.0 0.0 -0.0 -0.0 -0.0 0.0 0.0 0.0 0.0 -0.0 0.0 0.0 -0.0 0.0 0.0 0.0 0.0 -0.0 0.0 -0.0 -0.0 -0.0 0.0 0.0 0.0 0.0 0.0 0.0 -0.0
-0.0 -0.0 -0.118556134 -0.0 -0.15556182 0.2154328 0.11977598 -0.0 0.18073401 0.0 0.09266526 0.0 0.0 0.3140814 0.35625225 0.0 -0.18002881 -0.2062012 0.0 -0.19939141 -0.0 -0.15980615 0.0 -0.0 -0.0 -0.0 0.0 -0.0 -0.0 -0.0 -0.0 0.105645314 -0.33245182 0.41958806 -0.0 0.0 -0.0687893 0.0 0.0 -0.0 0.103419304 -0.0 -0.0 -0.0 -0.0 -0.23787104 0.0 0.14898288 -0.15643565 0.0 0.0 0.08602157 -0.0 -0.0 0.10778749 -0.0 -0.2295048 0.0 -0.0 -0.0 -0.111958556 -0.11359383 0.18551132 0.06607181
0.0 0.0 -0.0 0.0 -0.0 0.0 0.0 0.0 0.0 -0.0 -0.0 -0.0 -0.0 0.0 -0.0 -0.0 -0.0 -0.0 -0.0 -0.0 0.0 -0.0 0.0 0.0 -0.0 0.0 0.0 -0.0 0.0 -0.0 -0.0 -0.0 -0.0 -0.0 0.0 -0.0 0.0 -0.0 0.0 0.0 0.0 0.0 -0.0 -0.0 0.0 0.0 -0.0 0.0 -0.0 0.0 0.0 -0.0 0.0 -0.0 0.0 -0.0 0.0 0.0 -0.0 0.0 -0.0 0.0 0.0 0.0
-0.09637108 0.0 -0.0 0.0 0.0 0.0 0.09397132 -0.10197835 -0.08292189 0.0 0.0 0.0 0.16782802 0.0 0.0 0.0 0.0 0.0 0.0 0.0 -0.0 0.0 -0.0 -0.0 -0.0 -0.0 0.0 -0.0 -0.0 -0.0 -0.0 -0.0 -0.0 0.0 -0.0 0.0 -0.0 0.0 0.0 -0.0 0.0 -0.0 0.0 0.0 -0.0 -0.0 -0.0 0.0 -0.0 -0.09943659 -0.0 -0.0 -0.14074865 0.0 -0.0 -0.0 -0.0 0.0 -0.0 -0.0 -0.0 -0.13422734 0.0 0.0
