56 56 64 256 1 0 1 1
-0.0 0.0 0.0 0.0 0.0 -0.0 0.0 -0.0 -0.19246887 0.0 -0.0 -0.0 0.0 -0.11508048 0.0 0.0 -0.0 -0.0 -0.12864047 0.0 0.115957424 -0.0 0.27316648 0.0 0.21353677 0.0 0.0 0.0 0.0 0.0 -0.0 0.0 -0.0 -0.0 0.0 -0.0 -0.0 -0.0 -0.20841601 0.0 -0.0 0.0 -0.0 0.0 0.0 0.0 0.35491574 -0.0 -0.0 0.12575409 -0.0 -0.0 -0.0 -0.0 0.0 0.0 0.0 0.101939164 -0.0 -0.0 -0.0 -0.16833976 0.30955395 0.0
0.15104991 0.0 -0.31115416 -0.16602585 -0.14467673 -0.0 0.18809544 0.0 -0.25066188 -0.0 0.14883892 -0.0 0.11801374 0.0 0.0 0.0 0.25537604 0.0 -0.10019445 -0.10688347 0.0758382 -0.0 0.0 0.0 0.0 0.1761789 -0.30250263 -0.0 -0.0 -0.11100109 -0.21510226 -0.0 -0.43122166 -0.23965141 0.0 -0.0 0.0 -0.117160186 0.0 -0.0 -0.1406324 -0.0 0.0 -0.22918844 0.0 0.0 0.0 0.08321265 0.09918117 0.0 -0.0 0.0 0.0 0.0 -0.0 0.0 -0.0 0.0 0.0 -0.0 -0.0 -0.2321855 -0.09752129 0.07498463
-0.15628205 -0.111170694 0.0 -0.18342899 -0.0 0.0 -0.1673503 -0.0 -0.0 0.0 0.0 -0.31210777 -0.0 0.0 0.0 -0.0 0.0 -0.21746111 -0.15589096 -0.0 0.0 0.0 0.0 -0.0 0.0 -0.0 0.0 -0.0 0.0 0.0 0.0 0.0 0.0 0.0 0.0 -0.16412693 -0.0 -0.0 -0.0 0.0 -0.27056298 -0.0 0.14542055 0.0 -0.0 0.0 0.23744516 0.0 0.28173628 0.44973123 -0.0 0.0 -0.12029235 0.24334596 0.0 0.0 0.0 -0.15217838 -0.23868056 -0.27875516 0.15799853 -0.2114644 -0.0 0.2750266
0.0 0.0 0.0 0.0 0.0 0.0 0.0 0.13607953 -0.14849602 -0.0 0.0 -0.0 0.0 -0.0 0.0 0.10611502 -0.0 0.0 -0.32201374 -0.0 0.25443235 -0.0 -0.2834182 -0.0 0.0 0.0 0.08605701 0.0 -0.0 0.1293773 -0.0 0.0 -0.0 -0.0 0.0 -0.0 0.0 0.0 0.34969443 0.0 0.0 -0.0 0.075754456 0.0 -0.0 0.0 0.21536535 -0.0 0.057305574 0.0 -0.0 0.0 -0.0 0.14992395 0.0 -0.0 -0.0 0.0 -0.0 0.0 0.11376227 -0.18303765 -0.22078829 0.12546337
0.0 -0.0 0.12473591 0.12479885 0.0 0.0 -0.0 -0.0 -0.16247109 -0.0 -0.0 0.0 0.0 -0.0 -0.0 0.0 0.0 0.0 -0.3193281 0.0 0.16311744 -0.0 -0.15708971 0.060446143 -0.18401861 0.0 0.0 0.0 -0.0 0.0 0.0 0.0 -0.0 0.0 0.0 0.0 -0.0 -0.0 -0.0 0.0 0.0 -0.0 0.17261092 0.0 0.0 0.0 0.25224873 0.0 0.0 0.0 -0.0 0.0 -0.0 -0.0 0.0 -0.0 -0.0 0.0 0.0 0.0 0.0 -0.23431888 -0.0 0.26487246
0.0 0.0 0.0 0.0 -0.0 -0.0 -0.0 -0.0 0.0 0.0 -0.0 -0.0 -0.0 0.0 0.0 -0.0 -0.0 -0.0 0.0 -0.0 -0.21296218 -0.0 0.0 -0.14690551 -0.0 -0.0 -0.0 -0.0 -0.0 0.0 0.0 -0.0 0.0 0.0 0.0 0.0 0.0 0.0 0.13430324 0.0 -0.0 -0.0 -0.14936213 0.0 -0.0 0.0 -0.0 -0.0 -0.0 -0.0 -0.0 -0.0 0.0 -0.0 -0.17072016 -0.0 -0.0 -0.0 0.0 -0.0 -0.0 0.0 0.14727251 -0.0
0.0 0.0 0.0 -0.0 -0.0 -0.0 0.0 0.0 0.5997808 0.0 -0.0 0.0 -0.0 0.3702478 0.20708716 0.0 -0.0 0.0 0.32870117 -0.0 -0.2511675 -0.0 0.0 0.0 0.0 -0.0 -0.1545079 0.211899 0.0 -0.1374277 -0.0 0.14623977 0.0 0.0 0.0 -0.0 -0.0 0.0 0.0 -0.0 -0.0 0.0 0.15358105 0.0 0.0 -0.0 -0.0 0.0 -0.0 -0.0 0.26707843 -0.0 0.19840357 -0.0 0.0 0.0 -0.0 0.0 -0.0 -0.0 -0.29908538 -0.27454674 0.0 0.21982989
-0.0 0.0 -0.0 -0.0 -0.0 -0.0 -0.0 0.0 0.22054194 -0.0 0.0 0.0 -0.0 0.0 0.0 -0.0 0.0 -0.0 0.07768947 0.0 -0.0 -0.0826642 0.1323664 0.0 -0.16021661 -0.0 -0.0 -0.0 -0.0 -0.07681758 0.0 -0.0 0.101649866 0.0 -0.0 -0.0 0.0 -0.0 0.0 0.0 0.0 0.0 0.0 0.0 0.0 -0.0 -0.18360403 -0.0 -0.0 0.0 0.0 0.0 0.0 -0.0 -0.0 0.0 0.0 -0.0 0.0 0.14448056 -0.0 0.17244184 0.0 -0.0
0.0 0.0 0.0 -0.0 0.0 -0.0 0.0 0.09723094 0.0 -0.0 0.0 0.0 -0.0 0.0 0.0 0.0 -0.0 0.0 0.0 0.0 0.0 -0.0 0.0 0.0 0.0 0.0 -0.0 0.0 -0.0 -0.0 -0.0 0.0 -0.0 -0.0 0.0 -0.0 0.0 0.0 0.0 0.0 0.0 0.0 -0.0 0.0 -0.0 0.0 -0.16229758 0.0 0.0 -0.0 0.0 0.0 0.0 -0.0 -0.0 0.0 0.0 -0.0 0.0 0.0 -0.0 0.0 -0.0 -0.0
-0.24755825 0.0 -0.07174737 0.0 -0.09496201 -0.13462487 -0.086570024 0.0 -0.0 -0.10563779 -0.21483256 -0.0 -0.0 0.14597556 0.0 -0.0 -0.46310064 0.0 -0.0 0.28491482 0.0 -0.12194262 0.0 -0.21559131 -0.06407914 -0.0 0.06526062 -0.0 0.0 -0.32260445 0.35854214 -0.08902677 0.20703271 -0.0 -0.0 0.0 0.0 -0.0 0.0 -0.15478668 0.0 -0.11076896 -0.13468447 -0.0 0.0 -0.0 -0.07666314 0.07477159 0.0 -0.047500793 -0.0 0.0 0.0 -0.0 -0.0 -0.086160436 -0.15258735 -0.049643595 -0.0 -0.0 0.0 0.0 -0.0 -0.0
-0.1314336 0.07594984 -0.0 -0.10133019 0.0 -0.0 -0.0 -0.12352207 -0.0 -0.0 0.0 0.0 0.0 0.0 -0.0 -0.0 -0.0 -0.0 -0.15095246 -0.07626372 0.094457746 -0.0 -0.0 0.0 -0.0 0.0 0.0 0.0 0.0 -0.10308692 0.0 0.0 -0.0 -0.0 -0.0 -0.13683642 -0.0 -0.0 -0.0 -0.0 0.0 -0.0 0.0 0.0 -0.0 -0.0 0.22607036 -0.0 -0.120225005 0.0 0.0 -0.0 -0.09649812 0.0 -0.0 -0.0 -0.0 -0.0 0.0 0.13406399 0.0 -0.0932048 -0.16349761 0.0
0.0 0.0 0.0 -0.0 0.0 0.0 -0.0 -0.0 -0.0 0.0 0.0 -0.0 -0.0 -0.0 0.0 -0.0 -0.0 0.0 -0.0 0.0 0.0 -0.0 0.0 -0.0 0.0 -0.0 -0.0 0.0 -0.0 -0.0 0.0 -0.0 -0.0 -0.0 0.0 -0.0 -0.0 0.0 0.0 -0.0 -0.0 -0.0 0.0 -0.0 -0.0 0.0 0.0 0.0 0.0 -0.0 -0.0 -0.0 -0.0 0.0 0.0 -0.0 -0.0 0.0 -0.0 -0.0 0.0 -0.0 0.0 0.0
-0.0 0.0 -0.0 -0.0 0.0 0.0 0.0 0.0 0.0 0.0 0.0 0.0 0.0 0.0 -0.0 0.0 0.0 -0.0 0.0 -0.0 -0.0 0.0 -0.0 0.0 0.0 0.0 0.0 -0.0 -0.0 0.0 -0.0 -0.0 0.0 -0.0 -0.0 -0.0 0.0 -0.0 0.0 0.0 -0.0 0.0 0.0 0.0 -0.0 -0.0 -0.0 -0.0 -0.0 -0.0 0.0 0.0 -0.0 0.0 -0.0 0.0 -0.0 -0.0 0.0 -0.0 -0.0 0.0 -0.0 -0.0
-0.0 0.0 -0.0 0.0 0.0 -0.1113054 0.0 0.0 -0.0 -0.0 -0.0 -0.0 0.0 0.0 0.0 -0.0 0.0 0.0 -0.120257966 -0.0 0.0 -0.077517174 -0.0 0.0 -0.0 -0.0 0.0 -0.0 0.0 -0.08581572 -0.0 0.0 -0.0 -0.0 0.0 0.0 -0.21787556 -0.0 -0.0 0.0 0.0 -0.0 -0.14476489 0.0 -0.0 0.0 0.0 0.095751904 0.0 0.0 -0.0 -0.0 -0.0 -0.0 0.0 0.0 -0.0 0.0 0.0 0.0 0.10511551 -0.09216172 0.0 0.13767914
0.092510514 0.0 -0.0 -0.27525592 0.100873925 -0.12840378 0.09782816 -0.10115457 -0.11641474 0.0 -0.0 -0.07563719 0.13353921 0.0 0.0 -0.0 0.0 -0.0 -0.16059324 0.12447424 0.14355348 -0.0 -0.14373323 -0.14151336 -0.12931807 0.0 -0.10026286 0.0 -0.0 -0.22776821 -0.0 -0.13125727 -0.0 -0.0 -0.0 -0.0 -0.0 -0.0 0.17459077 0.12887263 -0.24592642 -0.0 0.0 0.0 -0.0 0.0 0.15451136 0.0 0.0 0.06992594 -0.0 0.0 -0.0 0.0 0.08210388 0.10819406 -0.0 -0.0 -0.16484721 -0.06907125 0.1316959 -0.22496627 -0.24284782 0.07236423
0.0 0.0 -0.0 -0.0 0.0 -0.0 0.04704356 0.075182244 0.43204254 0.0 0.0 -0.0 -0.09113087 0.0 0.0 0.0 0.0 -0.0 0.16107628 -0.0 -0.2520851 -0.0 -0.09691831 0.0 -0.15395086 0.0 -0.077459164 -0.0 0.0 0.0 0.0 -0.0 0.0 0.0 0.0 -0.0 -0.0 0.0 0.31990597 -0.0 0.0 0.0 -0.0 -0.0 -0.0 -0.0 -0.37891883 0.0 -0.0 0.0 0.0 -0.0 0.0 0.12962827 -0.0 -0.0 0.0 -0.0 -0.0 0.098936684 -0.0 0.2835982 -0.4535902 0.0
0.0 0.0 -0.0 0.0 -0.32053488 0.0 -0.0 0.68149424 -0.23428306 0.0 0.13931733 0.30752456 -0.0 -0.42156288 -0.0 -0.0 0.22834536 -0.0 0.46027625 -0.0 -0.20794673 0.289467 0.0 -0.27668262 0.1648127 0.0 0.0 0.0 -0.0 0.9581521 -0.0 -0.21069427 0.26638734 -0.0 0.0 -0.0 0.0 -0.0 0.1807178 -0.0 -0.0 0.2203144 0.0 -0.0 0.0 -0.0 0.29008263 -0.0 0.0 0.15259686 -0.0 0.0 0.0 0.123700544 -0.0 -0.0 -0.0 -0.0 -0.0 0.0 -0.0 0.0 0.0 0.0
-0.2348737 0.15982826 0.0 0.0 0.3321562 -0.50373447 -0.30256966 0.0 0.4508404 0.41581133 -0.15556477 -0.0 0.2660858 0.0 -0.84626436 0.0 -0.0 0.0 0.16800916 -0.0 -0.21499558 -0.23206554 0.0 0.6824919 -0.0 -0.0 -0.0 -0.332131 -0.0 -0.7039781 0.21343826 -1.0488514 -0.0 -0.0 -0.0 -0.0 -0.13025026 -0.0 -0.0 0.0 -0.0 -0.20399885 0.0 0.0 0.3881981 0.0 -0.35578614 -0.0 0.0 -0.0 -0.0 -0.0 -0.67631316 -0.0 -0.0 -0.0 -0.0 0.0 -0.0 -0.0 -0.0 0.25292292 -0.0 0.0
-0.0 -0.0 -0.09183957 -0.0 0.0 0.0 0.0 0.0 0.15568021 -0.0 0.0 -0.0 -0.0 0.06855261 0.0 -0.0 -0.0 0.0 0.08522508 -0.0 -0.16404499 -0.0 0.0 0.0 -0.0 0.0 -0.0 -0.0 -0.0 0.0 -0.0 -0.0 -0.0 -0.0 -0.0 0.0 0.0 -0.0 0.0 0.0 -0.0 0.0 -0.0 0.0 -0.0 -0.0 -0.14307989 0.0 0.0 -0.0 0.0 0.0 -0.0 0.0 -0.0 0.0 -0.0 -0.0 0.0 0.0 -0.0 0.12644066 -0.0 -0.05972639
-0.18287824 0.0 0.0 0.09374573 -0.101173 0.11172469 -0.057645645 -0.0 0.11267463 0.0 -0.0 0.0 0.0 0.0 -0.0 0.0 -0.0 -0.0 0.0 -0.10035303 -0.0 -0.14977126 -0.0 0.0 0.0 0.0 0.0 -0.0 0.0 -0.0 0.1269356 0.0 0.0 0.0 -0.0 0.0 0.0 0.0 0.0 -0.09694404 -0.0 0.0 -0.0 -0.0 0.0 -0.0 -0.17263347 -0.0 -0.0 0.0 0.0 -0.0 0.0 0.0 -0.0 -0.10057994 0.0 0.12319915 0.0 0.114745185 0.0 0.0 -0.0 0.15603226
0.0 -0.0 0.0 -0.0 -0.0 0.0 -0.0 0.11373398 -0.15628098 -0.0 0.0 0.0 0.0 0.0 -0.0 -0.0 -0.0 -0.10061762 -0.2443877 0.0 0.10025519 0.0 -0.0 0.0 -0.2725186 -0.0 0.0 0.069783665 0.0 0.0 0.0 0.0 -0.0 -0.0 0.0 0.0 -0.0 -0.0 -0.0 0.0 0.082985245 -0.0 0.2673755 -0.0 0.0 0.0 0.16292322 -0.0 0.07023167 0.0 -0.0 0.0 -0.0 0.0 0.0 -0.0 -0.0 0.0 0.0 -0.0 -0.0 -0.14848837 -0.0 0.0
0.20036107 -0.12799849 -0.16625093 0.3876139 -0.0 0.0 -0.0 -0.15839154 0.18952346 0.0 -0.0 -0.0 -0.0 -0.22883172 0.0 -0.0 0.0 -0.0 0.22618668 -0.0 -0.23812577 -0.08568121 0.10147988 -0.0 0.0 0.0 -0.14292927 -0.0 0.15198536 -0.1409926 0.0 -0.0 0.12018857 -0.0 0.121578805 0.0 0.0 0.103317894 0.15096317 -0.0 -0.18684785 0.0 0.09797801 -0.23331875 0.0 0.0 0.09287471 0.12738527 0.19613883 -0.11240987 -0.0 -0.14722946 0.0 -0.0 0.08892422 -0.0 0.0 0.43235207 -0.19171663 -0.23715724 -0.0 0.20708717 0.08180461 -0.0
-0.0 0.06579606 -0.0 -0.0 -0.0 -0.0 0.0 0.0 0.11025829 0.0 0.0 0.0 0.0 0.055650704 0.0 -0.0 -0.0 0.0 0.1306448 -0.0 -0.13885629 -0.0 0.0 -0.0 0.0 -0.0 -0.0 0.0 -0.0 0.0 -0.0 0.0 -0.0 0.0 0.0 -0.0 0.054715388 -0.0 0.0 -0.0 0.0 0.0 -0.07801425 -0.0 -0.0 -0.0 -0.10124376 0.044171073 -0.0 -0.0 0.05922236 0.0 0.07910114 0.0 -0.0 0.0 0.0 -0.0 0.0 0.0 -0.07865297 0.1181138 -0.0 -0.0
-0.0 0.0 -0.10628452 0.0 -0.0 0.0 -0.0 -0.39296058 -0.32361823 0.0 -0.19672199 -0.0 0.0 -0.08570955 -0.0 -0.0 -0.0 -0.0 0.30613708 -0.24585627 -0.16807184 -0.0 0.09527918 -0.0 0.0 -0.0 0.0 0.0 -0.0 -0.0 -0.11526281 0.0 0.0 -0.0 0.0 0.26621994 0.0 -0.087587744 0.0 -0.0 -0.0 -0.0 -0.0 0.0 -0.0 0.0 0.43380576 -0.110869884 -0.0 0.11166762 0.0 0.18717813 -0.0 -0.0 -0.089817815 -0.0 -0.0 0.0 -0.19859333 -0.0 -0.0 -0.0 -0.0 -0.0
-0.0 0.0 -0.0 -0.0 0.0 -0.0 -0.0 -0.0 -0.0 0.0 0.0 -0.0 0.0 0.0 -0.0 -0.0 -0.0 -0.0 -0.09901469 0.0 0.0 0.0 0.0 -0.0 -0.0 -0.0 0.0 0.0 0.0 -0.0 0.0 -0.0 -0.0 -0.0 0.0 0.0 0.0 0.0 -0.0 0.0 -0.0 -0.0 0.0 0.0 -0.0 -0.0 0.0 0.0 0.0 0.0 0.0 -0.0 -0.0 -0.0 0.0 -0.0 -0.0 -0.0 0.0 0.0 -0.0 -0.0 -0.0 -0.0
0.0 -0.0 0.0 0.0 -0.0 -0.0 -0.0 -0.32114583 -0.23598677 0.0 -0.0 -0.07593634 0.0 0.0 -0.0 -0.0 -0.0 -0.08483606 -0.1474033 -0.0 0.07894821 -0.0 0.1061798 -0.0 0.0 -0.0 0.0 -0.0 0.0 -0.0 0.0 -0.0 -0.0 0.36461195 -0.073175795 0.0 0.0 0.0 0.0 -0.24390748 0.1079906 0.0 -0.13016169 -0.2185495 0.0 0.0 0.18681577 0.18691342 0.087550074 0.0582656 -0.09994874 0.0 -0.0 -0.0 -0.079482265 -0.0 0.23339573 0.0 -0.3457973 -0.0 -0.0 -0.0 -0.0 -0.0702708
-0.14071223 -0.0 0.0 -0.16304542 -0.0 0.0 -0.0 -0.1545282 0.22910257 -0.15618402 -0.0 -0.15643547 -0.0 -0.0 0.12244544 0.0 0.0 -0.18227102 0.0 -0.0 -0.0 -0.0 -0.0 0.0 0.0 -0.0 -0.0 0.24126798 -0.19545875 -0.0 0.0 0.0 0.0 -0.0 0.0 -0.0 0.0 -0.1474882 0.0 0.2401506 -0.0 0.0 0.0 0.0 -0.0 0.0 -0.1925548 -0.0 0.10576729 0.0 0.0 0.0 0.09497471 0.0 -0.0 0.0 0.0 -0.0 0.0 -0.0 -0.0 0.24124035 0.0 -0.0
0.0 0.0 -0.0 0.0 0.0 0.0 0.0 -0.2197338 0.30793422 -0.0 0.0 0.0 -0.0 -0.0 0.0 0.0 0.0 -0.0 0.13216941 0.0 -0.0752436 -0.0 -0.0 -0.0 0.0 0.0 -0.0 0.0 -0.0 0.0 -0.0 -0.0 -0.0 0.0 0.10909876 0.0 -0.0 0.0 0.0 0.0 0.0 0.0 0.0 -0.0 0.0 0.0 -0.1468163 -0.0 0.0 0.0 0.0 0.0 0.07525337 0.0 -0.07763635 -0.0 0.0 0.0 0.0 0.1277311 -0.112927854 0.12415109 -0.0 -0.0
-0.0 -0.18347825 -0.0 -0.0 0.0 -0.0 0.0 -0.3356144 0.23383997 0.0 0.0 -0.0 -0.0 -0.0 -0.0 -0.0 -0.0 -0.196675 0.0 0.0 -0.18336391 0.0 0.0 -0.0 0.0 -0.0 -0.0 -0.18171094 0.0 0.0 0.0 0.0 0.0 -0.0 -0.119215526 -0.0 0.14888136 0.0 0.0 -0.0 -0.15977603 -0.0 -0.13549608 -0.0 0.0 -0.0 -0.2764363 -0.0 -0.0 0.0 0.10189774 -0.0 0.09297195 -0.0 0.0 0.0 0.08089883 -0.0 -0.08310653 -0.0 -0.0 0.3893016 0.0 -0.053746585
-0.0 0.0 -0.0 -0.0 0.20848985 -0.18940492 -0.0 -0.09826795 0.0 0.16436635 -0.0 -0.0 0.14095898 -0.0 -0.23791346 0.0 -0.0 -0.0 0.0 0.0 -0.0 -0.0 -0.0 0.0 0.0 0.0 0.0 -0.17182007 0.3113023 -0.0 0.0 -0.19296612 0.0 -0.0 -0.0 0.0 0.0 0.0 -0.0 0.0 -0.0 -0.0 0.0 0.0 0.0 -0.23088387 -0.077977814 -0.0 0.0 0.0 0.16635983 -0.0 -0.17606288 -0.0 0.0 -0.14437845 -0.0 -0.0 -0.0 0.0 -0.0 0.21680945 0.0 0.0
0.0 -0.0 -0.0 0.0 -0.0 0.0 -0.0 -0.0 -0.122423396 0.0 0.0 0.0 0.0 -0.0 -0.0 -0.0 -0.0 -0.0 -0.13354065 -0.0 0.0 0.0 -0.0 -0.0 0.0 0.0 0.0 0.0 0.0 -0.0 -0.0 0.0 -0.0 0.0 0.0 -0.0 -0.0 -0.0 -0.0858689 0.0 -0.0 -0.0 -0.0 0.0 -0.0 0.0 0.0 -0.0 -0.0 0.0 -0.0 -0.0 -0.0 0.0 -0.0 -0.0 -0.0 0.0 -0.0 -0.0 0.0 -0.0 0.0 0.0
-0.0 1.1760354 0.0 0.0 0.0 -0.0 -0.50718904 0.0 -0.0 0.0 0.42443067 -0.0 -0.5945336 -0.0 0.0 -0.0 -0.57655966 0.0 -0.0 -0.0 -0.0 0.0 0.0 -0.45674747 -0.0 -0.0 -0.0 -0.5761158 -0.4546972 0.0 -0.0 0.0 -0.0 0.0 -0.0 -0.0 -0.75706804 -0.0 0.0 0.0 -0.0 -0.0 -0.0 0.0 -0.0 0.0 -0.0 -0.0 0.0 -0.0 0.0 -0.0 -0.62870467 -0.0 0.0 -0.0 -0.0 0.0 -0.0 -0.0 -0.0 0.0 0.0 0.4565095
0.0 0.0 -0.0 -0.0 -0.0 -0.0 -0.0 0.0 -0.0 0.0 -0.0 0.0 -0.0 -0.0 -0.0 0.0 0.0 0.0 0.0 -0.0 0.0 0.0 0.0 0.0 0.0 0.0 0.0 -0.0 -0.0 0.0 0.0 0.0 0.0 -0.0 -0.0 -0.0 -0.0 0.0 0.0 -0.0 -0.0 0.0 0.0 0.0 0.0 -0.0 -0.0 -0.0 0.0 0.0 -0.0 -0.0 -0.0 0.0 0.0 0.0 -0.0 -0.0 0.0 -0.0 0.0 -0.0 0.0 0.0
-0.0 0.0 -0.0 -0.0 -0.16737843 0.0 -0.0 0.0 0.0 -0.0 0.0 0.0 -0.0 0.3449247 -0.0 0.0 -0.0 0.0 0.0 -0.0 -0.0 0.0 -0.0 -0.0 0.0 -0.0 0.0 0.15734686 -0.0 0.0 -0.0 0.0 -0.0 0.0 -0.0 0.0 0.0 0.0 0.0 0.0 -0.0 0.0 -0.0 0.0 -0.0 -0.0 0.0 0.13351509 0.0 -0.0 0.0 -0.0 -0.11770034 0.0 0.0 0.094693266 -0.0 0.0 -0.0 -0.0 -0.30676112 -0.38324535 -0.0 -0.0
0.38055152 -0.0 0.6223951 0.0 0.0 -0.27401942 -0.56261885 0.0 0.4526197 -0.0 -0.0 -0.16420649 -0.0 -0.0 0.0 0.4412219 0.0 -0.0 -0.0 0.55576295 -0.16029571 -0.0 -0.18096596 -0.18808635 -0.0 -0.25798967 -0.0 0.0 0.0 0.0 -0.40233195 -0.0 -0.16283143 0.0 0.148042 0.21489614 0.0 0.0 -0.0 0.13209996 -0.0 0.0 -0.0 0.0 0.0 -0.0 -0.0 0.0 -0.0 -0.3319309 0.123534426 -0.17735158 0.0 -0.12706803 0.0 0.0 -0.09917976 0.15321337 -0.0 -0.2395663 0.0 0.11227288 0.0 -0.15061317
0.0 0.0 -0.22636414 -0.0 0.0 0.0 0.0 -0.0 0.0 0.0 0.0 0.0 -0.0 0.0 0.0 0.0 0.0 -0.0 0.0 0.0 0.0 0.0 0.0 -0.0 -0.0 -0.0 -0.0 -0.0 0.0 0.0 0.0 0.0 0.0 0.0 -0.0 -0.0 0.0 0.0 0.0 -0.0 0.0 0.0 0.0 -0.0 0.0 -0.0 -0.18431094 -0.0 0.0 0.0 0.0 -0.0 0.0 -0.0 0.0 -0.0 0.0 -0.0 -0.0 -0.0 0.0 0.0 0.0 -0.0
0.0 -0.0 0.0 0.0 0.0 0.0 0.12770034 0.08287454 -0.2213468 0.0 0.0 0.10578188 -0.0 -0.16137664 -0.0 0.0 0.0 0.0 -0.0927176 -0.0 0.10047492 0.0 -0.20048885 0.0 -0.20028786 0.0 0.0 0.0 -0.0 0.0 0.0 -0.0 0.0 -0.0 0.0 0.18115261 0.0 -0.0 -0.13548855 0.0 0.0 -0.0 0.22224109 0.0 -0.0 0.0 0.23006198 -0.0 0.094016135 0.0 -0.07990838 0.2591724 -0.13749309 0.0 0.0 0.0 0.0 -0.0 -0.0 0.0 0.0 -0.0 0.0 0.0
-0.0 0.0 -0.0 0.07776196 -0.0 -0.0 -0.0 0.10323786 0.20381035 0.0 -0.0 -0.0 -0.0 -0.0 0.0 -0.0 0.0 0.0 0.12710993 -0.0 -0.22384462 -0.08081979 0.0 0.0 -0.14878727 -0.0 -0.14489466 -0.068288036 0.0 0.0 -0.0 -0.08769009 -0.0 0.0 0.077180676 0.0 -0.0 0.0 -0.06490491 0.0 0.0 0.0 0.0 -0.0 -0.061299935 0.0 -0.19999282 0.06736661 -0.0 0.0 0.0 -0.0 0.0 -0.0 -0.0 -0.0 0.0 0.0 -0.0 -0.0 -0.0 0.121885024 0.17548953 0.0
-0.0 0.0 0.0 -0.0 -0.0 -0.20754787 -0.0 -0.0 0.28884232 0.0 -0.0 -0.0 -0.0 -0.0 0.0 0.0 0.0 -0.0 0.0 -0.0 -0.0 -0.0 -0.0 -0.0 -0.0 -0.0 -0.26470554 -0.0 0.0 -0.29701424 -0.0 -0.0 -0.0 -0.0 -0.0 -0.43153358 0.28711885 -0.0 0.0 0.0 0.0 0.0 0.0 0.0 0.0 -0.0 -0.0 -0.0 0.0 -0.0 -0.0 -0.39211953 0.0 -0.0 -0.0 -0.0 0.0 -0.0 0.0 0.0 0.0 0.0 -0.0 -0.0
0.0 -0.0 -0.0 -0.0 -0.0 -0.0 0.0 0.0 0.21627766 -0.0 0.0 -0.0 -0.08000922 0.0 0.0 -0.0 -0.0 0.0 0.14632481 0.0 -0.0 0.0 0.1242675 0.0 -0.12616158 -0.0 -0.0 -0.0 -0.0 -0.0 -0.0 0.0 -0.0 0.0 -0.07797476 0.0 0.0 0.0 0.0 -0.0 0.0 0.0 0.0 0.0 0.0 0.0 -0.19478528 -0.0 0.0 0.0 0.0 0.0 0.0 0.0 -0.0 -0.0 0.100652464 0.0 0.0 0.0 -0.0 0.1739948 0.0 -0.06890029
-0.0770633 0.0 0.0 0.117573366 -0.09951964 -0.0 -0.0 0.09903226 -0.27496788 -0.0 -0.0 0.0 0.08516861 0.0 -0.0 0.0 -0.0 -0.0 -0.2517891 -0.0 0.18080074 -0.0 0.26651895 -0.07870549 0.0 0.0 0.0 0.03968633 0.0 0.0 -0.0 -0.0 -0.0 0.0 0.0 -0.0 -0.0 0.0 -0.21013544 -0.0 0.0 -0.0 0.09842981 0.0 0.0 -0.0 0.31648993 -0.0 0.0 0.0 -0.105248846 -0.0 -0.0 -0.0 0.0 0.0 -0.0 0.0 -0.0 -0.0 0.0 -0.3468806 0.40572995 0.0
0.0 0.0 -0.09126721 0.0 -0.0 0.0 -0.0 0.29947975 0.0 0.0 0.0 0.0 -0.0 0.18909705 -0.0 -0.0 0.0 0.0 0.13653167 -0.0 -0.0 0.0 -0.0 0.0 -0.21853128 -0.0 -0.0 -0.0 -0.0 -0.0 -0.0 0.0 0.0 0.0 0.0 0.1185377 0.0 -0.0 -0.0 0.0 0.0 0.0 0.16336755 0.0 -0.0 0.0 -0.15315697 -0.0 -0.0 -0.0 0.0 0.14550988 -0.0 -0.0 0.0 0.0 0.0 0.0 0.0 -0.0 -0.0 0.25663266 0.0 -0.16565773
-0.0 0.0 0.0 0.0 0.07976617 -0.07498919 -0.0 -0.0 0.23187414 -0.0 0.0 -0.0 -0.0 0.12689301 0.0 0.0 0.0 0.0 0.086712874 0.111332126 -0.20421998 -0.0 -0.12064752 0.0 0.0 -0.0 -0.0 -0.09506792 -0.0 -0.25571886 0.07529779 0.0 -0.0 -0.0 0.0 0.0 -0.0 -0.0 -0.083765954 -0.0 -0.0 -0.0 -0.19605273 0.0 -0.0 -0.0 -0.32824576 0.14172523 -0.13026373 -0.08101803 0.0 0.0 0.0 0.0 -0.08962882 0.0 0.0 -0.0 0.0 0.0 -0.0 0.13887866 0.08605684 0.0
0.0 -0.2074245 -0.0 -0.11458553 0.0 0.0 0.0 -0.24174114 -0.1630219 -0.0 0.0 -0.0 -0.12598883 0.19751246 -0.0 -0.0 -0.0 -0.0 -0.0 0.0 0.15045148 0.0 -0.0 -0.0 -0.0 0.0 -0.0 -0.13010599 0.0 0.096919864 -0.0 -0.0 0.0 -0.0 -0.1948631 0.0 -0.0 0.0 0.0 -0.0 -0.30891174 0.0 0.089874186 0.0 0.0 -0.0 0.22160359 0.25103042 0.0 -0.0 0.09614973 -0.0 -0.11360924 -0.0 0.21717009 0.0 -0.101601325 0.0 -0.2714043 0.0 -0.0 -0.28223735 -0.0 0.0
-0.0 -0.0 -0.10162492 -0.14161381 -0.0 -0.0 0.0 -0.0 0.07863894 0.0 0.113515586 -0.0 -0.056985937 0.22717117 0.0 -0.0 -0.0 0.0 0.13942662 0.0 -0.19476067 0.0 0.0 -0.0 -0.25672144 -0.101588614 -0.0 -0.0 -0.0 -0.0 -0.0 -0.0 0.0 0.0 -0.0 0.0 0.0 -0.08876368 0.09256843 0.0 0.0 0.0 -0.0 0.0 0.0 -0.0 -0.23898208 -0.0 -0.11646308 0.0 0.0 0.0 -0.0 -0.0 -0.0 0.0 0.0 -0.10104489 0.0 -0.0 -0.0 0.26959267 0.11892429 -0.19209892
-0.0 0.0 0.0 0.0 0.0 -0.0 0.06562687 0.0 0.2970057 0.0 0.079419784 0.0 -0.0 -0.061443698 0.056781463 0.0 0.0 0.0 0.112107374 -0.0 -0.13869022 -0.0 0.0 0.0 0.17191266 0.0 -0.0 -0.0 0.0 0.0567878 0.0 0.0 0.0 -0.0 0.0 0.0 0.0 0.0 -0.0 -0.0 0.0 0.059667114 -0.059344802 -0.0 -0.0 0.0 -0.26648387 0.0 -0.0 0.0 0.0 -0.063369796 0.0 0.0 -0.0 -0.0 0.0 0.0 0.0 0.07058141 0.0 0.111751966 -0.0 0.0
0.0 0.15572631 0.0 0.0 -0.11248511 0.0 -0.0 -0.14072762 0.19761135 0.0 0.0 -0.0 0.0 0.35458517 0.13795324 -0.0 0.0 0.0 -0.0 -0.0 0.13077123 0.0 0.0 -0.0 0.21499546 0.14807327 0.0 0.4746955 -0.18536884 0.0 0.0 -0.0 0.0 0.0 -0.0 0.0 -0.0 -0.0 0.0 0.0 0.0 0.0 0.0 0.0 -0.0 0.11016625 0.35110998 -0.0 0.0 -0.0 -0.18567339 0.0 -0.0 0.0 -0.104031995 0.0 0.0 0.0 0.0 -0.0 -0.23935251 -0.55486745 -0.0 -0.0
0.16180201 0.11630125 0.0 0.0 -0.0 -0.0 -0.0 -0.09318224 0.0 -0.0 0.0 -0.0 -0.0 0.0 0.07317155 0.0 0.0 -0.0 0.0 0.0 -0.11903575 0.0 0.0 0.0 0.0 -0.0 -0.15213834 -0.0 0.0 -0.0 -0.0 0.0 -0.0 0.0 -0.14048034 0.0 0.0 0.0 0.0 -0.0 0.21414305 -0.0 -0.0 -0.0 -0.0 -0.0 -0.0 0.0 0.0 -0.0 0.0 0.0 -0.0 0.0 -0.21522512 0.0 0.0 0.0 0.0 0.0 -0.0 0.16022125 0.0 -0.0
-0.11184385 -0.0 -0.104013294 -0.0 -0.0 -0.0 0.0 0.19198623 -0.0 0.0 0.0 0.0 0.0 -0.12368213 -0.124538094 -0.10753469 0.0 0.0 0.0 -0.0 0.0 0.0 0.0 0.0 -0.0 0.0 -0.0 0.13297854 0.0 0.110246286 0.0 0.0 0.0 0.0 -0.0 -0.0 0.13239989 -0.0 -0.0 -0.11793368 0.0 -0.0 0.0 -0.0 -0.0 -0.0 0.105002 -0.25304615 -0.101571836 0.0 -0.23383796 -0.107067734 0.0 -0.0 -0.0 0.0 -0.0 -0.0 -0.0 0.22154579 0.0 -0.0 0.0 -0.0
0.19240466 0.0 -0.14983657 0.0 0.18988359 -0.1608568 0.087488875 -0.0 -0.29113668 0.0 -0.0 -0.0 0.0 0.13578673 0.0 0.0 -0.0 -0.0 -0.299214 0.096102975 0.13389261 -0.0 0.15183921 -0.1449503 -0.0 -0.0 -0.21865948 0.12706165 -0.0 -0.13377784 -0.0 -0.107472636 0.0 0.13093244 -0.1273394 -0.0 0.0 0.0 -0.17730998 -0.0809383 0.0 -0.0 -0.0 -0.0 -0.0 -0.103450716 0.12530252 -0.16303001 -0.08775439 -0.091519974 -0.0 -0.09195191 0.0 -0.0 -0.10451563 0.0 -0.0 0.0 0.14877327 0.20234089 0.074565195 -0.099518776 0.13830203 0.11133516
0.0 -0.0 0.0 0.0 -0.0 -0.0 -0.0 -0.0 -0.2565641 0.0 0.0 -0.0 0.10661953 0.0 -0.0 0.0 -0.0 -0.0 -0.26359966 0.0 0.14238559 -0.0 0.0 -0.0 0.0 0.0 -0.0 0.16161083 0.0 -0.0 -0.0 -0.0 0.0 0.0 -0.12450163 0.0 0.0 -0.0 -0.0 0.0 0.0 -0.12877265 0.14127891 -0.0 0.0 -0.14008994 0.3992155 -0.0 0.0 0.0 -0.0 0.0 -0.0 0.0 -0.0 0.0 -0.0 0.0 0.0 -0.11042376 -0.11440106 -0.34337655 -0.0 0.0
-0.0 -0.11261829 -0.0 -0.0 0.0 0.0 -0.0 -0.34003055 -0.25519937 0.0 0.0 -0.0 0.08129217 -0.0 -0.18103342 0.0 0.0 -0.13210021 -0.35066137 0.0 0.089979656 -0.0 0.0 0.0 0.0 0.0 0.0 -0.0 0.0 0.0 0.0 0.0 -0.0 -0.0 -0.10245192 -0.0 0.0 0.0 -0.0 -0.0 -0.1831515 -0.12528373 -0.0 0.0 0.0 -0.0 0.26209 0.0 -0.0 0.0 0.0 0.0 -0.0 0.0 0.18349753 -0.11811563 -0.0 0.0 -0.123666346 0.0 -0.0 -0.12924732 -0.0 -0.0
-0.0 0.23300849 0.0 -0.0 -0.0 0.0 -0.0 0.0 -0.0 -0.0 0.0 0.31065604 -0.226868 -0.0 0.0 0.0 0.0 0.21510181 -0.0 -0.0 0.0 -0.0 -0.0 -0.0 0.0 0.0 -0.0 -0.0 -0.0 0.0 -0.0 0.0 0.0 0.0 0.0 -0.0 -0.26312685 0.0 0.0 0.0 -0.1736297 0.0 -0.0 0.0 -0.0 0.0 0.0 0.0 0.0 0.0 0.0 -0.0 -0.24678066 -0.0 0.0 0.0 -0.0 -0.0 0.0 0.0 -0.0 -0.32484415 0.0 0.23128666
0.0 -0.0 0.0 0.0 0.0 0.0 0.0 0.0 -0.38921985 0.14323162 -0.0 0.0 0.0 0.0 -0.13923737 -0.0 -0.0 0.089049526 -0.2025483 -0.06872195 -0.0 -0.0 -0.18428788 -0.12288239 -0.0 -0.0 0.0 0.0 0.0 -0.0 0.0 0.0 -0.0 -0.0 0.0 -0.0 0.0 -0.0 -0.0 -0.071510315 -0.0 -0.0 -0.15875971 0.0 -0.0 -0.0 0.24416724 0.1535066 0.0 -0.0 -0.10108569 0.10321566 -0.0 -0.0 -0.0 0.0 -0.096377425 -0.0 0.0 -0.0 -0.0 -0.22397403 0.0 0.0
0.0 0.0 -0.0 -0.08620165 -0.0 -0.0 -0.0 -0.0 0.116094284 -0.0 -0.0 -0.0 -0.0 -0.0 0.0 -0.0 -0.09292649 0.0 0.11641034 -0.0 -0.0757975 0.0 0.0 -0.0 -0.0 -0.0 -0.0 -0.0 -0.0 -0.080927506 0.0 -0.0 0.0 0.0 -0.0 -0.0 -0.0 0.0 -0.0 -0.0 -0.0 0.0 0.0 -0.0 -0.0 -0.0 -0.084179275 0.0 -0.0 -0.0 0.0 0.0 0.0 -0.0 -0.0 0.0 0.0 0.0 -0.0 0.08588007 0.0 0.0948638 0.0 0.0
0.09508514 -0.0 0.0 0.0 0.0 -0.0 0.0 0.0 -0.10060054 -0.0 0.0 -0.0 0.0 -0.19597694 0.0 0.0 0.0 -0.0 -0.0 0.0 0.12741491 -0.0 -0.30956453 0.094349295 -0.43208212 0.0 0.0 0.0 -0.0 0.17026305 0.0 0.0 0.0 0.0 -0.0 -0.0 -0.0 -0.0 -0.16766419 0.0 0.0 -0.0 0.37710258 0.0 -0.0 0.1144355 0.27306423 -0.0 0.0 0.075736724 -0.0 -0.0 -0.0 0.0 0.0 0.10912338 0.0 0.0 -0.0 0.0 0.12435077 -0.15083462 0.10418018 0.31470343
0.0 0.0 0.19112743 0.0 -0.18188296 -0.15222102 0.16074318 0.0 0.21586034 0.0 0.34869295 -0.0 0.116757505 0.0 -0.1474712 0.13806976 0.5886809 -0.0 0.0 -0.5203339 -0.13067728 -0.33545586 0.0 0.19956915 0.14075413 -0.0 -0.30496535 -0.0 -0.0 -0.3810587 -0.4063319 -0.0 -0.51392525 -0.22765897 0.0 0.0 -0.0 0.0 0.0 0.0 0.14730446 -0.0 -0.0 0.0 0.0 -0.0 -0.21862775 0.0 0.0 0.0 0.0 0.0 -0.0 0.0 0.0 0.0 -0.0 -0.12510546 -0.1453492 -0.14421548 0.0 0.0 0.0 0.0
0.0 0.0 -0.0 0.0 0.0 0.0 0.10065077 -0.12388013 0.223102 0.0 -0.0 -0.0 -0.0 -0.0 0.0 0.0 0.0 -0.06996288 0.04866332 0.0 -0.12429567 0.0 -0.0 0.069944076 0.0 0.0 -0.0 -0.0 -0.0 0.0 0.0 -0.0 -0.0 -0.0 -0.0 -0.0 -0.0 0.0 -0.0 -0.0 0.0 -0.0 -0.0 0.0 0.0 -0.0 -0.28065714 -0.0 -0.0 0.0 0.0 -0.0 0.0 0.0 -0.05809212 0.0 0.0 -0.06560302 0.0 0.10736448 0.0 0.2322048 0.0 0.0
-0.0 0.0 -0.0 -0.0 0.0 0.0 0.0 -0.0 0.0 0.0 0.0 -0.0 0.1238163 0.0 0.0 -0.0 -0.0 0.0 0.0 0.0 -0.0 0.0 -0.0 0.0 -0.0 0.0 -0.0 -0.0 0.0 -0.0 -0.0 0.0 -0.18019405 -0.0 -0.0 -0.0 -0.0 0.0 -0.0 -0.0 0.0 -0.0 -0.0 -0.0 -0.0 0.0 -0.0 0.25397807 -0.0 0.0 -0.0 0.0 0.0 0.0 0.0 0.0 0.0 -0.0 -0.0 0.0 0.0 0.15385567 -0.0 -0.0
-0.0 0.0 -0.0 -0.0 0.0 -0.0 0.0 0.08946882 0.1975229 0.0 0.0 0.0 -0.0 0.20342948 -0.0 0.0 0.0 -0.0 0.16052742 -0.0 -0.091025755 -0.0 0.0 0.0 -0.0 -0.0 0.0 -0.0 0.0 0.0 0.0 -0.0 -0.0 0.0 -0.0 0.0 0.0 0.0 0.0 -0.0 0.0 0.1004442 -0.090094686 0.0 0.0 -0.0 -0.08566271 0.0 0.0 -0.0 0.1913037 -0.0 -0.0 0.0 0.0 0.0 0.0 -0.0 -0.0 0.0 -0.10657716 0.0 0.0 -0.0
0.0 -0.0 0.0 -0.0 -0.0 -0.0 -0.0 0.14907388 -0.08281638 -0.0 -0.0 -0.104888976 -0.0 0.10571016 -0.0 0.0 -0.0 -0.082820974 -0.0 -0.0 0.0 -0.13371858 0.0 -0.063799284 -0.063934274 -0.0 0.0 0.0 -0.096261546 0.0 0.0 -0.0 -0.0 -0.0 0.06744024 0.0 0.049747497 0.0 0.0 0.06656122 -0.15384291 -0.10882674 -0.0 0.066067204 0.0 0.0 0.08476203 0.0 0.0 -0.0 -0.0 0.0 -0.0 -0.0 0.0 0.087932155 -0.08010286 -0.0 -0.0 -0.056563873 0.0 -0.09995034 0.0 -0.0
0.0 -0.0 0.20878665 0.0 0.0 -0.0 0.1630312 1.0658929 0.0 -0.0 0.0 0.20605554 0.0 -0.16178264 -0.0 0.0 -0.0 0.0 0.0 0.0 -0.0 -0.0 0.0 0.0 0.16623834 0.0 0.0 0.0 0.0 0.0 -0.11934154 0.0 -0.0 -0.0 0.0 -0.0 -0.0 -0.0 0.0 0.0 0.0 0.2008706 0.0 0.0 0.0 -0.0 0.0 -0.0 -0.0 0.3441585 -0.0 -0.0 -0.0 0.0 0.0 0.13850522 0.0 0.11958853 -0.25276834 0.0 -0.0 -0.0 0.0 0.0
0.0 -0.0 -0.0 0.0 0.0 -0.0 -0.0 -0.0 -0.0 -0.0 -0.0 0.0 -0.0 -0.0 0.0 0.0 -0.0 0.0 -0.0 0.0 0.0 0.0 0.0 -0.0 0.0 -0.0 -0.0 0.0 -0.0 -0.0 -0.0 0.0 0.0 -0.0 0.0 0.0 -0.0 0.0 -0.0 0.0 0.0 -0.0 0.0 0.0 -0.0 -0.0 0.0 -0.0 -0.0 -0.0 -0.0 -0.0 -0.0 0.0 0.0 0.0 -0.0 0.0 0.0 0.0 0.0 -0.0 -0.0 0.0
-0.0 0.0 -0.0 -0.0 -0.0 -0.0 -0.0 0.0 0.0 0.0 0.0 -0.0 -0.08452678 -0.0 0.0 -0.0 -0.0 -0.0 0.07853055 0.0 -0.21585728 0.0 -0.0 -0.0 -0.0 -0.0 -0.0 -0.0 -0.0 -0.0 0.0 -0.0 0.0 0.0 -0.0 0.0 0.0 -0.06892624 0.0 -0.0 -0.0 -0.0 -0.07791062 -0.0 -0.0 -0.0 -0.09506034 0.0 -0.121265955 -0.0 0.0 0.0 0.0 -0.0 -0.08583431 -0.0 0.0 -0.0 0.0 0.0 -0.0 0.18434218 -0.0 -0.0
-0.0 0.0 0.0 0.0957165 0.0 0.05008897 -0.0 -0.15032272 -0.2008834 -0.0 0.0 -0.0 -0.0 0.0 0.0 0.0 -0.0 -0.08597765 -0.18931693 -0.0 0.0 -0.0 0.0 0.0 0.0 -0.0 -0.0 -0.17024972 0.17168719 0.1582606 0.0 0.0 -0.0 0.07390739 -0.12589793 0.0 0.0 -0.0 -0.0 -0.15223016 0.31910738 -0.14395185 -0.0 -0.20071836 -0.0 -0.14216726 0.12100514 0.0 -0.13838302 -0.0 -0.0 -0.0 -0.0 0.0 -0.29011896 -0.0 0.10682083 -0.0 -0.0 0.0 -0.0 -0.11442919 -0.0 0.0
-0.0 0.11982474 0.0 -0.0 -0.0 -0.0 -0.0 -0.33404547 -0.2416208 0.15774068 0.0 -0.0 0.17807901 -0.0 -0.0 -0.0 -0.0 -0.0 -0.22656393 0.0 0.19598764 0.0 -0.0 0.0 -0.0 0.0 0.09319412 0.0 0.23953469 0.0 0.0 0.0 -0.0 -0.158793 -0.20060045 -0.0 0.0 0.0 -0.0 -0.0 0.16394572 -0.0 0.09925767 -0.20521416 0.0 -0.38219354 0.18645376 -0.37768626 -0.0 -0.0 0.0 0.0 -0.10389898 -0.0 0.0 -0.0 -0.27038202 -0.0 0.0 -0.0 0.1234339 -0.0 -0.0 0.094079465
0.0 0.0 0.0 0.0 0.0 -0.0 0.0 0.0 -0.0 0.0 0.0 0.0 0.0 -0.0 0.0 0.0 -0.0 0.0 -0.0 -0.0 0.0 -0.0 -0.0 0.0 0.0 0.0 -0.0 0.0 -0.0 0.0 -0.0 -0.0 0.0 -0.0 0.0 -0.0 -0.0 0.0 0.0 0.0 -0.0 0.0 0.0 0.0 -0.0 0.0 0.0 -0.0 -0.0 0.0 -0.0 -0.0 -0.0 0.0 0.0 -0.0 -0.0 0.0 -0.0 0.0 0.0 -0.0 0.0 0.0
0.0 0.0 -0.0 0.135565 -0.0 -0.0 -0.0 -0.4393625 0.26592425 -0.0 -0.0 0.0 -0.0 0.0 0.0 -0.0 0.0 0.14987637 0.2615456 0.0 -0.12008623 -0.1723164 0.0 0.0 -0.0 0.0 -0.19090864 -0.0 0.0 0.0 -0.0 -0.0 0.0 -0.0 -0.0 0.07889354 -0.0 0.08482576 0.0 -0.12719072 0.25015905 0.0 0.0 -0.49583963 0.0 -0.20606445 -0.29801118 -0.4721167 -0.0 0.0 0.1024404 -0.08603026 0.0 -0.0 -0.27231252 0.0 -0.22543754 -0.0 0.30201182 0.059766248 0.0 0.20003885 0.0 0.0
-0.0 -0.0 0.0 0.0 0.0 -0.0 0.0 0.0 0.0 0.0 0.0 -0.0 -0.0 -0.0 0.0 0.0 0.0 0.0 0.0 0.0 -0.0 0.0 -0.0 0.0 0.0 0.0 -0.0 -0.0 -0.0 0.0 0.0 -0.0 -0.0 -0.0 0.0 -0.0 -0.0 -0.0 0.0 0.0 -0.0 0.0 -0.0 0.0 0.0 -0.0 -0.072815165 -0.0 0.0 -0.0 0.0 -0.0 0.0 0.0 0.0 0.0 -0.0 -0.0 0.0 0.0 0.0 0.0 -0.0 -0.0
-0.0 0.07222669 -0.0 -0.0 0.0 -0.0 -0.0 0.0 0.098528646 0.0 -0.0 0.05925501 -0.054320753 0.0 0.0 0.0 -0.0 0.0 0.0970489 -0.0 -0.0 -0.0 0.0 0.0 0.0 0.0 0.0 -0.0 -0.0 0.0 -0.0 0.0 0.0 0.0 -0.0 0.0 0.0 0.0 0.0 0.0 0.0 0.0 -0.0 -0.0 -0.0 0.0 -0.116009966 0.0 -0.0 0.0 0.13299862 -0.0 0.0 0.07073251 -0.0 0.0 0.0 -0.0 0.0 0.056202907 0.0 0.08547152 0.0 0.0
-0.0 0.08281506 0.0 0.0 0.0 -0.0 0.0 0.0 0.16049567 0.0 -0.0 0.0 -0.05326047 0.0 0.0 0.0 -0.0 0.0 0.14037682 0.0 -0.06928946 0.0 0.0 0.0 0.0 -0.0 -0.0 -0.0 0.0 0.0 -0.0 0.0 0.0 -0.0 0.0 -0.0 0.05934585 0.0 -0.0 0.0 -0.0 0.0 -0.0 0.0 0.0 -0.0 -0.17676938 0.0 0.0 -0.0 0.0 -0.0 0.0 0.0 0.0 0.0 0.0 0.0 -0.0 0.0 -0.0 0.07984499 0.0 -0.0
0.0 0.0 -0.0 -0.0 0.0 0.0 0.0 0.0 -0.0 0.0 -0.0 -0.0 0.14971474 0.0 -0.0 0.0 -0.0 -0.0 0.15784563 0.0 0.0 0.0 0.25518143 0.0 0.0 0.0 0.0 0.0 -0.0 -0.0 0.0 0.0 -0.0 -0.0 -0.0 -0.0 -0.0 0.0 0.0 0.0 0.0 0.0 -0.0 -0.0 0.0 -0.0 0.0 -0.0 -0.0 -0.0 -0.0 -0.0 -0.0 -0.0 -0.0 0.0 -0.0 -0.0 -0.0 0.0 -0.0 -0.24519205 -0.0 -0.0
0.0 0.0 0.0 0.0 0.0 -0.0 0.0 0.0 0.2710853 -0.0 0.0 0.0 -0.10246092 -0.0 0.0 -0.0 0.0 -0.0 0.124677844 -0.0 -0.26944193 -0.0 0.14083265 0.08282163 0.0 0.0 -0.0 -0.0 0.0 0.0 0.0 0.0 0.0 -0.0 -0.0 -0.0 0.0 0.0 0.0 0.0 0.0 0.08502484 -0.0 -0.0 0.0 0.0 -0.1248544 0.0 -0.0 0.0 0.0 -0.0 0.0 -0.0 -0.0 0.0 0.0 -0.0 -0.0 0.0 0.0 0.18187013 0.0 0.0
0.0 -0.0 -0.0 -0.0 0.0 0.0 0.0 0.0 0.0 0.0 0.0 -0.0 -0.5722649 0.0 0.0 -0.0 -0.0 0.0 0.0 -0.0 -0.0 0.0 0.0 -0.0 0.0 0.0 -0.0 -0.0 -0.0 0.0 -0.0 -0.0 -0.0 -0.0 -0.0 -0.0 0.0 0.0 -0.0 0.0 -0.0 0.0 0.0 -0.0 0.0 0.0 -0.0 -0.0 0.0 0.0 0.0 -0.0 0.0 -0.0 0.0 -0.0 0.0 0.0 0.0 0.0 0.0 0.0 0.0 -0.0
-0.0 0.0 -0.19960792 -0.24319193 -0.0 -0.25890633 0.0 -0.0 0.0 0.0 -0.0 -0.0 0.0 0.0 0.0 -0.20705101 0.0 -0.0 0.0 0.0 -0.0 -0.15021542 0.0 0.0 -0.0 0.20143865 -0.0 -0.0 -0.18580629 -0.0 -0.0 0.0 -0.0 -0.0 -0.0 -0.0 0.0 -0.0 -0.0 -0.0 -0.0 -0.0 -0.0 -0.0 -0.0 -0.0 0.0 -0.0 -0.20811035 0.3590843 0.0 -0.0 -0.0 -0.0 -0.0 0.0 0.0 -0.18205753 0.0 0.29717484 -0.0 0.0 -0.0 0.27006987
0.0 0.0 -0.0 -0.0 0.0 0.0 0.0 0.0 -0.0 0.0 0.0 -0.0 -0.0 0.0 0.0 -0.0 0.0 -0.0 -0.0 0.0 -0.0 -0.0 -0.0 -0.0 -0.0 -0.0 -0.0 -0.0 -0.0 -0.0 -0.0 -0.0 0.0 -0.0 -0.0 -0.0 -0.0 -0.0 0.0 0.0 -0.0 -0.0 -0.0 0.0 0.0 -0.0 -0.0 -0.0 -0.0 -0.0 -0.0 0.0 0.0 -0.0 -0.0 -0.0 -0.0 0.0 0.0 0.0 -0.0 -0.0 -0.0 0.0
0.0 0.0 0.0 0.0 0.0 0.0 -0.0 0.0 -0.0 0.0 -0.0 -0.0 0.0 -0.18657565 -0.0 0.0 -0.0 -0.0 -0.0 0.0 0.0 0.0 -0.0 0.0 0.16144769 0.0 0.0 0.0 -0.0 0.0 0.0 0.0 0.0 -0.0 0.0 -0.0 -0.0 0.0 0.0 0.0 -0.0 -0.0 0.0 0.0 0.0 0.0 0.16348639 0.0 0.0 -0.0 -0.0 -0.0 0.0 0.0 0.0 0.0 -0.0 0.0 0.0 -0.0 0.0 -0.0 -0.0 0.0
-0.0 -0.0 -0.0 -0.0 -0.0 -0.0 -0.0 -0.18020311 -0.09624221 0.0 -0.0 -0.0 0.0 -0.0 -0.0 -0.0 0.0 -0.0 0.0 -0.0 0.16145675 0.0 0.0 0.0 0.0 -0.109256156 0.0 -0.0 0.13316534 -0.0 -0.0 0.0 0.0 -0.12758258 -0.0 -0.0 0.0 -0.0 0.0 0.0 0.0 -0.0 -0.0 0.0 0.0 0.0 0.124530904 -0.19786638 -0.21249682 0.0 -0.0 -0.18065906 0.0 0.0 -0.0 0.0 0.0 -0.0 -0.16392818 0.0 0.0 -0.0 -0.0 0.0
0.0 0.0 -0.0 -0.0 0.46795043 -0.2683042 0.0 0.0 0.3390084 0.17718789 -0.16344616 0.0 0.28371644 0.0 -0.5967431 0.0 -0.0 0.13301055 0.0 0.0 -0.19789498 -0.16412458 -0.0 0.0 -0.0 0.0 -0.23391016 -0.0 -0.0 -0.35959336 -0.0 -0.5272975 -0.0 -0.0 0.18352404 0.0 -0.13460384 0.0 0.0 -0.0 0.0 0.0 -0.0 -0.0 -0.0 -0.12167579 -0.21438058 0.0 0.0 -0.0 -0.0 0.0 -0.61075515 0.0 -0.12590794 -0.1588829 -0.0 -0.0 0.0 0.0 -0.0 0.2092307 0.0 0.0
-0.0 0.0 0.0 0.0 -0.0 0.0 -0.0 0.0 -0.0 0.0 -0.0 -0.0 0.0 0.0 -0.0 0.0 -0.0 -0.0 -0.0 0.0 0.0 -0.0 -0.0 -0.0 -0.0 -0.0 -0.0 0.0 0.0 -0.0 0.0 0.0 0.0 0.0 -0.0 -0.0 0.0 -0.0 0.0 -0.0 0.0 -0.0 -0.0 -0.0 -0.0 -0.0 -0.0 -0.0 0.0 -0.0 -0.0 0.0 0.0 -0.0 -0.0 -0.0 -0.0 0.0 0.0 -0.0 -0.0 -0.0 -0.0 -0.0
0.0 -0.0 -0.0 0.0 -0.0 0.0 -0.0 0.0 -0.0 -0.0 0.0 -0.0 -0.0 0.0 -0.0 -0.0 0.0 0.0 -0.0 -0.0 0.0 0.0 -0.0 0.0 -0.0 -0.0 0.0 -0.0 0.0 0.0 -0.0 0.0 -0.0 0.0 -0.0 -0.0 0.0 -0.0 -0.0 -0.0 0.0 -0.0 -0.0 0.0 0.0 -0.0 0.0 0.0 -0.0 -0.0 -0.0 -0.0 0.0 -0.0 -0.0 0.0 0.0 0.0 -0.0 -0.0 0.0 -0.0 0.0 -0.0
-0.06950604 -0.0 -0.0 0.0 -0.0 -0.0 -0.0 0.0 -0.0 0.0 0.0 -0.0 -0.0 0.40253454 -0.0 -0.0 -0.27922353 0.0 -0.45289776 0.0 0.0 -0.0 -0.0 -0.0 -0.12113487 -0.0 -0.0 -0.0 0.0 -0.0 -0.0 0.0 -0.15305263 -0.15839398 -0.0 0.0 0.0 -0.0 -0.0 0.0 0.0 -0.0 -0.13374722 0.17606609 -0.15856642 0.0 -0.52064824 0.0 0.0 0.0 0.0 0.0 -0.0 0.0 -0.0 0.0 -0.0 -0.0 0.15551287 -0.0 -0.0 -0.0 -0.0 -0.33567753
0.0 -0.0 0.0 -0.0 -0.0 -0.0 0.0 0.0 0.0 -0.0 -0.0 0.0 0.6336586 -0.42077294 -0.4059256 -0.0 0.0 -0.0 0.0 0.0 0.0 -0.0 -0.0 -0.0 0.0 -0.3832988 -0.0 0.0 -0.0 0.0 -0.0 -0.32021767 0.0 -0.0 -0.0 -0.27263686 1.3830081 -0.0 -0.0 0.0 -0.0 -0.0 -0.0 -0.0 -0.0 -0.0 0.0 0.0 0.0 -0.0 -0.0 0.0 0.5450133 -0.0 -0.0 -0.0 0.0 -0.0 0.0 -0.0 0.0 0.0 0.0 -0.0
0.0 0.0 0.0 -0.0 -0.0 0.0 -0.0 0.0 -0.0 -0.0 0.0 -0.0 0.0 -0.0 -0.0 0.0 0.0 -0.0 -0.0 0.0 0.0 0.0 0.0 -0.0 -0.0 0.0 0.0 0.0 -0.0 -0.0 0.0 -0.0 0.0 -0.0 -0.0 0.0 -0.0 -0.0 0.0 -0.0 -0.0 -0.0 0.0 -0.0 0.0 -0.0 0.0 0.0 -0.0 -0.0 -0.0 -0.0 -0.0 -0.0 0.0 0.0 -0.0 -0.0 0.0 -0.0 -0.0 -0.0 0.0 0.0
0.22745228 0.0 -0.0 -0.0 -0.0 -0.0 0.0 -0.0 0.0 -0.0 -0.0 -0.0 0.0 0.0 0.0 -0.20413014 -0.16227432 -0.38378933 0.0 -0.30778334 -0.15635897 -0.123579256 0.15849438 -0.25213888 -0.21686694 0.0 -0.0 0.0 -0.0 -0.0 -0.0 -0.0 -0.0 -0.12250933 -0.0 0.0 0.0 -0.14773063 0.0 -0.0 0.0 -0.1608123 0.19139445 0.15030102 -0.0 -0.0 0.0 -0.3533428 -0.0 0.0 0.0 -0.0 0.0 -0.0 -0.0 -0.0 -0.2005803 -0.27842295 -0.49752122 -0.21837626 -0.0 0.0 0.0 -0.0
0.0 -0.0 -0.0 0.0 0.13494289 -0.0 0.08938296 0.15673779 0.24386151 -0.0 0.094677046 0.0 -0.14263193 -0.0 0.0 0.0 0.0 0.0 0.0 -0.0 -0.0 -0.0 0.09097407 0.0 0.17955273 0.20037603 -0.0 0.0 -0.0 0.17189161 0.0 0.0 -0.0 0.0 0.0 -0.17311877 -0.0 0.10754137 -0.41949937 -0.0 -0.0 0.0 0.15851663 0.0 0.0 0.0 -0.16502403 0.0 0.0 -0.0 0.0 0.12970509 0.0 0.0 0.0 -0.0 0.13124937 0.0 -0.0 0.0 0.0 0.2461161 0.3499435 -0.0
0.0 -0.0 -0.0 -0.0 -0.0 0.0 -0.0 -0.0 -0.06433095 -0.0 0.0 -0.0 -0.16989423 -0.123755865 -0.0 -0.0 -0.0 0.0 -0.08697214 -0.0 0.109336466 0.07909989 -0.074235655 -0.0 -0.0 -0.0 0.0 -0.05942433 -0.0 0.0 0.0 -0.0 0.0 0.0 0.0 0.0 0.0 -0.0 -0.0 -0.0 0.0 -0.0 0.0 0.0 -0.0 -0.0 0.0 0.0 -0.0 -0.0 -0.0 0.0 -0.0 -0.0 -0.0 0.0 0.0 -0.0 0.0 -0.0 0.0 0.0 0.0 -0.068497926
0.08219599 0.0 -0.0 -0.1410332 -0.09264226 -0.070176125 0.09227247 0.07004901 -0.09232546 -0.0 0.13707499 -0.0 -0.0 0.20245887 -0.07425008 0.062376566 0.43665177 0.0 -0.07348565 -0.21551307 0.0 -0.0 0.060969368 0.0 -0.11242318 -0.0 -0.12602681 -0.098501876 0.0 -0.12682953 -0.29926997 -0.0 -0.38750064 -0.0 -0.0 0.0 -0.0 -0.0 -0.0 -0.062176675 0.119557224 -0.0 -0.13772649 -0.0 -0.0 -0.0 -0.14966038 0.09468472 0.0 -0.0 -0.0 0.0 0.0 -0.0 -0.047794543 -0.0 -0.07051422 -0.05910566 0.0 -0.099221684 0.0 0.0 0.0 -0.08547578
-0.0 -0.0 -0.0 -0.0 -0.094443396 -0.0 0.0 0.0 0.10786987 -0.0 0.0 0.0 -0.0 0.0 -0.0 0.0 -0.0 0.08428314 0.0 0.06281534 -0.0685382 0.07482098 0.0 0.044363834 0.0 0.0 -0.0 -0.0 -0.0 0.056050476 -0.0 0.028445512 0.0 -0.0 0.0 0.0 -0.0 -0.0 -0.0 0.0 -0.0 0.08575915 -0.0 0.0 -0.0 0.0 -0.06187112 0.07565744 -0.0 0.0 0.04960041 0.0 0.0 -0.0 0.0 -0.0 0.0 0.0 0.0 0.0 -0.0 0.1136017 0.0 -0.053082887
-0.096925244 -0.0 0.0 -0.10501199 -0.19579428 0.0 -0.11330065 -0.22513828 -0.18352225 0.0 -0.0 -0.11537081 0.09505782 0.0 -0.17685907 -0.0 0.0 -0.0 -0.077186316 0.0 0.17613886 -0.082726195 0.16911834 0.0 -0.0 0.0 0.0 0.0 -0.11053568 0.0 -0.0 0.1141261 0.0 -0.16701388 -0.12830271 0.0 -0.0 0.0 0.0 -0.0 -0.5564893 -0.0 -0.0 0.18143375 -0.0 0.121913195 0.28573126 0.35219634 -0.23781922 -0.2211337 -0.0 -0.0 0.0 -0.0 0.11822643 -0.0 0.0 0.15144713 -0.3481013 0.0 0.10109287 -0.1989953 -0.0 0.13404079
0.103096105 -0.0 -0.0 0.0 0.0 -0.0 0.0 -0.14446788 0.19316289 -0.0 -0.0 -0.11199183 -0.0 -0.0 0.0 -0.0 0.0 0.0 0.15021427 -0.0 -0.18437472 -0.0 0.0 -0.0 -0.0 -0.0 -0.0 -0.10322646 0.0 -0.16938268 0.0 -0.0 0.0 -0.0 -0.0 0.0 -0.0 0.0 0.0 -0.0 -0.0 -0.0 -0.059709877 0.0 -0.0 0.0 -0.18630478 0.0799784 -0.0 -0.0 0.098427676 -0.07471383 0.07554357 -0.0 -0.0 -0.0 0.0 0.0 0.0 -0.0 -0.0 0.101349905 0.0 0.09667091
0.0 0.0 -0.0 -0.0 0.0 -0.0 0.0 0.0 0.19382133 0.0 0.0 -0.12218959 0.0 0.19368224 0.0 -0.0 0.0 -0.0 0.08472071 0.0 -0.14692508 -0.0 0.093366906 0.0 0.0 0.0 -0.0 -0.0 0.0 0.0 -0.0 0.0 0.0 0.0 -0.0 -0.0 0.13814205 -0.0 0.0 0.0 -0.085202225 0.0 -0.13054089 -0.0 0.0 -0.0 -0.1061916 0.0 -0.0 0.0 0.096604005 -0.0 0.0 0.0 -0.0 0.0 0.0 0.0 -0.0 -0.0 -0.0 0.12616868 0.0 -0.0
-0.0 -0.20098114 -0.0 -0.4161151 -0.22989735 -0.0 0.0 -0.13618259 0.19876634 -0.2249026 0.0 -0.0 -0.1599002 -0.12606435 0.24014664 0.0 -0.0 -0.0 0.0 0.0 -0.25682837 0.0 -0.0 -0.20306416 -0.0 -0.0 -0.0 0.1748726 0.5121162 -0.0 -0.0 0.37425825 -0.0 -0.13067813 -0.18511039 -0.0 0.23612368 -0.0 -0.0 0.0 -0.0 0.16326442 0.0 0.0 -0.33241677 -0.49114466 -0.23956431 0.183103 0.0 0.0 0.18011077 0.0 0.15846853 0.0 -0.0 0.1535912 0.1648299 -0.1302339 -0.0 0.0 -0.0 0.23253763 0.0 -0.0
0.0 -0.0 0.0 0.11774373 0.0 0.15851085 0.0 -0.107954696 0.0 -0.0 0.0 0.0 -0.0 -0.0 -0.0 0.0 0.11165685 0.11662133 -0.0 0.0 0.0 0.1348718 -0.117576994 0.0 0.0 0.0 -0.0 0.0 0.0 -0.24213348 0.12057855 0.0 0.0 0.2521709 0.0 0.0 -0.0 0.1444562 -0.0 0.0 0.15571736 -0.0 0.0 0.1445488 -0.0 0.0 -0.0 0.15644534 0.0 -0.0 0.0 0.0 -0.0 0.0 0.121306546 -0.0 0.0 0.0 0.10270163 0.0 0.13188753 0.0 -0.0 -0.0
0.0 -0.0 0.0 0.0 -0.0 0.0 -0.0 0.15909393 -0.17028423 -0.0 -0.0 0.0 0.0 -0.06654221 -0.0 -0.0 -0.0 -0.055414263 -0.1849846 -0.0 0.23899624 -0.0 0.09796794 -0.0 0.0 0.0 0.0 0.0 0.0 -0.0 -0.0 0.0 0.0 -0.0 0.0 0.07933992 0.0 0.09247995 0.085926734 0.0 0.0 -0.0 0.0471551 0.0 -0.0 0.0 0.16280061 0.0 0.105822094 0.0 -0.05167335 0.0 -0.0 0.0 0.0 0.0 -0.051540256 0.04578385 0.0 -0.076277845 0.0 -0.14445312 -0.061680656 -0.0
-0.0 -0.20632607 -0.0 0.16622019 -0.0 0.0 -0.0 -0.24625838 -0.14040971 -0.20659703 0.0 0.0 0.0 -0.0 -0.0 0.0 0.0 0.0 -0.16885321 -0.0 0.21903747 -0.0 0.0 0.0 -0.0 0.0 -0.0 0.0 -0.57889295 -0.0 -0.0 -0.0 -0.0 0.17337361 0.25610963 -0.0 -0.0 0.0 -0.0 -0.1244632 0.22054571 0.0 0.0 -0.2019694 -0.0 0.35897762 0.2627421 -0.32249027 -0.20667326 -0.15554184 -0.09472612 -0.0 -0.0 -0.0 -0.3595648 -0.0 -0.32294703 0.0 -0.0 0.0 -0.0 -0.0 -0.0 0.0
0.0 0.0 0.0 -0.0 0.0 0.0 -0.0 -0.19824411 -0.0 0.0 -0.0 -0.0 -0.0 -0.26990074 -0.0 0.0 0.26036042 0.0 0.2999971 0.0 -0.0 -0.0 0.0 -0.0 -0.0 0.0 0.0 0.0 -0.0 -0.13437665 -0.0 -0.0 0.33820456 -0.0 0.0 0.14993428 0.0 -0.17902386 -0.0 0.0 0.0 0.0 0.180802 0.0 0.17191729 0.0 0.46609086 -0.0 -0.0 -0.0 -0.0 0.0 0.0 -0.0 0.0 -0.0 -0.0 0.0 -0.0 -0.0 0.0 -0.14327925 0.0 0.0
0.0 0.0 0.0 0.0 0.0 0.0 0.0 -0.0 0.21991217 -0.0 -0.0 -0.14879188 0.0 -0.0 0.0 -0.0 -0.0 -0.0 -0.0 -0.0 -0.113051146 -0.0 -0.0 -0.0 -0.0 -0.0 -0.15251571 0.0 0.0 0.0 -0.0 0.0 -0.0 -0.0 -0.0 -0.4016781 -0.0 -0.0 -0.17794952 0.0 0.18035138 0.0 0.2527676 -0.26330045 0.0 -0.0 -0.18657082 -0.0 0.23214981 0.0 0.0 -0.0 0.0 0.1776052 0.0 -0.0 -0.19963132 -0.32435396 -0.0 -0.28044903 0.0 0.13914183 0.14548007 0.0
0.0 0.0 0.0 0.0 0.0 0.0 0.09159993 0.0 0.15034209 0.0 0.0 -0.0 -0.0 0.090774305 -0.0 -0.0 -0.0 -0.0 -0.102663085 -0.0 -0.0 0.058787774 -0.067235306 -0.0 -0.0 -0.0 0.0 -0.0 0.0 0.0 0.0 0.0 -0.22875214 0.1811187 -0.0 -0.0 0.0 0.0 -0.082582995 -0.33324176 0.0 -0.0 -0.06432291 -0.11487124 -0.0 -0.0 -0.42543262 0.11968799 0.0 -0.0 -0.0 -0.0 0.0 0.0 -0.10223298 0.0 0.0 -0.065989435 -0.29982087 -0.15224224 0.0 0.0 0.0 -0.0
-0.204795 0.0 0.11859672 -0.2547824 -0.1267565 -0.0 -0.13759091 0.0 0.0 0.0 -0.0 0.43133217 -0.0 -0.0 0.0 -0.0 -0.0 -0.0 -0.115389474 0.0 0.32315633 0.0 0.0 0.0 -0.123387896 0.0 -0.0 0.0 -0.0 -0.0 -0.15426871 0.0 -0.0 0.0 0.0 -0.15384167 0.0 0.1047448 -0.0 -0.28966337 0.16910721 -0.0 0.18200709 -0.20573786 -0.0 -0.0 0.2778578 -0.19124031 -0.57230526 -0.27297106 -0.0 0.0 -0.0 0.0 -0.0 0.0 0.19605318 -0.0 -0.38626754 0.51945484 -0.0 -0.18550992 -0.0 0.0
0.0 0.48739764 0.0 0.0 0.0 -0.0 0.0 -0.1564331 -0.11937406 0.0 -0.0 0.0 0.47902378 -0.124949254 0.0 0.0 0.0 0.0 -0.124134496 0.10011391 0.0 0.11224439 0.0 -0.0 -0.0 -0.0 0.0 0.54855627 0.0 0.0 0.0 0.0 -0.0 0.0 0.10117809 -0.0 0.0 -0.0 0.0 -0.0 0.0 -0.08924172 0.0 0.0 -0.0 0.0 0.2595943 0.0 0.1559608 0.0 0.0 0.0 0.0 0.0 0.0 -0.0 -0.0 -0.0 0.0 -0.0 -0.14665873 -0.11397746 -0.0 -0.0
-0.0 -0.0 0.16038482 -0.40171653 0.0 0.0 0.0 -0.20100923 -0.21095122 0.0 0.0 -0.1538669 -0.0 -0.0 0.0 0.0 0.0 -0.0 -0.0 0.0 0.0 0.0 -0.0 -0.0 -0.0 0.0 -0.1231057 -0.0 -0.3165605 -0.13091315 -0.1967822 -0.10316019 -0.0 -0.27856266 0.0 -0.13342115 -0.0 -0.0 0.0 0.0 -0.8399928 -0.0 -0.0 0.41084537 0.0 0.17461152 0.14049357 0.0 -0.0 0.0 0.0 0.2472045 -0.0 0.0 0.23796019 0.0 0.13525517 -0.17165406 0.0 -0.0 -0.0 -0.20427729 -0.0 0.0
-0.0 -0.0 0.0 -0.121747814 0.0 0.0 0.0 -0.4891981 -0.0 0.0 -0.0 -0.07516202 0.0 0.1615198 -0.0 0.0 -0.0 -0.05675594 -0.15285604 -0.0 0.0 0.0 -0.0 0.0 -0.0 0.0 0.1227254 0.0 -0.0 0.12651563 0.0 0.0 -0.13440968 -0.5755914 -0.0 0.0 0.0 -0.06558329 0.0 0.34744114 -0.24981987 -0.0 -0.24888183 0.35047236 0.0 -0.14780504 -0.13469155 -0.3162268 -0.0 -0.18601039 0.0 0.13430797 -0.0 -0.0 -0.0 -0.0 -0.40304598 0.0 0.42454013 -0.0 -0.0 -0.0 0.0 -0.14341141
0.0 0.0 0.0 -0.0 0.0 0.0 -0.0 -0.36462814 0.14515896 0.0 0.0 -0.0 0.0 -0.0 0.0 -0.0 -0.0 -0.18229917 -0.0 0.0 -0.11879081 0.14815328 0.0 0.0 -0.123452306 -0.0 -0.0 0.1365127 -0.28775266 0.0 0.0 0.0 -0.0 -0.0 0.30352795 -0.0 0.2098715 -0.0 0.0 -0.0 -0.38220713 0.0 -0.0 0.0 -0.0 0.48032567 -0.33467367 -0.17837031 -0.0 -0.0 -0.4856203 0.0 0.0 -0.0 -0.3383641 -0.13767776 0.0 -0.0 -0.0 0.0 -0.0 0.44834957 0.0 -0.15913473
0.0 0.0 0.0 -0.0 0.0 0.0 0.0 -0.2964112 0.0 0.0 0.0 0.0 -0.0 -0.0 -0.0 -0.0 -0.15149711 -0.15104726 -0.0 -0.0 0.0 0.0 0.0 -0.0 0.0 0.0 -0.0 -0.0 0.0 0.0 -0.0 -0.0 -0.0 0.53306913 0.0 0.0 0.0 -0.0 -0.0 -0.5968979 0.23465897 -0.0 0.27333322 -0.45488125 -0.0 -0.0 0.0 0.25553507 0.13407162 0.0 0.0 -0.0 0.0 0.0 -0.0 -0.0 0.4826327 0.0 -0.85420823 -0.14705986 -0.17766175 -0.0 -0.0 -0.0
0.0 -0.0 -0.0 0.0 -0.0 0.0 -0.0 0.0 -0.0 0.0 0.0 -0.0 -0.0 0.0 -0.0 -0.0 0.0 0.0 -0.0 0.0 -0.0 0.0 0.0 -0.0 -0.0 -0.0 -0.0 -0.0 -0.0 0.0 -0.0 0.0 0.0 -0.0 -0.0 0.0 0.0 -0.0 -0.0 0.0 -0.0 -0.0 -0.0 0.0 0.0 -0.0 -0.0 -0.0 -0.0 -0.0 -0.0 0.0 -0.0 -0.0 -0.0 -0.0 -0.0 0.0 0.0 -0.0 -0.0 -0.0 -0.0 0.0
-0.0 0.0 -0.0 0.0 0.0 0.0 -0.0 -0.0 0.0 0.0 -0.0 0.0 0.0 -0.09709638 -0.0 0.0 -0.071289845 -0.0 0.0 -0.0 -0.0 0.0 -0.0 0.0 0.14712599 0.0 0.0 0.0 0.0 0.0 0.0 0.0 0.0 -0.0 -0.0 0.0 -0.0 0.0 0.0 0.0 0.0 0.0 0.0 0.0 0.0 -0.0 0.0 -0.0 -0.0 -0.0 0.0 -0.0 -0.0 0.0 0.0 -0.0 -0.0 0.0 0.0 0.0 0.0 0.0 -0.0 0.0
0.0 0.0 -0.0 0.0 0.0 0.0 0.0 -0.0 0.19016114 -0.0 -0.0 0.0 -0.0 -0.0 0.0 0.08044882 0.0 0.0 0.1067385 0.0 -0.0 -0.0 0.0 0.0 0.0 0.0 -0.0 -0.0816816 0.0 0.0 0.0 0.0 -0.0 0.0 -0.0 -0.0 0.0 0.112092964 0.0 -0.0 0.0 0.0 0.0 -0.0 0.0 -0.0 -0.273872 -0.0 0.0 -0.0 0.0 -0.0 0.0 0.0 -0.0 -0.0 0.0 0.0 0.0 0.07223308 0.06739375 0.17654984 -0.0 -0.0
0.3439301 0.244055 0.0 -0.2872801 0.60686237 -0.23567078 -0.0 0.0 -0.0 0.0 0.0 -0.0 0.6041906 -0.0 -0.25527912 -0.0 -0.0 0.0 -0.18595895 0.0 0.0 -0.0 -0.0 0.15595676 -0.0 -0.0 -0.5990545 -0.0 -0.0 -0.35040286 -0.23641707 -0.7277572 0.0 -0.0 0.2068248 0.0 -0.1964663 0.0 0.0 0.0 0.0 -0.37638372 0.0 -0.0 0.34151655 -0.0 0.30064744 -0.0 0.0 -0.0 -0.0 -0.0 -0.2624143 -0.0 0.0 0.0 0.0 -0.0 0.0 -0.0 -0.0 0.0 0.0 0.0
0.0 -0.0 -0.0 0.0 -0.0 0.0 -0.0 0.0 0.0 -0.0 0.0 0.0 -0.0 -0.0 -0.0 0.0 0.0 0.0 0.0 -0.0 -0.0 0.0 0.0 0.0 0.0 0.0 -0.0 -0.0 -0.0 0.0 -0.0 0.0 -0.0 0.0 -0.0 -0.0 -0.0 0.0 -0.0 -0.0 0.0 -0.0 0.0 -0.0 0.0 -0.0 0.0 -0.0 0.0 0.0 0.0 0.0 -0.0 0.0 -0.0 -0.0 0.0 0.0 -0.0 -0.0 0.0 -0.0 0.0 0.0
-0.06090096 0.0 -0.12659116 -0.0 0.0 -0.0 0.0 -0.0 0.19156335 -0.0 -0.0 0.0 -0.0 0.0 0.0 -0.0 -0.0 0.0 0.107047416 0.0 -0.09040001 0.08791541 0.09669307 0.0 0.07478308 0.0 -0.0 -0.0 0.0 -0.0 0.0 -0.0 -0.0 -0.0 -0.0 -0.0 0.0 0.0 -0.07521116 -0.0 0.0 0.0 0.0 -0.0 0.0 0.0 -0.17184219 -0.0 -0.0 0.114351615 0.07984466 -0.0 0.0 0.0 -0.08735673 0.0 0.0 -0.1562142 0.07485576 0.0 0.0 0.08627333 0.0 0.0
-0.0 -0.0 0.0 0.0 -0.0 0.0 -0.0 -0.0 0.09716582 0.0 0.0 -0.0 -0.0 -0.0 0.0 0.0 0.0 0.0 0.11791553 -0.0 -0.0 0.0 0.0810041 -0.0 0.21279214 0.0 -0.0 -0.0 0.0 0.0 -0.0 -0.0 0.0 0.0 0.0 0.0 0.0 0.0 0.0 -0.0 0.0 -0.0 -0.0 -0.0 0.0 0.0 -0.10686749 -0.0 0.07966225 0.0 -0.0 0.0 0.0 0.0 -0.0 -0.0 0.0 -0.0 -0.0 0.0 0.0 0.10034846 0.0 -0.11445382
-0.0 0.0 -0.0 -0.0 0.0 0.0 0.0 0.0 0.0 -0.0 -0.0 0.0 -0.0 -0.0 0.0 0.0 -0.0 -0.0 0.0 0.0 -0.0 -0.0 0.0 -0.0 -0.0 0.0 -0.0 -0.0 -0.0 0.0 -0.0 -0.0 0.0 0.0 0.0 -0.0 0.0 0.0 0.0 -0.0 -0.0 0.0 0.0 -0.0 0.0 -0.0 -0.0 -0.0 -0.0 -0.0 0.0 0.0 0.0 -0.0 -0.0 -0.0 -0.0 -0.0 -0.0 0.0 0.0 0.0 0.0 -0.0
0.0 -0.0 0.0 0.0 -0.0 -0.0 -0.0 0.0 -0.32941708 0.0 -0.0 -0.0 0.066982694 -0.0 -0.0 -0.0 0.0 0.0 -0.14378498 -0.0 0.19020392 -0.0 0.24830878 -0.09434213 0.3522736 0.0 0.0 0.0 -0.0 0.0 -0.0 0.0 -0.0 -0.0 -0.0 0.0 0.0 0.0 0.15287203 -0.0 0.0 -0.0 -0.3503796 -0.0 0.0 -0.0 0.15166244 -0.0 0.0 -0.073126346 -0.0 0.0 -0.0 -0.0 -0.0 0.0 -0.0 -0.0 -0.0 -0.13096488 0.1533729 -0.20412385 -0.081894614 -0.09734935
0.0 0.0 0.0 0.0 0.0 0.0 -0.111607976 0.0 0.10121815 0.0 0.0 0.0 -0.0 -0.0 0.0 -0.0 -0.0 -0.0 -0.0 0.0 -0.0 -0.0 -0.0 -0.0 -0.107464775 -0.0 0.0 -0.07369743 -0.0 0.0 0.0 -0.0 -0.0 -0.0 -0.0 0.0 0.0 0.0 0.0 0.0 0.0 0.0 0.0 0.0 -0.0 -0.0 -0.0 0.0 -0.0 0.0 0.0 0.0 -0.0 0.0 -0.0 0.0 0.0 -0.0 0.0 -0.10305175 0.13379629 0.0 0.14706312 0.0
-0.0 0.0 -0.0 -0.08482195 -0.0 -0.0 0.0 -0.0 0.1289703 0.0 0.0 -0.0 -0.0 0.0 0.0 -0.0 0.0 0.0 0.0 -0.0 -0.0 0.0 -0.0 0.09947098 -0.0 0.0 -0.0 -0.0 -0.0 -0.0 0.0 0.0 -0.0 -0.0 -0.0 0.0 0.0 -0.0 0.0 -0.0 0.0 -0.0 0.0 0.0 -0.0 -0.0 0.0 -0.0 -0.0 -0.0 0.0 -0.0 0.0 -0.0 -0.0 0.0 0.0 -0.0 0.10614808 0.0 -0.0 0.09055797 0.0 0.0
0.0 -0.0 -0.0 -0.0 0.0 -0.0 0.0 0.0 -0.19160667 -0.0 -0.0 0.0 0.0 0.0 0.0 0.0 -0.0 -0.0 -0.0 0.0 0.22746 -0.0 0.0 -0.0 0.21079585 0.0 0.0 0.0 0.0 -0.14188382 0.1418323 0.0 -0.0 -0.18199807 0.0 0.0 0.0 0.0 -0.1164228 -0.0 -0.0 -0.0 -0.0 -0.0 -0.0 -0.0 0.0 0.0 0.0 -0.0 -0.0 0.0 -0.0 0.0 0.0 0.0 -0.0 0.0 0.0 0.0 0.0 -0.0 0.0 0.0
-0.0 0.0 0.0 0.0 -0.0 0.0 -0.0 -0.0 -0.0 0.0 0.0 0.0 0.0 -0.0 -0.0 -0.0 0.0 -0.0 -0.0 0.0 0.0 0.0 0.0 -0.0 -0.0 0.0 0.0 0.0 0.0 0.0 0.0 -0.0 0.0 -0.0 -0.0 -0.0 -0.0 0.0 -0.0 0.0 -0.0 0.0 0.0 0.0 -0.0 0.0 0.26019865 -0.0 0.0 0.0 -0.0 -0.0 -0.0 0.0 0.0 -0.0 -0.0 -0.0 -0.0 -0.0 0.0 -0.0 0.0 0.0
-0.0 -0.0 0.0 0.0 -0.24873602 0.0 0.15959613 -0.0 0.0 0.0 0.0 0.14362578 -0.0 -0.0 -0.18683581 -0.0 0.0 -0.0 0.0 -0.1995145 -0.0 -0.0 0.0 0.0 -0.0 0.0 -0.0 0.24092881 0.0 0.9364689 -0.0 -0.0 0.0 0.0 0.18006702 -0.0 -0.0 0.0 0.0 0.0 -0.0 0.16225456 0.14059536 0.0 0.0 -0.0 0.0 -0.0 0.21918009 0.0 0.0 0.0 -0.0 0.0 0.0 -0.0 0.0 0.0 0.0 0.0 -0.0 -0.0 -0.0 0.0
-0.0 -0.0 0.0 -0.0 0.0 0.0 0.0 -0.0 -0.0 0.0 -0.0 -0.0 0.0 -0.0 0.0 0.0 -0.0 0.0 0.0 0.0 0.0 -0.0 0.0 0.0 0.0 0.0 -0.0 0.0 -0.0 -0.0 0.0 -0.0 0.0 -0.0 -0.0 -0.0 -0.0 0.0 0.0 -0.0 -0.0 0.0 -0.0 0.0 -0.0 0.0 0.0 0.0 -0.0 0.0 -0.0 -0.0 -0.0 0.0 0.0 0.0 0.0 0.0 -0.0 0.0 0.0 -0.0 -0.0 0.0
0.0 0.0 -0.0 -0.039182335 0.0 -0.0 0.0 0.0 0.07577063 -0.0 0.0 -0.0 -0.034462765 0.050109286 0.0 0.0 0.0 -0.0 0.06541168 0.0 0.0 0.0 0.0 0.0 -0.06726124 -0.0 -0.0 -0.0 -0.0 -0.0 -0.0 -0.0 -0.05247715 -0.06488014 0.0 0.0 0.0 0.0 0.0 0.0 -0.041688155 0.0 0.050057832 0.0 0.0 0.0 -0.06283177 0.0 0.0 -0.0 0.0 0.0 0.0 0.0 0.0 -0.0 0.0 -0.0 0.0 0.0 -0.0 0.04623179 -0.0 -0.0
-0.0 0.0 0.0 0.0 0.0 0.0 0.0 0.10217503 0.0 0.0 -0.0 -0.057256643 0.0 0.22168411 0.0 -0.057232205 -0.08528347 0.0 -0.28361443 0.07843947 0.14265071 -0.0 -0.19437523 0.0 -0.22921877 -0.072193235 0.062452283 0.0 0.08848963 -0.0 0.0 0.0 -0.09830282 -0.0 -0.0 -0.0 0.0 -0.0 -0.09634208 -0.0 0.0 -0.0 0.0 0.10756571 -0.0 0.0 -0.2495956 0.055488683 0.0 0.0 -0.0 -0.0 0.0 -0.0 0.0 -0.048447907 -0.15420401 0.0 0.11663299 0.0 -0.0 -0.13043612 -0.0 0.08875971
-0.0 0.0 -0.0 -0.0 0.16215621 0.095560886 0.17483012 0.0 0.26202792 0.0 0.0 0.13585299 -0.0 -0.0 0.0 -0.15319195 -0.0 0.0 0.15761484 -0.18905035 0.0 0.12267688 -0.14743145 0.0 -0.0 0.0 -0.0 -0.0 -0.0 0.0 -0.0 0.0 -0.0 -0.14525478 -0.0 -0.3426407 0.0 0.0 0.0 -0.0 0.0 0.0 0.12197553 0.0 0.0 0.0 -0.0 -0.0 -0.32429323 -0.0 0.0 0.24845509 0.0 0.29504475 -0.0 -0.0 0.0 -0.0 0.0 0.17731531 0.0 0.1498896 -0.16750205 0.119090214
-0.0 0.0 -0.0 -0.0 -0.0 -0.0 0.0 0.0 0.0 -0.0 0.0 -0.0 0.0 0.3412167 0.0 -0.0 -0.0 0.0 -0.0 0.0 -0.0 0.0 -0.0 0.0 -0.0 0.0 -0.0 -0.0 0.0 0.0 0.0 0.0 -0.0 -0.0 -0.0 -0.0 -0.0 0.0 -0.0 -0.0 -0.0 -0.0 0.0 -0.0 -0.0 -0.0 -0.0 0.0 -0.0 -0.0 0.0 0.0 0.0 -0.0 -0.0 0.0 0.0 -0.0 0.0 0.17275803 -0.0 0.16595854 -0.0 0.0
-0.0 -0.0 -0.0 -0.0 -0.0 -0.17526816 -0.0 0.13241918 0.0 -0.0 -0.23062813 0.0 -0.0 -0.0 -0.0 0.0 0.0 0.0 -0.0 -0.0 0.0 -0.0 0.0 0.0 -0.0 0.0 -0.0 -0.0 -0.0 -0.0 -0.0 0.0 -0.24573402 0.0 -0.0 -0.0 -0.0 0.0 0.0 0.0 0.0 -0.0 0.0 -0.0 -0.0 0.0 -0.0 0.0 0.0 -0.0 0.0 -0.0 0.0 0.0 0.0 0.0 -0.0 -0.0 -0.0 0.0 0.0 0.0 -0.0 -0.0
-0.22514552 0.0 -0.34086683 -0.110735424 0.16791934 -0.0 0.17528535 0.0 -0.18411127 0.0 -0.0 0.0 0.14912318 0.0 0.0 -0.29999623 -0.0 0.17782368 0.0 -0.22645772 0.0 0.0 -0.0 0.24437195 0.0 0.0 0.0 -0.0 0.0 -0.30109587 0.0 0.16808546 -0.0 -0.12068347 -0.0 -0.33604628 -0.0 -0.0 -0.0 -0.0 0.18954748 -0.0 0.0 0.0 -0.0 0.0 0.08369088 -0.0 -0.0 0.11509421 0.0 -0.2130756 0.0 0.10250922 -0.0 -0.0 0.19297336 -0.0 0.0 0.19261499 0.121666305 -0.31108376 -0.0 0.32799903
0.29558402 -0.38367453 -0.0 -0.0 -0.7657574 -0.17633234 0.43669793 0.0 -0.35397905 -0.6165475 0.0 -0.0 -0.19383475 0.0 0.6884489 0.0 -0.0 0.0 -0.0 0.16184238 0.15024714 -0.14172377 0.0 -0.34142908 0.0 -0.0 -0.36811304 0.38900432 0.0 -0.5200111 -0.0 0.34030655 -0.0 0.0 0.0 0.0 -0.0 -0.0 -0.0 -0.0 0.0 -0.0 0.0 0.0 -0.2614674 -0.0 0.23091544 0.0 -0.0 -0.0 -0.16446956 -0.0 0.6939696 -0.0 -0.0 0.29962528 -0.0 0.0 0.0 0.0 -0.12654896 -0.48485243 -0.0 -0.0
0.0 -0.0 0.0 0.0 0.0 0.0 0.0 -0.0 -0.23439854 -0.0 0.0 0.0 0.0 -0.0 -0.0 0.053988118 0.0 0.0 -0.14564718 -0.0 0.14040104 0.0 -0.092279315 -0.0 0.1524364 0.06559138 0.043270867 0.0 -0.0 0.24551019 0.0 0.0 0.0 -0.0 0.0 0.0 0.050780665 0.0 -0.0 -0.0 0.0 -0.056279823 -0.098583974 0.0 0.046058387 0.0 0.21160017 0.0 -0.0 0.0 -0.07465467 -0.0 -0.052939847 0.07720012 0.0 0.0 -0.0 -0.0 0.0 -0.07675176 0.09952478 -0.1549772 0.0 0.0
-0.0 0.0 0.0 -0.0 0.0 0.0 -0.0 0.0 0.0 -0.0 0.0 0.0 -0.0 0.0 0.0 0.0 0.0 0.0 -0.0 0.0 0.0 0.0 0.0 0.0 0.0 0.0 0.0 0.0 -0.0 0.0 -0.0 0.0 0.0 0.0 0.0 -0.0 0.0 0.0 0.0 0.0 -0.0 0.0 -0.0 0.0 -0.0 0.0 -0.23317169 0.0 0.0 -0.0 0.0 0.0 0.0 0.0 0.0 0.0 0.0 0.0 0.0 0.0 0.0 0.0 -0.0 -0.0
0.0 -0.0 -0.0 -0.0 0.0 0.0 0.0 -0.14367063 0.0 0.0 -0.0 -0.0 0.0 0.0 0.0 -0.0 -0.0 -0.0 -0.0 0.0 0.0 -0.0 0.0 -0.0 -0.0 -0.0 -0.0 -0.0 0.0 -0.0 0.0 -0.0 -0.0 0.0 -0.12019741 -0.0 0.0 0.0 -0.0 -0.0 -0.0 -0.0 0.0 -0.0 -0.0 0.0 -0.0 -0.0 -0.0 -0.0 0.0 -0.0 0.0 -0.0 0.0 -0.0 0.0 -0.0 -0.0 -0.0 -0.0 0.0 -0.0 -0.0
-0.0 0.0 -0.081262924 -0.0 0.0 0.0 0.0 0.077684365 0.27866164 0.0 0.12957217 0.0 -0.0 0.0 0.0 0.0 0.0 0.0 0.12420346 -0.0 -0.14347051 -0.0 -0.0 0.07521202 0.0 0.0 -0.0 -0.0 -0.0 0.09057856 0.0 0.0 -0.0 0.0 -0.0 0.0 0.0 0.0 0.0 -0.0 -0.0 0.0 -0.100885704 0.0 0.0 -0.0 -0.31125498 -0.0 -0.07136889 -0.0 0.059044898 0.0 0.0 0.0 -0.06272555 -0.0 0.0 -0.0 -0.0 0.0 0.0 0.23423928 -0.0 -0.06545687
0.0 -0.0 -0.0 0.0 0.0 0.0 0.0 -0.0 0.11043623 0.0 -0.0 -0.0 -0.0 -0.0 -0.0 -0.0 -0.0 0.0 0.0 -0.0 -0.27879748 -0.0 -0.0 0.0 0.16947028 0.0 -0.0 0.0 0.0 0.0 0.0 -0.0 0.0 0.0 0.0 0.0 -0.0 -0.0 -0.08253732 0.0 -0.0 0.0 -0.0 0.0 -0.0 0.0 -0.08277862 -0.0 0.0 0.1588902 0.0 0.0 -0.0 -0.0 -0.0 -0.0 0.0 0.11976458 0.0 0.124936245 -0.0 0.11813478 0.0 -0.0
0.0 -0.0 0.0 0.0 0.0 0.15793517 0.0 0.0 0.19510882 0.0 0.0 0.0 -0.0 0.0 0.0 0.0 0.0 0.0 -0.15849602 -0.0 -0.15085682 -0.0 -0.22478393 0.0 -0.0 -0.0 -0.0 -0.0 -0.0 -0.0 0.0 0.0 -0.0 -0.0 -0.0 0.0 -0.0 0.18151362 0.23009379 0.16346583 -0.0 -0.0 0.0 0.0 -0.0 0.0 -0.29808435 0.0 0.30025116 -0.0 0.0 -0.0 0.0 0.0 -0.0 0.0 -0.0 0.0 0.0 -0.0 0.0 0.0 -0.20093001 -0.0
-0.096333 0.0 -0.10176774 -0.0 -0.0 -0.0 0.0 0.0 0.21975526 0.0 -0.0 -0.0 -0.0 0.17576793 0.0 -0.061254572 0.0 -0.0 0.22248653 -0.0 -0.20419946 0.0 0.093371704 -0.0 -0.3103394 -0.09041121 -0.0 -0.0 -0.0 0.0 -0.0 -0.0 0.0 -0.0 0.0 0.0 0.11831999 -0.15183371 0.14353327 -0.0 0.0 0.0 0.0 0.0 0.0 -0.0 -0.2296695 0.0 -0.0 -0.0 0.0 0.0 0.0 -0.0 -0.06327293 -0.0 0.0897991 -0.09167781 -0.0 -0.0 -0.0 0.2694967 0.0 -0.1329771
0.0 -0.0 -0.21410806 0.116730824 -0.0 0.0 0.0 -0.22448915 0.0 -0.07979798 0.0 -0.0 0.0 0.0 0.0 -0.0 -0.19433509 -0.0 0.29263735 -0.0 -0.0 0.0 0.0 -0.15806676 -0.0 -0.0 -0.0 -0.0 -0.0 -0.27122763 0.0 -0.0 -0.27725387 0.0 -0.0 -0.0 -0.0 0.0 0.0 0.0 -0.0 -0.0 0.0 0.0 -0.0 -0.0 -0.28740868 0.0 -0.0 -0.214065 0.0 -0.19114496 0.0 -0.0 0.0 -0.0 -0.0 0.0 -0.19783148 -0.0 0.0 0.13816766 0.0 -0.0
-0.0 0.0 -0.0 0.0 0.0 0.0 -0.0 0.0 -0.0 -0.0 0.0 0.0 -0.0 0.0 -0.0 -0.0 -0.0 0.0 -0.0 -0.0 0.0 -0.0 0.0 0.0 0.0 0.0 -0.0 0.0 0.0 -0.0 0.0 0.0 0.0 -0.0 -0.0 -0.0 0.0 0.0 -0.0 -0.0 0.0 -0.0 -0.0 0.0 0.0 0.0 0.0 0.0 -0.0 -0.0 -0.0 -0.0 -0.0 0.0 0.0 -0.0 -0.0 -0.0 0.0 0.0 0.0 -0.0 0.0 0.0
0.0 0.0 -0.0 -0.0 0.0 0.0 0.0 0.0 0.0 -0.0 0.0 0.0 -0.0 0.0 0.0 -0.0 -0.0 -0.0 0.0 -0.0 -0.0 0.0 -0.0 0.0 -0.0 0.0 -0.0 -0.0 0.0 0.0 0.0 0.0 0.0 0.0 -0.0 -0.0 -0.0 -0.0 -0.0 -0.0 0.0 0.0 -0.0 0.0 -0.0 -0.0 -0.0 -0.0 -0.0 0.0 0.0 0.0 -0.0 0.0 -0.0 -0.0 -0.0 -0.0 0.0 0.0 0.0 0.0 -0.0 0.0
0.0 -0.0 0.0 0.0 -0.0 0.0 0.0 0.0 -0.29597276 0.0 0.0 0.0 0.09253621 0.0 -0.099056676 -0.0 -0.0 0.0 -0.14792734 -0.0 -0.0 -0.0 -0.18530662 -0.0 -0.0 -0.0 0.0 0.0 0.0 0.0 0.08518737 0.0 0.0 -0.0 0.0 0.0 -0.0 -0.16817614 -0.109872356 -0.0 0.0 -0.0 -0.18857783 0.0 -0.0 -0.0 0.2186129 0.0 -0.11435226 -0.0 -0.0 0.0 -0.0 -0.0 -0.0 0.0 -0.0 -0.0 0.0 -0.1551641 -0.0 -0.24418035 0.0 0.0
-0.14253087 0.0 -0.0 -0.0 -0.0 0.0 0.0 0.0 0.17202428 0.0 0.0 0.0 -0.0 0.0 -0.0 0.0 -0.0 -0.0 0.0 -0.0 -0.0 -0.213962 0.0 -0.0 0.51849407 0.0 -0.0 0.0 -0.0 0.21860904 -0.0 -0.0 -0.0 0.0 0.0 -0.0 0.0 0.0 -0.0 0.0 0.0 -0.0 -0.27286178 0.0 0.0 -0.0 -0.27306852 -0.0 0.0 -0.0 0.0 0.0 -0.0 0.0 -0.0 -0.0 -0.0 -0.0 0.0 0.0 0.0 0.0 0.0 -0.15370457
0.0 -0.0 0.0 0.0 -0.0 0.0 -0.0 -0.0 -0.0 0.0 0.0 -0.0 -0.0 0.0 0.0 0.0 -0.0 -0.0 -0.0 -0.0 0.0 0.0 -0.0 -0.0 -0.0 -0.0 0.0 0.0 0.0 -0.0 -0.0 0.0 -0.0 -0.0 -0.0 0.0 0.0 0.0 -0.0 0.0 0.0 -0.0 0.0 0.0 0.0 0.0 -0.0 -0.0 -0.0 -0.0 0.0 0.0 0.0 -0.0 -0.0 -0.0 -0.0 -0.0 0.0 -0.0 -0.0 -0.0 -0.0 -0.0
-0.10486026 0.0 -0.0 -0.0 -0.0 -0.0 0.0 0.0 -0.21200348 0.0 -0.0 -0.0 0.0 0.09830432 -0.0 -0.0 -0.0 -0.0 -0.0 -0.0 0.12740965 -0.116475865 0.32853925 0.0 0.0 -0.0 -0.0 0.0 0.0 -0.1346327 -0.0 -0.0 0.0 -0.0 -0.0 -0.13010325 -0.0 -0.0 0.22587867 0.0 0.0 -0.0 -0.23617302 -0.0 0.0 0.0 0.09459351 -0.09754788 -0.14304477 -0.0 -0.0 -0.16127142 0.0 -0.0 0.0 -0.0 -0.0 -0.19809774 -0.0 -0.1092203 -0.0 -0.125054 -0.0 -0.15397596
-0.07681182 -0.0 0.0 -0.25763705 0.0 -0.0 -0.0 -0.17480817 -0.23813011 0.0 -0.0 -0.0 0.0 0.12214023 -0.0 0.0 -0.0 -0.0 -0.21683829 0.0 0.23828353 -0.0 -0.1556191 -0.0 -0.1454682 0.0 -0.0 0.0 -0.0 -0.0 0.0 -0.0 -0.0 -0.0 -0.0 -0.0 0.0 -0.0 -0.0 0.0 -0.16945308 -0.0 0.099314675 0.0 0.0 0.20683154 0.0 0.0 -0.0 0.5364012 -0.0 0.0 0.0 0.108162545 0.0 -0.0 0.0 -0.1176885 -0.25266656 -0.0 0.16491288 -0.24138692 -0.0 0.17286631
-0.0 -0.0 0.0 -0.0 -0.0 -0.0 -0.0 0.0 -0.0 -0.0 -0.0 0.0 0.0 -0.0 0.0 0.0 -0.0 -0.0 -0.0 0.0 0.0 -0.0 0.0 -0.0 0.0 0.0 -0.0 0.0 -0.0 0.0 0.0 0.0 0.0 -0.0 0.0 -0.0 0.0 0.0 0.0 0.0 -0.0 -0.0 0.0 0.0 -0.0 0.0 0.0 0.0 0.0 -0.0 0.0 -0.0 0.0 0.0 0.0 0.0 -0.0 0.0 0.0 -0.0 0.0 -0.0 0.0 0.0
-0.0 -0.0 -0.0 0.0 0.0 -0.0 -0.1433061 -0.12170576 0.0 -0.0 -0.0 -0.0 -0.11580028 -0.2757429 0.0 0.0 -0.0 0.0 -0.0 0.0 -0.0 -0.0 -0.21541323 0.0 -0.0 0.0 -0.0 -0.1599869 -0.0 -0.19184957 -0.0 -0.0 -0.1685797 -0.0 0.0 -0.0 0.0 0.0 -0.14064708 -0.0 0.0 -0.0 0.1780764 0.0 -0.0 0.0 -0.17229621 -0.0 -0.0 0.0 -0.0 -0.094094545 0.0 0.0 0.0 -0.0 0.0 0.0 0.0 -0.0 0.37128305 0.23553571 0.0 -0.0
0.0 0.0 0.0 -0.0 0.0 -0.0 -0.0 0.0 -0.0 0.0 0.0 -0.0 0.0 0.0 -0.0 0.0 0.0 -0.0 -0.0 0.0 0.0 0.0 -0.0 -0.0 -0.0 0.0 0.0 -0.0 -0.0 -0.0 0.0 -0.0 0.0 -0.0 -0.0 0.0 -0.0 -0.0 -0.0 -0.0 -0.0 0.0 0.0 -0.0 0.0 -0.0 0.0 -0.0 -0.0 -0.0 -0.0 -0.0 -0.0 -0.0 0.0 0.0 -0.0 -0.0 0.0 -0.0 -0.0 -0.0 0.0 0.0
0.0 -0.0 -0.0 0.0 0.0 -0.0 -0.0 -0.0 -0.0 -0.0 -0.0 -0.0 0.0 -0.0 -0.0 0.0 0.0 0.0 -0.0 -0.0 -0.0 -0.0 0.0 -0.0 0.0 -0.0 -0.0 -0.0 0.0 -0.0 -0.0 -0.0 -0.0 0.0 -0.0 0.0 -0.0 -0.0 0.0 0.0 0.0 -0.0 0.0 0.0 0.0 -0.0 0.0 -0.0 0.0 0.0 0.0 -0.0 -0.0 -0.0 0.0 -0.0 0.0 0.0 0.0 -0.43902302 -0.0 0.0 0.0 -0.0
-0.0 0.0 -0.0 0.0 -0.17309949 -0.0 0.0 -0.0 -0.0 -0.0 0.0 -0.0 0.0 0.18254419 0.0 -0.0 -0.0 0.0 -0.17351808 0.0 0.2258042 0.0 -0.0 -0.0 0.0 -0.0 -0.0 0.0 0.2042589 -0.0 0.0 -0.0 0.0 -0.0 -0.0 -0.0 0.0 0.0 0.0 -0.0 0.0 -0.0 -0.0 0.0 -0.0 -0.2850492 -0.0 -0.20175305 -0.0 -0.0 0.0 0.0 -0.0 -0.0 0.19674167 0.0 -0.0 -0.0 0.0 -0.0 0.0 -0.0 -0.0 -0.0
-0.35362422 -0.0 0.16105331 -0.15044683 -0.13458833 0.18470554 -0.19295642 0.0 0.24734816 0.0 -0.0 -0.0 -0.0 0.0 0.0 0.0 -0.0 -0.28184748 -0.0 -0.13681881 -0.19258046 -0.21693784 -0.0 0.0 -0.0 0.0 0.14753602 0.0 -0.11049319 -0.16569817 0.13188167 0.12754905 -0.0 -0.0 -0.0 -0.0 0.0 0.0 -0.0 0.10427996 -0.31814075 -0.0 0.0 -0.0 -0.0 0.0 -0.20050931 0.10676734 0.0878754 0.0 0.0 -0.1228717 0.0 0.0 0.08469098 -0.0 -0.0 -0.15643977 -0.0 -0.21382332 0.0 0.0 0.21038601 0.0
-0.0 0.0 0.0 -0.0 -0.0 0.0 0.0 -0.0 0.0 0.0 0.0 0.0 -0.0 0.0 0.0 0.0 -0.0 -0.0 -0.0 -0.0 0.0 -0.0 -0.0 -0.0 -0.0 0.0 0.0 0.0 -0.0 -0.0 -0.0 -0.0 -0.0 0.0 -0.0 -0.0 0.0 0.0 -0.0 -0.0 0.0 -0.0 0.2584419 -0.0 -0.0 -0.0 0.0 -0.0 -0.0 -0.0 -0.0 -0.0 0.0 -0.0 -0.0 -0.0 -0.0 -0.0 -0.0 0.0 0.0 -0.0 -0.0 0.0
-0.30929032 -0.0 0.22938906 0.17407271 -0.33018184 0.406514 -0.5065595 0.11161603 0.49117458 0.0 0.0 0.0 -0.0 0.0 -0.23228875 0.18183123 0.0 -0.15570027 0.109843306 -0.49753293 -0.20485865 -0.21266861 -0.0 0.45950845 0.0 0.0 0.32498083 0.0 -0.0 -0.13872842 0.0 0.30043656 -0.0 -0.0 -0.0 -0.0 -0.0 0.0 0.0 -0.0 -0.0 -0.3933346 -0.12103404 0.0 0.0 0.0 -0.25766617 -0.0 -0.0 0.0 0.05798164 -0.0 -0.0 -0.0 -0.0 -0.0 0.0 0.0 0.0 -0.0 0.15147735 0.24321258 0.0 -0.0
0.0 -0.0 0.0 0.0 -0.0 0.05638176 -0.0 -0.0 -0.17489368 -0.0 0.0 -0.0 0.0 0.0 -0.06572461 0.0 0.0 0.0 -0.16245177 -0.0 0.093030035 0.0 -0.062276438 0.0 0.0 -0.0 0.0 -0.0 0.0 -0.0 -0.0 -0.0 -0.0 0.0 0.0 0.0 -0.0 -0.0 0.08402134 -0.0 0.0 -0.0 -0.0 0.0 -0.0 0.0 0.1513679 -0.0 0.0 0.0 -0.0 -0.0 -0.0 0.0 -0.0 -0.0 -0.0 0.0 -0.0 -0.0 0.0 -0.17702998 -0.07211779 0.0
-0.0 0.0 0.0 0.0 -0.0 -0.0 0.0 -0.0 -0.20275086 0.06685967 0.0 0.0 0.0 0.13511936 -0.0 0.0 -0.0 0.0 -0.0 0.0 0.07556634 0.048300732 0.0 -0.0 0.0 -0.0 0.06300405 0.0 -0.0 0.0 0.0 -0.0 -0.0 -0.0 0.0 0.0 0.0 -0.0 0.0 -0.0 0.0 0.0 -0.12005412 -0.0 0.0 -0.0 0.124761485 0.0 0.07063221 0.0 -0.0 0.0 -0.06937925 -0.0 0.0 0.0 -0.0 -0.0 0.0 -0.0 -0.065666944 -0.10996756 -0.0 -0.0
-0.0 0.0 0.0 -0.0 0.0 -0.0 0.0 -0.0 0.0 -0.0 -0.0 -0.0 0.0 -0.0 0.0 0.0 -0.0 -0.0 0.0 0.0 -0.0 -0.0 -0.0 0.0 -0.0 0.0 -0.0 -0.0 -0.0 0.0 -0.0 -0.0 -0.0 -0.0 -0.0 -0.0 0.0 -0.0 0.0 -0.0 -0.0 0.0 -0.0 -0.0 -0.0 -0.0 -0.0 -0.0 -0.0 0.0 0.0 -0.0 0.0 -0.0 -0.0 0.0 0.0 -0.0 -0.0 0.0 -0.0 0.0 0.0 -0.0
0.0 -0.0 0.0 0.0 -0.0 0.0 0.0 0.0 -0.091930754 0.0 0.0 0.0 0.0 0.0 -0.0 -0.0 0.0 0.0 -0.061713643 -0.0 0.062634744 0.0 0.0 -0.0 -0.0 -0.0 0.0 0.0 0.04322805 0.0 -0.0 -0.0 0.0 -0.0 0.0 -0.0 0.0 -0.0 -0.0 -0.0 -0.0 -0.0 -0.0 -0.0 0.0 -0.0 0.10096164 0.0 0.0 -0.0 -0.0 0.0 -0.0 -0.0 0.0 -0.0 -0.0 0.0 -0.0 -0.029432544 -0.048548102 -0.10420253 0.0 -0.0
0.0 0.0 -0.0 0.0 -0.0 0.0 -0.0 -0.15874575 0.1456288 0.0 -0.0 -0.0 -0.0 0.0 -0.0 -0.17170525 -0.0 0.1559795 0.19056003 -0.0 -0.0 0.11467818 -0.0 0.0 -0.13811976 -0.0 -0.0 -0.0 -0.0 -0.19180237 0.0 0.0 0.0 0.0 -0.0 0.0 0.0 -0.0 -0.0 0.0 0.0 -0.0 0.0 0.0 -0.123406686 0.0 -0.0 0.11897112 -0.0 -0.0 -0.0 0.0 -0.0 -0.0 -0.0 0.0 0.0 -0.0 0.0 0.0 -0.0 0.0 0.18163016 -0.0
0.13350376 0.0 -0.0 0.12589112 0.0 0.0 0.0 0.13954882 0.1962583 0.0 0.0 0.0 -0.0 -0.0 0.0 -0.0 0.0 0.0 0.19608311 0.0 -0.0 0.0 -0.2614165 0.0 -0.124385156 -0.0 0.0 -0.0 -0.0 0.10579046 0.09603402 0.0 0.09112141 0.0 0.0 0.0 -0.0 -0.0 -0.27119347 0.15563704 0.0 0.104982994 -0.0 0.11279496 -0.0 0.0 -0.17840965 0.0 0.0 -0.0 0.0 0.0 0.0 -0.0 -0.0 0.0 0.2197659 0.0 0.0 0.0 0.105255544 0.21331997 0.0 -0.20509326
-0.0 -0.38387954 -0.11421611 -0.0 0.11794965 0.0 0.0 0.0 0.5414834 0.0 -0.0 -0.12700547 -0.47861978 0.4011005 0.0 -0.0 -0.0 -0.0 0.35065755 -0.0 -0.18665127 -0.0 -0.18427786 0.0 0.0 -0.0 -0.0 -0.26743352 0.0 -0.11614631 0.0 -0.0 -0.0 0.0 -0.1502545 -0.0 0.0 -0.0 -0.0 0.0 0.0 0.0 0.19941157 0.0 0.0 -0.0 -0.0 -0.0 -0.0 -0.0 0.0 -0.0 -0.0 -0.0 0.0 0.0 0.0 0.0 -0.0 0.0 0.21765451 -0.34362882 -0.0 0.0
0.16065082 0.32191733 0.32916665 0.24113943 -0.20901269 -0.0 -0.24835439 -0.0 -0.27414057 -0.0 -0.0 -0.0 -0.0 0.0 0.0 -0.0 -0.0 -0.0 -0.26326624 0.0 -0.0 -0.20504622 0.0 -0.0 -0.0 -0.0 -0.18719466 0.0 -0.0 -0.0 -0.0 -0.17802402 -0.0 -0.0 -0.2666086 -0.0 0.20547435 0.0 0.24147505 0.0 -0.29826942 -0.0 -0.0 -0.0 -0.0 -0.0 0.0 -0.0 0.41851842 -0.0 0.0 0.0 -0.0 -0.0 -0.0 0.31136167 -0.0 0.0 0.0 -0.0 -0.12776725 0.21419968 0.23955172 -0.27099875
-0.0 -0.0 -0.0 -0.0 0.0 0.0 -0.0 0.0 0.31196085 -0.0 -0.0 -0.0 -0.096504375 0.12563862 0.0 -0.10318653 0.0 -0.0 0.0 0.0 -0.0 0.0 0.0 0.0 -0.22880206 -0.0 -0.0 -0.0 0.0 -0.0 -0.0 0.0 -0.0 0.0 -0.0 0.0 0.0 -0.0 0.0 0.0 0.0 0.0 0.23944661 -0.0 0.0 0.0 -0.26450658 -0.064770065 0.09078799 0.0 0.031893417 0.0619792 0.0 0.0 0.0 0.0 0.0 -0.0 0.0 0.06942359 -0.0 0.2080044 0.086039886 -0.047308344
-0.0 0.0 0.0 -0.0 0.093484014 0.0643593 0.08629167 -0.45382756 -0.2023585 0.0 0.13644624 -0.11276896 -0.0 0.24002399 -0.0 0.14345343 -0.116797045 -0.0 -0.3521211 0.20380838 0.30285174 0.09208608 -0.0 0.0 -0.14741677 0.0 0.0 -0.15396117 -0.1561719 0.3039742 0.24932851 0.08996339 -0.08532931 -0.1566133 -0.15923826 0.0 0.17207251 0.0 -0.0 -0.25841114 -0.1274986 -0.07936723 -0.23724103 -0.15671995 0.13900262 -0.0 -0.102047704 0.0 -0.0 -0.0 -0.0 0.07250588 0.0 0.0 -0.0 -0.0 -0.15791923 -0.0 -0.0 -0.22101466 0.0 -0.0 -0.0 -0.0
-0.0 0.0 0.0 0.28033876 -0.0 0.0 -0.08216843 -0.0 0.13020293 -0.0 0.0 -0.0 0.0 0.0 0.0 0.0 -0.0 0.0 -0.0 -0.0 -0.0 -0.0 -0.23098841 0.0 -0.0 -0.0 0.0 -0.0 0.0 -0.0 0.0 0.0 0.0 0.0 -0.0 0.0 0.0 0.0 0.19155668 -0.0 0.0 0.0 0.0 -0.0 -0.0 -0.0 -0.22358008 0.0 0.0 -0.0 0.13958928 0.0 0.0 0.0 0.0 -0.0 0.13777183 0.0 0.09950414 -0.0 0.0 0.0 -0.18812278 -0.0
0.0 0.12723555 -0.0 -0.0 -0.0 -0.0 0.0 -0.0 0.27948645 0.0 -0.0 -0.17006153 0.20003629 -0.12416578 -0.0 0.0 0.0 -0.19715981 0.0 -0.0 -0.1265076 0.0 -0.0 0.0 0.0 0.0 -0.0 0.0 -0.44584045 0.0 0.0 -0.17003511 -0.0 0.0 0.3861255 -0.0 -0.0 -0.0 -0.0 0.15275165 -0.0 0.0 0.0 -0.0 0.21570352 0.2659829 -0.1454148 -0.16421619 0.22051886 0.3211265 -0.18095282 0.0 -0.0 0.19237608 -0.0 0.0 0.0 -0.0 0.0 -0.1255974 -0.108237766 0.23044556 0.0 0.0
-0.0 0.0 -0.0 -0.0 0.0 -0.0 0.0 -0.0 0.0 -0.0 -0.0 0.0 -0.0 0.0 0.0 -0.0 -0.0 -0.0 0.0 0.0 -0.0 -0.0 0.0 -0.0 -0.0 0.0 -0.0 -0.0 -0.0 0.0 -0.0 -0.0 -0.0 0.0 -0.0 0.0 -0.0 0.0 0.0 -0.0 0.0 0.0 0.0 -0.0 0.0 0.0 -0.0 -0.0 0.0 -0.0 0.0 -0.0 0.0 0.0 -0.0 -0.0 0.0 -0.0 0.0 0.0 -0.0 0.0 -0.0 0.0
0.0 0.0 0.0 -0.0 0.0 0.0 0.067476645 -0.0 0.19900128 -0.0 0.0 0.0 -0.0 0.0 0.07059618 -0.0 0.0 0.0 0.068361156 -0.0 -0.14240368 -0.0 -0.0 0.0 -0.0 -0.0 -0.0 -0.0 -0.0 0.0 0.0 0.0 -0.0 -0.0 -0.0 0.0 0.0 0.0 -0.0 -0.063108906 0.0 0.0 -0.0 0.0 0.0 -0.0 -0.23004082 0.06304336 -0.0 -0.0 0.0 0.0 0.0 -0.0 -0.0 -0.0 -0.0 -0.0 0.0 0.07293359 0.0 0.1386733 0.065776095 0.07283843
-0.0 0.0 -0.65393853 0.0 0.0 -0.0 0.0 0.0 -0.0 -0.0 0.0 -0.0 0.0 -0.0 -0.0 -0.0 0.0 0.0 -0.0 -0.0 0.0 -0.0 -0.0 0.0 -0.0 -0.0 0.0 0.0 0.0 0.0 -0.0 0.0 -0.0 -0.0 -0.0 0.41038167 -0.0 -0.0 -0.0 0.0 0.0 -0.0 0.0 0.0 0.0 0.0 0.0 0.0 -0.0 0.0 -0.0 0.0 -0.0 -0.0 -0.0 0.0 -0.0 0.0 0.0 0.0 -0.0 0.0 -0.0 0.0
0.0 -0.0 -0.0 -0.0 0.0 -0.0 0.0 0.16921598 0.12898092 0.0 -0.0 0.0 -0.0 -0.0 0.0 0.0 -0.0 0.0 0.0 0.0 0.0 0.0 0.061372396 0.0 0.0 0.0 -0.0 -0.0 0.0807945 -0.0 0.0 -0.0 -0.0 -0.0 0.0 0.0 -0.0 0.07358933 0.08185996 -0.0 0.0 0.0 0.0 0.0 0.0 0.0 -0.2602972 0.0 0.0 0.07119519 0.0 0.0 0.0 0.0 0.0 -0.074827604 0.05965863 -0.0 0.0 -0.0 0.0 0.10959524 -0.0 -0.075691044
0.0 0.058969896 -0.0 0.0 0.0 -0.0 -0.0 0.058115926 -0.1025705 0.062197197 0.0 0.0 0.0 0.0 -0.0 0.0 -0.0 0.0 -0.08431885 0.0 0.093998834 0.0 0.0 -0.0 0.0 0.0 0.0 0.0 0.0 -0.0 0.0 0.0 -0.0 -0.0 0.0 -0.0 0.0 0.0 -0.0 0.0 0.0 0.0 0.0 -0.0 -0.0 0.0 0.13332315 0.0 0.044530645 -0.0 -0.0 0.0 -0.041323833 0.0 0.0 0.06344609 0.0 0.0 0.0 0.0 0.0 -0.14195766 -0.0 0.0
-0.13233857 0.36189884 -0.0 0.0 -0.0 -0.0 0.16705467 -0.0 0.0 -0.0 0.0 0.0 0.19901179 -0.0 0.0 -0.0 -0.0 -0.0 0.0 -0.0 -0.0 -0.0 -0.0 0.0 -0.0 0.0 -0.0 0.3506329 -0.0 0.0 0.0 0.0 -0.0 0.0 0.17349494 0.0 -0.0 -0.0 -0.0 -0.0 0.0 -0.0 0.0 0.0 -0.12540588 0.0 -0.24796005 0.09543737 -0.1575275 0.0 -0.0 0.0 0.15787026 0.0 -0.123997 0.0 0.0 -0.0 -0.0 0.0 -0.18100876 0.40750095 0.0 -0.0
-0.0 0.15000117 0.0 -0.0 -0.0 -0.0 -0.0 0.0 -0.0 -0.0 0.0 -0.0 0.0 -0.0 0.0 0.0 0.0 -0.0 0.0 -0.0 -0.0 -0.05851023 0.0 -0.0 -0.0 -0.0 -0.0 0.0 0.111044265 0.0 0.0 -0.0 -0.0 -0.0 -0.0 0.0 0.08629831 -0.0 0.0 0.0 -0.0 -0.0 -0.0 0.0 -0.0 -0.09654489 -0.08699224 -0.0 -0.0 0.0 0.09267085 -0.0 0.0 0.0 -0.0 0.0 -0.0 -0.0 0.0 -0.0 -0.079694495 0.104366474 -0.0 -0.08185626
-0.15678786 0.29952526 0.0 0.0 0.17731053 0.0 -0.0 0.0 0.6326614 0.12758294 -0.0 0.0 0.0 0.0 -0.4154091 0.0 0.0 0.0 0.30195713 0.0 -0.11128484 0.0 0.0 0.0 0.1421276 -0.0 0.2283292 -0.0 0.0 -0.297076 0.0 -0.17303284 -0.0 0.0 0.0 0.0 -0.0 -0.0 0.0 0.0 -0.0 0.22828546 0.0 -0.0 0.0 -0.0 -0.16112313 -0.0 0.0 0.0 0.20423627 0.0 -0.42520106 0.0 0.0 0.0 0.0 0.0 0.0 0.0 -0.23153156 -0.0 0.0 0.16066404
0.0 0.0 0.0 0.0 0.0 -0.099947564 -0.0 -0.0 -0.22622238 -0.1441916 -0.0 -0.0 0.0 0.0 0.0 0.0 -0.0 0.0 -0.18236151 -0.0 -0.0 -0.25749683 -0.54696065 -0.0 0.16713043 0.0 0.0 0.0 -0.0 -0.0 0.0 0.08655923 -0.10563272 -0.0 -0.0 -0.0 -0.0 0.0 -0.22364837 -0.0 -0.0 -0.09903781 -0.21589117 -0.0 0.0 0.0 0.2097027 0.08418782 -0.0 -0.0 -0.0 0.0 -0.0 0.0 -0.0 0.0 -0.124938965 -0.0 0.0 -0.0 0.0 -0.17773315 0.0 0.19481288
0.0 -0.0 -0.0 -0.0 0.0 0.0 0.0 -0.52891934 -0.29787058 -0.0 -0.0 -0.0 0.0 -0.1395139 -0.20645756 -0.0 -0.0 -0.0 -0.3354397 0.0 0.0 -0.0 0.0 0.0 0.0 -0.0 -0.0 -0.13113463 0.620616 -0.0 0.0 -0.20997664 -0.0 -0.0 -0.47373143 0.0 -0.14181933 0.0 -0.0 -0.0 0.0 -0.0 0.22763819 0.22884452 -0.0 -0.5592417 0.3181717 0.3231725 0.0 -0.0 0.5837492 0.0 -0.0 -0.0 0.44925284 -0.0 0.0 0.0 -0.0 -0.0 -0.21310021 -0.0 0.0 0.0
0.0 0.0 0.0 0.0 -0.0 -0.0 -0.0 -0.17677861 -0.2901017 -0.10750554 0.0 -0.0 0.0 0.0 -0.0 -0.0 0.0 -0.11986341 -0.17934266 -0.0 0.0 -0.0 0.0 -0.0 0.0 -0.0 0.0 0.10803793 0.0 -0.0 0.0 0.0 -0.0 0.0 -0.0 -0.0 0.086040586 -0.0 0.0 -0.0 -0.0 -0.0 -0.0 -0.0 0.0 -0.0 0.3592036 0.0 0.0 0.0 -0.10819442 -0.0 -0.0 0.0 -0.0 -0.0 -0.0 0.0 -0.0 -0.17482382 -0.19133696 -0.18645477 0.0 0.0
-0.0 -0.0 -0.0 0.0 0.0 0.0 0.0 -0.0 0.0 -0.0 -0.0 0.0 -0.0 0.0 0.0 -0.0 -0.0 -0.0 0.0 0.0 0.0 -0.0 0.0 -0.0 0.0 0.0 0.0 0.0 0.0 -0.0 0.0 -0.0 0.0 0.0 -0.0 0.0 -0.0 0.0 -0.0 -0.0 0.0 0.0 0.0 0.0 -0.0 0.0 -0.0 0.0 0.0 0.0 0.0 -0.0 -0.0 0.0 0.0 -0.0 0.0 -0.0 0.0 0.0 0.0 -0.0 -0.0 -0.0
-0.21309 -0.0 -0.0 0.0 -0.0 -0.15329085 -0.0 0.2044564 -0.2730756 0.0 -0.0 -0.0 0.0 -0.17620933 0.0 0.0 -0.0 0.21110672 0.0 -0.0 0.0 0.0 0.0 -0.0 0.0 0.0 0.0 0.0 -0.1769737 -0.16594417 -0.0 -0.0 0.0 -0.17903249 0.0 -0.0 0.0 0.0 0.0 0.0 -0.3628136 0.0 0.18140453 0.0 0.0 0.0 0.19126111 -0.28527075 -0.0 0.0 -0.0 -0.0 0.0 0.0 0.0 -0.0 0.0 -0.46113163 0.0 -0.0 -0.0 -0.0 -0.0 -0.0
0.0 -0.0 -0.0 -0.0 -0.0 0.0 0.0 0.0 -0.0 -0.0 0.0 0.21631266 -0.0 -0.17187043 -0.0 0.0 0.0 0.11374186 0.0 -0.0 0.14617625 0.18133384 -0.0 0.0 0.0 0.0 -0.0 -0.0 -0.0 0.0 -0.19658029 0.0 -0.14775802 0.0 -0.0 0.15760438 -0.0 0.13822326 -0.0 -0.112514906 -0.0 0.0 0.14759292 -0.0 0.0 0.0 0.24407609 0.0 -0.18386313 0.0 -0.0 -0.41114512 -0.0 -0.0 -0.0 -0.0 0.12353537 0.0 -0.199635 -0.0 0.0 -0.0 0.0 0.0
-0.0 0.0 0.0 -0.0 0.0 0.0 -0.0 -0.0 0.0 0.0 -0.0 -0.0 0.0 -0.0 -0.0 0.0 -0.0 0.0 0.0 0.0 -0.0 0.0 -0.0 0.0 0.0 0.0 0.0 -0.0 -0.0 0.0 0.0 0.0 0.0 -0.0 0.0 -0.0 0.0 0.0 -0.0 0.0 -0.0 -0.0 -0.0 0.0 0.0 0.0 -0.0 0.0 0.0 -0.0 -0.0 -0.0 -0.0 0.0 0.0 -0.0 -0.0 -0.0 -0.0 -0.0 0.0 0.0 0.0 -0.0
-0.0 0.0 -0.0 0.0 -0.0 0.07694747 0.0 -0.0 0.21688178 0.0 0.0 0.0 -0.0 0.0 0.0 -0.0 -0.0 0.0 0.13057035 0.0 -0.18487215 0.0 0.0 0.0 -0.0 0.0 -0.0 -0.0 -0.0 0.10312294 0.0 -0.0 -0.0 -0.0 -0.0 -0.0 0.0 -0.0 -0.09340682 -0.0 -0.0 0.07690241 0.0 0.0 -0.0 -0.0 -0.23651493 0.0 -0.0 0.0 0.0 -0.0 0.0 -0.0 -0.0 -0.0 0.0 -0.0 0.0 0.0 -0.0 0.1458768 0.10941478 -0.0
0.0 0.0 -0.0 -0.0 -0.0 0.0 0.0 0.0 0.0 0.0 0.0 0.0 -0.0 -0.0 0.0 0.0 0.0 0.0 0.0 0.0 -0.0 -0.0 -0.0 0.0 -0.0 -0.0 -0.0 -0.0 -0.0 0.0 0.0 -0.0 -0.0 0.0 0.0 0.0 -0.0 -0.0 0.0 -0.0 -0.0 0.0 0.0 0.0 -0.0 0.0 -0.0 0.0 -0.0 0.0 0.0 0.0 0.0 0.0 -0.0 -0.0 0.0 -0.0 -0.0 0.0 0.0 0.0 -0.0 -0.0
0.0 -0.0 0.0 -0.0 -0.0 -0.0 -0.10034513 -0.34894863 -0.0 -0.0 0.0 -0.0 0.0 -0.0 -0.0 0.0 -0.0 -0.0 -0.2036033 0.0 0.10660528 -0.0 -0.0 -0.0 0.0 -0.0 -0.0 0.13967095 -0.0 -0.0 0.0 0.0 -0.0 0.0 0.0 0.0 0.0 -0.0 -0.0 0.0 -0.0 -0.10855037 0.11554626 -0.0 -0.0 0.0 0.30571908 -0.0 0.0 -0.0 -0.27622357 0.0 0.0 0.0 -0.0 0.0 -0.0 0.17395276 -0.0 0.0 -0.0 -0.13056672 0.0 -0.0
0.0 -0.0 -0.0 -0.0 0.0 0.0 0.10566707 -0.0 0.34477374 -0.0 0.0 0.0 -0.0 -0.0 0.0 0.0 -0.0 -0.0 0.16068318 -0.0 -0.15689759 -0.0 -0.0 0.0 -0.0 -0.0 -0.0 -0.16890825 0.0 0.0 -0.0 -0.056433316 -0.0 -0.0 0.0 0.0 0.11014196 -0.0 -0.0 0.0 -0.0 0.0 -0.0 0.0 0.07448215 -0.13756709 -0.3522476 0.0 0.0 0.0 0.0 -0.0 0.0 0.0 -0.0 0.0 0.103123605 -0.0 -0.0 0.1260146 -0.0 0.3179077 0.0 -0.0
-0.0 0.0 -0.0 0.0 0.0 -0.0 0.0 0.11324038 0.21184415 0.0 -0.0 0.0 -0.0 0.0 0.0 -0.0 -0.0 -0.0 0.0 -0.0 0.0 0.0 0.07258523 0.0 -0.0 0.0 -0.0 -0.0 -0.0 0.0 0.0 0.0 -0.0 -0.0 -0.0 0.0 0.0 0.09025466 0.107052065 0.0 0.055322867 0.0 0.059221707 0.0 0.0 0.0 -0.20228195 -0.0 0.0 0.0 0.0 0.0 0.0 0.0 0.0 -0.0 0.0 0.0 0.0 0.05323701 0.0 0.06738482 -0.0 -0.0
0.0 0.0 -0.0 0.0 -0.0 -0.0 -0.0 -0.0 0.34988347 -0.0 -0.0 -0.0 -0.0 0.10870281 0.0 -0.0 -0.0 -0.0 0.14538378 -0.0 0.26014307 -0.0 0.0 0.0 -0.31968752 0.0 -0.0 -0.0 0.0 0.0 0.0 -0.0 -0.0 0.0 -0.0 0.0 0.0 0.22743961 0.0 -0.0 0.0 0.0 0.39414424 0.0 0.0 0.0 -0.22748083 -0.0 0.12873106 0.0 0.0 0.0 0.0 0.0 0.0 -0.0 0.13115568 0.15129885 0.12810458 0.0 0.0 0.26144168 0.0 -0.0
0.0 0.23359537 0.17385013 0.0 -0.0 -0.0 -0.0 0.0 -0.12084228 -0.0 0.0 -0.0 -0.0 0.0 -0.0 0.0 -0.107637845 -0.0 -0.084159166 0.0 0.0 0.0 -0.0 0.0 -0.16341144 0.0 0.0 -0.10817307 -0.0 -0.0 0.0 0.0 -0.0 -0.0 0.0 -0.0 0.102698416 0.0 0.0 0.0 -0.0 0.0 -0.0 0.0 0.0 0.0 0.0 0.0 0.0 0.0 -0.0 0.0 -0.0 -0.0 -0.0 0.2364115 -0.09624453 -0.0 -0.0 -0.0 0.0 0.0 0.0 -0.0
-0.0 0.0 0.20333552 0.13820347 0.0 0.0 -0.17331174 -0.15162383 0.20552473 0.0 0.0 -0.0 0.0 0.0 0.0 0.15155281 0.11742941 -0.0 -0.0 0.0 -0.26568517 -0.0 -0.20838915 0.08527465 0.0 0.16262595 -0.18167764 -0.0 0.0 0.0 -0.0 0.0 -0.08671153 0.0 0.0 -0.0 0.0 -0.0 -0.0 0.0 -0.0 -0.0 -0.0 0.0 -0.0 -0.0 -0.0 -0.0 0.0 -0.0 0.0 0.0 0.0 0.0 -0.0 -0.0 -0.0 0.117659815 -0.0 -0.0 0.0 0.0 0.23725186 0.0
0.48122767 -0.0 0.4414748 0.5042333 0.0 -0.0 -0.27708483 0.0 0.47403747 0.0 0.0 -0.0 -0.0 -0.30392015 0.21261792 0.16865166 -0.0 -0.2311017 0.28122517 0.0 -0.26595163 -0.26352775 0.0 -0.2411968 0.0 -0.12921274 -0.0 0.0 0.0 0.0 -0.0 -0.0 -0.0 0.0 0.2720035 -0.3829799 -0.0 -0.0 -0.0 0.102533795 -0.35326365 0.20349926 0.28855854 -0.28014168 0.0 0.0 0.0 0.0 0.1952734 -0.0 -0.0 -0.0 0.0 -0.0 0.1315977 -0.0 -0.13312922 0.19281441 0.0 -0.3336918 0.0 0.0 0.0 -0.0
-0.0 -0.0 0.0 -0.0 -0.0 0.0 0.0 0.0 -0.2377427 0.0 0.0 0.0 0.0 0.0 -0.0 -0.0 -0.0 0.0 -0.1398498 0.0 0.098880515 0.0 0.0 -0.0 0.0 0.0 0.0 0.06644102 -0.0 0.0 -0.0 -0.0 -0.0 -0.0 0.0 -0.0 0.09251799 -0.0 -0.0 -0.0 0.0 0.0 -0.09669348 -0.0 -0.0 -0.0 0.111342326 -0.0 -0.0 -0.0 -0.0 -0.0 -0.0 -0.0 -0.0 -0.0 -0.077752754 -0.0 -0.0 -0.0 -0.05931981 -0.09511022 -0.0 -0.0
0.0 -0.101995505 0.0 -0.0 -0.0 -0.0 -0.0 -0.16859423 -0.16580668 -0.0 0.0 -0.0 -0.0 0.0 0.06366247 0.0 0.0 -0.0 -0.15534149 0.0 0.07701802 -0.0 0.0 -0.0 0.0 0.0 -0.0 0.0 -0.0 0.0 -0.0 0.0 -0.0 0.0 -0.0 0.0 -0.06858028 0.0 -0.0 0.0 0.13795821 0.0 0.0 -0.0 0.0 0.12615687 0.17736891 -0.10193837 0.0 0.08102743 -0.21620423 -0.0 0.0 0.0 -0.20563677 -0.0 -0.0 -0.0 -0.0 -0.09517247 0.0 -0.10130926 0.0 -0.0
-0.0 -0.0 0.0 -0.0 0.0 -0.0 -0.0 -0.0 0.1178295 0.0 -0.13701661 -0.0 -0.0 -0.0 0.0 -0.0 -0.0 -0.14357305 0.386031 0.0 -0.17854239 -0.0 0.0 0.0 0.120556064 -0.0 -0.14214264 -0.0 0.15238626 -0.0 -0.15089175 -0.0 -0.0 -0.19218904 -0.0 -0.19044621 -0.0 -0.12083709 -0.0 0.09585587 0.0 0.0 0.11467962 -0.2839096 0.0 -0.16108581 -0.16950263 -0.44510075 0.0 0.12639421 -0.0 -0.0 -0.0 0.2126 0.0 0.0 -0.0 -0.48978552 0.0 -0.2463266 0.13099067 0.0 -0.0 0.0
0.0 0.14287585 0.0 0.14058475 -0.0 -0.0 -0.0 -0.0 -0.0 0.0 0.0 0.0 0.0989295 0.0 0.0 0.0 0.0 0.0 -0.16199555 0.0 0.24153782 0.0 -0.0 0.0 -0.19314376 0.0 0.0 0.14502138 0.10432188 0.0 0.0 0.0 0.0 0.13110828 -0.0 -0.0 -0.0 0.14431603 0.0 -0.0 0.12106226 -0.0 0.16096649 -0.0 0.0 -0.24244879 0.12974153 -0.23061821 -0.0 -0.19044425 0.0 -0.0 -0.0 -0.0 -0.16702159 0.0 0.0 0.19060512 0.09182782 0.2268006 0.1491109 -0.09790101 -0.0 0.15309714
-0.0 0.0 -0.0 -0.0 -0.0 0.0 -0.0 0.0 0.0 0.0 -0.0 -0.0 -0.0 -0.0 -0.0 -0.0 -0.0 -0.0 0.0 0.0 -0.0 0.0 -0.17076306 -0.0 -0.0 -0.0 -0.0 0.0 -0.0 -0.0 0.0 -0.0 0.0 -0.0 0.0 -0.0 0.0 -0.0 -0.0 0.0 -0.0 0.0 0.0 0.0 0.0 0.0 -0.0 -0.0 0.0 0.0 -0.0 0.0 0.0 0.0 -0.0 -0.0 -0.0 -0.0 0.0 -0.0 0.0 0.0 0.0 -0.2235804
0.0 -0.0 0.0 -0.0 0.0 -0.0 -0.0 -0.16639401 0.22057502 0.0 -0.0 -0.0 -0.13187103 0.103716135 0.0 -0.0 -0.0 -0.11099514 0.0 0.0 -0.0 -0.0 0.0 -0.0 -0.12270485 0.0 -0.0 -0.07486155 0.0 -0.0 0.0 -0.0 0.0 0.0 -0.0 -0.0 0.0 0.0 0.12738934 -0.0 0.10287947 0.0 0.17238158 -0.29349056 0.0 -0.0 -0.14694889 -0.23781003 0.115124606 0.0 0.121915475 -0.20685045 0.0 0.0 -0.0 -0.13317597 -0.0 -0.14379346 0.0 -0.2057954 -0.0 0.0 0.085834146 -0.10044729
-0.0 -0.0 -0.0 -0.0 0.0 0.0 0.0 -0.0 -0.0 0.0 0.0 -0.0 0.0 0.0 -0.0 -0.0 0.0 0.0 -0.0 -0.0 0.0 0.0 -0.0 0.0 0.0 0.0 0.0 -0.0 -0.0 -0.0 -0.0 0.0 -0.0 0.0 -0.0 -0.0 0.0 0.0 -0.0 -0.0 0.0 -0.0 -0.0 -0.0 0.0 0.0 0.0 0.06133502 0.0 0.0 -0.0 -0.0 -0.0 0.0 0.0 0.0 0.0 -0.0 -0.0 -0.0 0.0 -0.062285855 -0.0 0.0
-0.24833518 0.0 -0.38409498 -0.32056066 0.0 0.0 0.0 -0.0 -0.18796675 0.0 0.0 0.0 0.0 0.0 0.0 -0.24101877 0.0 0.18893789 0.0 -0.26740217 0.32155713 0.2611682 -0.0 0.0 0.0 0.24764375 0.0 -0.0 -0.0 0.0 0.0 0.0 -0.19009039 -0.0 -0.0 0.22100034 -0.0 0.0 -0.0 -0.0 0.14511488 -0.0 0.18410145 0.0 -0.0 0.0 0.0 -0.22738095 -0.292392 0.18022786 0.0 -0.32634583 -0.0 0.0911638 -0.0 -0.0 0.1433061 -0.15949894 -0.0 0.24055353 0.0 -0.22166386 0.0 0.44713816
0.23352458 0.0 -0.15894553 -0.16267572 0.43141425 -0.36311796 0.46427596 0.0 -0.3948802 0.0 -0.0 0.0 0.0 -0.0 0.14322643 0.0 -0.20427321 0.0 -0.119258754 0.35403624 0.1497273 0.1455225 -0.09456204 -0.4920544 0.0 0.15178223 -0.3363333 0.0 0.0 -0.0 -0.33386257 -0.26591364 0.11115613 0.0 -0.0 0.0 -0.0 0.0 -0.0 0.0 -0.0 0.3316165 -0.0 -0.0 -0.11964589 0.0 0.25181073 -0.0 -0.0 -0.0 -0.0 -0.0 -0.0 0.0 -0.0 0.12401356 -0.0 -0.0 -0.0 0.0 0.13366936 -0.2931008 -0.0 0.1916673
0.0 -0.0 0.0 0.0 -0.0 -0.0 -0.0 0.18310861 0.16251509 -0.0 -0.0 0.0 -0.0 0.0 0.0 0.0 -0.13433573 -0.0 0.0 0.0 -0.0 -0.0 0.0 -0.0 -0.0 -0.0 -0.0 0.0 -0.0 -0.0 -0.090000734 -0.0 -0.0 0.0 0.0 0.0 0.0 0.0 0.100335136 -0.0 -0.0 0.0 -0.0 -0.0 -0.0 -0.0 -0.0 0.13666545 0.11607171 -0.0 0.0 0.0 0.0 -0.0 0.0 -0.0 0.0 -0.0 0.0 -0.0 -0.0 0.0 0.0 -0.20683496
-0.0 -0.0 0.0 -0.0 -0.0 -0.0 0.0 -0.0 -0.0 -0.0 -0.0 0.0 0.0 -0.28749445 -0.0 0.0 0.0 -0.0 0.2256393 -0.0 0.18191122 -0.0 0.51641506 -0.1994706 0.47516888 -0.0 0.11316166 0.12097402 -0.0 -0.0 -0.0 0.0 0.0 0.0 0.0 -0.0 -0.0 0.10828041 0.16696973 0.0 -0.0 -0.0 -0.0 -0.0 -0.0 0.0 0.39289021 0.0 0.0 0.17459853 -0.0 -0.0 0.0 0.0 0.0 0.0 -0.0 -0.0 -0.0 -0.0 0.0 -0.25530615 -0.16352442 0.24288863
0.0 0.0 -0.0 -0.0 -0.0 -0.0 -0.0 0.17833816 -0.0 0.0 -0.0 0.2572217 0.0 -0.0 0.0 0.0 0.0 0.11673407 0.0 -0.3754598 0.0 -0.0 -0.0 -0.0 0.0 -0.0 -0.0 0.0 -0.0 -0.0 0.0 0.0 -0.0 -0.2547632 0.0 0.0 -0.0 0.2416782 0.0 0.2531232 -0.23734064 0.0 0.27506524 -0.0 0.0 -0.12935175 0.25283754 -0.33325675 -0.0 -0.25066957 0.0 -0.24730925 -0.0 -0.2934336 -0.0 0.0 -0.46030706 0.3342822 0.16608031 0.23484477 -0.0 -0.0 -0.19580896 0.0
-0.0 0.16932018 -0.0 -0.0 -0.0 -0.0 -0.0 0.0 0.0 0.0 0.0 0.0 -0.0 -0.0 -0.0 0.0 0.0 0.0 -0.0 -0.0 -0.0 -0.0 0.0 0.0 -0.0 -0.0 -0.0 0.0 0.0 -0.0 -0.0 0.0 -0.0 -0.0 0.0 0.0 0.0 0.0 0.0 -0.0 -0.0 0.0 -0.0 0.0 0.0 -0.0 -0.0 0.0 -0.0 -0.0 -0.0 -0.0 -0.0 0.0 0.0 -0.0 -0.0 -0.0 0.0 -0.0 0.0 0.0 -0.0 -0.0
-0.0 -0.0 -0.0 -0.0 -0.0 0.0 0.0 0.0 -0.0 -0.0 -0.0 0.0 0.0 -0.0 -0.0 -0.0 -0.0 -0.0 0.0 -0.0 0.0 0.0 0.0 -0.0 0.0 -0.0 0.0 0.0 -0.0 -0.0 -0.0 0.0 0.0 -0.0 0.0 0.0 -0.0 -0.0 -0.0 -0.0 -0.0 0.0 -0.0 -0.0 -0.0 0.0 0.0 -0.0 -0.34161505 0.0 -0.0 -0.0 -0.0 -0.0 0.0 0.0 -0.0 -0.0 -0.0 -0.0 0.0 -0.0 -0.0 0.0
0.077722214 -0.0 0.0 -0.0 0.0 0.0 -0.0 -0.28988183 -0.07650288 0.0 0.0 -0.0 0.0 -0.14369889 -0.0 -0.0 0.0 -0.0 0.0 0.0 -0.0 0.17864901 0.0 0.0 0.0 0.0 0.0 0.0 -0.091607094 -0.07683298 -0.0 0.0 0.0 -0.0 -0.0 -0.23856904 0.17510822 -0.07967651 -0.0 0.0 -0.16855565 0.0 0.13860057 -0.15408583 -0.0 -0.0 0.1803689 -0.13794708 -0.08964638 -0.0 0.0 -0.18948543 -0.0 -0.0 0.0 -0.05723784 -0.09878136 0.0 -0.12890853 0.0 0.0 -0.09294749 0.0 0.0
-0.0 -0.08496426 0.0 -0.0 0.0 -0.0 0.0 -0.0 0.25819626 0.0 -0.0 0.0 0.08584393 0.14435114 -0.0 -0.0 0.0 0.0 0.1859652 0.0 -0.05409849 0.0 0.0 0.0 0.0 0.0 -0.0 0.0 0.0 -0.0 0.0 0.067601465 0.0 -0.0 0.11552796 0.0 0.0 0.0 0.0 0.0 -0.0 0.0 -0.09716495 0.0 0.049713783 -0.0 -0.0916893 -0.0 0.0 0.0 0.0 0.0 0.0 0.0 -0.0 -0.18555874 0.0 -0.0 0.0 0.0 0.0 0.0 -0.0 -0.0
0.0 0.0 0.0 -0.0 -0.0 -0.0 0.0 -0.0 -0.0 -0.0 -0.0 -0.0 0.0 0.0 0.0 -0.0 0.0 0.0 -0.0 -0.0 -0.0 -0.0 -0.33383685 0.0 -0.29776436 -0.0 0.0 0.0 -0.0 -0.0 -0.0 0.0 -0.0 0.0 -0.0 0.0 0.0 -0.108357 -0.18608406 0.0 0.0 -0.0 0.18477127 0.09504961 0.0 0.0 0.13980564 0.0 -0.0 -0.0 -0.0 -0.0 0.0 -0.0 -0.0 0.0 0.0 0.0 0.0 0.0 -0.0 -0.0 0.0 0.20309637
0.0 0.0 0.0 -0.0 0.0 -0.0 0.0 0.0 0.22534274 0.0 -0.0 0.10640601 0.16502191 0.10297213 0.0 0.0 -0.0 0.0 0.0 -0.0 -0.0 0.0 0.0 0.0 -0.0 0.0 -0.0 0.12341195 -0.0 0.0 -0.0 0.0 -0.0 0.0 0.057271603 -0.0 0.0 -0.0 -0.0 0.0 0.0 0.0 -0.0 -0.0 -0.0 -0.0 -0.19591656 0.0 -0.0 0.0 0.0 0.0 0.0 0.0 0.0 -0.12306914 0.0 0.0 0.0 0.12642469 -0.09484656 0.06485049 -0.0 -0.0
0.0 -0.0 0.0 0.0 -0.0 0.0 -0.0 0.0 -0.14918113 -0.0 -0.0 -0.0 0.056376696 0.0 0.0 -0.0 0.0 0.0 -0.12076148 0.0 -0.0 -0.052292425 -0.11986419 -0.0 0.0 -0.0 0.0 0.0 0.0 0.0 -0.0 0.0 0.04832207 0.0 0.0 0.041055486 -0.064272635 -0.0 -0.052732084 -0.0 0.0 -0.0 -0.07783795 0.0 -0.068516284 0.0 0.12828258 0.07601269 -0.0 0.0 -0.0 0.0 -0.0 -0.0 -0.0 -0.0 -0.0 0.0 0.0 -0.0 -0.0 -0.11939997 0.0 0.0
-0.08997849 0.0 0.0 -0.0 -0.0 -0.0 -0.0 -0.0 -0.15830734 -0.0 0.0 0.0 0.0 -0.0 -0.0 0.0 0.0 -0.0 -0.0 0.0 0.23283845 -0.0 0.20447165 -0.15162283 0.30366054 0.0 0.0 0.073924564 0.0 -0.09045254 0.0 -0.0 -0.0 0.0 0.0 -0.0 0.0 0.0 0.122715734 0.0 -0.0 -0.0 -0.0 0.0 -0.0 -0.0 0.122769326 0.0 0.0 -0.0 -0.0 -0.0 -0.0 0.0 0.111556984 -0.0 -0.08692258 0.0 -0.0 -0.0 -0.0 -0.13060339 -0.11262591 -0.2182606
0.0 -0.0 0.0 -0.0 -0.0 -0.0 -0.086227685 -0.081712104 -0.108529314 0.0 -0.0 0.0 0.0 -0.068565525 -0.0 -0.0 -0.0 0.0 0.0 -0.0 -0.08477816 -0.0 0.0 -0.0 0.0 0.0 -0.0 -0.0 0.0 -0.09496109 -0.064834505 0.0 0.0 -0.0 -0.0 -0.06715203 -0.0 0.0 0.0 -0.1301561 -0.17862144 0.0 -0.0 -0.0 -0.0 -0.0 0.23356307 -0.0 0.0 -0.10726329 0.0 -0.07549583 -0.0 0.0 0.0 -0.07470237 -0.11410184 0.118435 -0.1849325 0.0 0.0 -0.0 0.0 0.0
0.23288718 -0.0 -0.0 0.0 -0.0 -0.0 0.0 0.11387242 -0.0 -0.0 0.0 -0.0 0.0 0.1956858 0.0 -0.0 -0.0 -0.0 -0.0 -0.0 -0.0 -0.0 -0.0 -0.0 -0.18654606 -0.0 -0.0 -0.15560798 0.0 0.0 0.0 -0.0 -0.0 -0.0 -0.0 -0.0 0.0 0.0 -0.0 0.0 0.0 0.0 0.0 0.0 -0.0 -0.0 0.2632265 -0.0 0.0 -0.0 0.0 -0.0 0.0 -0.0 -0.0 0.0 -0.0 0.0 -0.0 -0.0 -0.0 -0.0 0.0 0.0
-0.0 0.0 0.17588922 -0.08770821 -0.11686581 -0.5882475 -0.0 -0.0 0.15651794 -0.23598586 -0.3726375 0.0 -0.0 -0.14033389 -0.12990002 0.0 -0.12267598 -0.0 -0.0 -0.13235526 -0.18184242 -0.4525973 0.1273538 -0.0 0.0 0.0 -0.185181 -0.19250086 0.10827851 -0.13282819 -0.29823962 -0.0 -0.0 -0.20768897 -0.0 -0.19980136 -0.0 0.0 0.10480531 -0.111375965 -0.15779349 -0.10377446 -0.0 -0.15567927 0.0 -0.0 -0.0 -0.0 -0.0 -0.0 -0.0 -0.0 0.18794307 -0.0 -0.0 -0.0 -0.122987956 0.0921317 -0.17063102 0.11684543 0.0 0.15271716 0.0 0.25997087
0.09380437 0.0 0.0 -0.11884813 -0.0 -0.0 0.0 0.18237163 0.36615667 -0.0 -0.0 0.0 -0.0 0.0 0.0 0.0 0.0 -0.1590888 0.0 -0.0 -0.0 -0.0 0.0 -0.0 -0.0 0.0 -0.12247126 0.0 -0.0 0.0 0.07930291 -0.0 0.0 -0.0 0.0 0.0 0.0 0.0 -0.0 0.16580038 -0.17633244 0.0 0.1797151 -0.0 0.0 -0.1556855 -0.2379956 0.11121183 0.32824725 -0.0 0.0 0.0 0.0 0.0 0.11770144 0.0 -0.16257885 -0.0 0.0 -0.12661867 0.0 0.0 0.123886935 -0.0
-0.0 0.0 -0.0 -0.0 0.0 0.0 0.0 -0.21301945 0.0 0.0 0.0 -0.06996793 -0.0 0.06298443 -0.0 -0.0 -0.07076964 -0.0 -0.12516487 0.0 0.1641973 0.0 -0.19148168 0.0 -0.0 0.06016366 -0.0 -0.0 -0.0 0.0 0.0 0.0 -0.0 -0.07802036 -0.0 0.0 0.0 -0.05989178 -0.065148495 -0.0 -0.0 -0.0 -0.11172828 0.033164576 -0.0 -0.0 -0.07400947 -0.0 -0.0 -0.09314426 -0.0 0.06696733 -0.0 -0.0 -0.0 -0.0 -0.0 0.0 -0.0 -0.069876045 -0.09307815 0.0 0.0 -0.059072364
-0.24045424 0.0 0.0 -0.0 -0.2111174 0.14076793 -0.0 0.0 0.21921486 0.0 0.0 -0.0 -0.0 -0.0 -0.0 0.0 -0.0 -0.09367832 0.0 0.0 -0.0 0.0 -0.0 0.0 -0.0 -0.0 0.15859593 0.14603858 -0.0 -0.0 -0.0 0.19518842 -0.0 -0.0 0.207383 -0.0 -0.0 -0.0 -0.0 -0.0 -0.18728636 -0.33338428 -0.0 0.12878647 -0.0 0.16244353 -0.15053584 0.0 0.0 0.0 0.0 -0.0 0.0 0.0 0.1062118 -0.0 0.11152796 -0.17179564 -0.0 -0.19223468 0.0 0.19770575 0.15179534 -0.0
-0.0 0.3909259 -0.0 0.0 0.1629451 0.0 -0.0 -0.0 -0.0 -0.0 0.0 0.0 0.19165027 -0.51400477 0.14875825 -0.0 0.0 0.0 0.0 0.0 -0.0 0.0 -0.0 -0.0 -0.22606032 -0.0 -0.0 0.0 -0.22288746 -0.0 -0.0 0.0 -0.0 0.0 0.0 0.0 0.18587129 -0.0 -0.0 -0.0 0.0 -0.18048897 0.1276406 0.0 -0.121439844 -0.09811038 -0.22548366 0.0 0.0 0.0 0.0 -0.0 0.0 -0.0 0.0 -0.0 -0.0 -0.0 0.0 0.0 0.18669243 0.5044355 0.0 -0.13606614
0.0 0.0 0.0 0.08793806 -0.0 0.0 -0.0 -0.0 -0.25057822 0.0 -0.0 -0.0 0.0 0.0 -0.0 0.0 -0.0 -0.0 -0.10881824 -0.0 0.16761248 0.0 0.0 -0.0 0.12366093 -0.0 0.0 0.0 0.0 -0.07526711 -0.0 -0.0 -0.0 0.0 0.0 -0.0 0.0 0.0 -0.0 0.0 -0.0 -0.0 -0.07576749 0.0 0.0 -0.07691385 0.25465614 -0.0 0.0 0.0 -0.0 0.0 -0.0 -0.0 0.0 -0.0 -0.0 0.0 0.0 -0.12166774 0.0 -0.21419635 -0.08725945 0.0
0.0 0.0 -0.0 0.0 -0.1986728 -0.0 -0.0 0.2737839 0.2273692 0.0 0.0 0.18097168 0.0 0.0 -0.0 0.0 -0.0 0.0 -0.12369702 0.0 0.0 0.0 0.0 -0.0 -0.103976995 0.0 0.0 -0.0 0.0 0.0 -0.0 0.0 -0.0 -0.0 -0.0 0.0 0.0 0.15547802 0.0 -0.0 -0.24708098 0.0 -0.13259788 0.0 0.0 -0.0 -0.1842303 0.15375109 -0.33140808 -0.29965585 0.1595978 -0.0 0.0 -0.19989751 0.0 -0.0 0.0 0.5594943 -0.0 0.25829068 -0.0 0.091251746 0.0 0.0
-0.0 -0.0 0.0 0.0 0.0 -0.0 -0.0 0.06676014 -0.17831913 0.0 -0.0 0.0 0.0 -0.12736084 -0.0 0.0 0.10475807 0.0 -0.0 -0.0 0.2818041 0.0 0.0 -0.0 0.25039852 0.0 0.0 0.0 0.0 -0.0 -0.0 -0.0 0.0 0.0 0.0 0.0 -0.08517876 0.0 0.0 0.0 0.0 -0.0 -0.0 -0.0 0.0 0.0 0.32322472 -0.14749607 0.073509365 0.0 -0.0 -0.0 -0.0 0.1165289 0.0 0.0 0.0 0.11344434 0.0 -0.0 0.091452956 -0.14486715 -0.15563294 -0.10322112
-0.0 0.0 0.0 0.0 0.0 0.0 0.0 0.0 -0.0 -0.0 0.0 0.0 0.0 0.0 -0.0 0.0 0.0 -0.0 -0.11237656 0.0 0.4016928 0.0 0.2162414 0.0 0.188486 0.0 0.14586109 0.0 0.0 0.0 0.0 -0.0 -0.0 0.0 0.0 0.13379455 -0.0 0.16441125 -0.23925243 0.0 0.0 -0.0 0.0 0.0 -0.0 0.0 0.0 0.0 -0.0 -0.0 0.0 -0.0 -0.0 -0.0 0.15612002 0.0 0.0 -0.0 -0.0 0.0 0.0 -0.2568454 0.2872751 -0.0
-0.0 -0.0 -0.0 -0.0 -0.0 -0.0 0.0 -0.0 0.0 -0.0 -0.0 0.0 -0.0 -0.0 0.0 -0.0 0.0 -0.0 0.0 -0.0 -0.0 -0.0 0.0 0.0 0.0 -0.0 -0.0 -0.0 0.0 -0.0 -0.0 0.0 -0.0 0.0 -0.0 0.0 0.0 0.0 -0.0 -0.0 -0.0 0.0 0.0 -0.0 -0.0 -0.0 -0.0 0.0 -0.0 0.0 0.0 -0.0 0.0 0.0 0.0 -0.0 0.0 0.0 -0.0 0.0 -0.0 0.0 0.0 0.0
-0.0 -0.0 0.0 -0.0 -0.0 -0.0 -0.086680256 0.0 -0.15507482 0.0 0.0 -0.0 0.0 0.10319174 -0.0 -0.0 0.0 -0.09357006 -0.11386532 0.0 0.33905184 0.0 0.0 0.0 -0.25710505 -0.0 0.0 0.0 -0.06571883 -0.0 0.0 -0.0 -0.0 0.0 -0.16181445 0.0 0.15647647 0.0 0.0 -0.0 -0.17563096 -0.10135361 0.26091498 -0.0 0.0 0.0 0.2966914 -0.11596134 0.0 -0.0 0.0 0.13480292 -0.0 0.0 0.0 0.0 0.0 0.0 0.0 -0.0 -0.0 -0.08282884 -0.0 -0.0
-0.0 -0.0 0.0 0.0 -0.061823517 -0.0 -0.0 0.17173517 -0.23160551 -0.0 0.0 -0.0 0.061406437 -0.0 -0.0 -0.066386625 -0.0 -0.0 -0.16762738 -0.0 0.094904654 -0.0 0.108404554 -0.053916663 -0.063423015 -0.0 0.0764459 0.0 0.0 0.0 0.0 -0.0 -0.0 0.0 0.0 -0.0 -0.0 0.0 0.09372328 -0.0 -0.0 -0.0 0.0 -0.0 0.0 -0.0 0.1993258 0.0 0.0 0.0 -0.0 -0.0 -0.0 -0.0 0.0 -0.0 -0.0 0.0 0.0 -0.1087024 -0.0 -0.24989711 -0.0 -0.0
0.0 0.0 0.0 -0.0 -0.0 -0.0 -0.0 0.0 -0.0 -0.0 -0.0 0.0 0.0 0.0 -0.0 0.0 0.0 -0.0 -0.10597518 0.0 0.08040988 -0.0 -0.0 0.0 -0.12092823 -0.0 0.0 0.0 -0.0 0.0 -0.0 -0.0 -0.0 -0.0 -0.0 0.0 -0.0 0.0 0.0 0.0 0.0 -0.0 0.0 0.0 0.0 0.0 0.0 -0.0 -0.0 -0.0 -0.0 -0.0 0.0 0.0 0.0 0.0 -0.0 -0.086374894 0.0 -0.0 -0.0 -0.0 -0.0 0.0
-0.0 -0.23386249 -0.0 0.0 0.0 0.10801813 -0.18134972 -0.2672597 -0.0 -0.0 -0.0 -0.0 -0.12396378 0.21442549 -0.26906317 0.0 -0.0 -0.0 -0.25943384 -0.0 0.17379901 0.0 0.0 0.0 0.11087529 0.0 0.0 0.0 -0.17697515 0.0 0.0 -0.0 -0.048694707 -0.0 -0.0 0.0 -0.0 -0.0 0.0 0.0 0.15133081 0.0 0.0 -0.12594703 0.10407323 0.20682427 0.24010402 -0.41995224 0.0 -0.12759466 -0.34803426 0.0 -0.33626086 0.0 -0.31910896 0.13296391 -0.15873978 0.0 0.0 -0.0 -0.14537874 -0.34433407 -0.0 0.08539751
0.0 0.0 -0.0 0.4797941 -0.0 -0.0 0.0 0.47106847 -0.0 -0.0 0.0 -0.27359837 -0.0 -0.0 -0.0 -0.0 0.0 0.3917811 0.0 0.0 -0.0 -0.0 -0.0 -0.0 0.0 0.0 0.0 -0.0 0.0 0.0 0.0 -0.0 0.0 -0.0 0.0 -0.0 -0.0 -0.0 0.0 -0.0 -0.3951072 0.0 0.0 0.0 0.0 -0.0 -0.0 -0.61548525 0.0 0.45463645 -0.0 -0.0 -0.0 0.0 -0.0 -0.0 0.0 0.0 0.0 -0.38395593 -0.0 -0.0 0.0 0.0
0.0 0.0 0.0 0.0 0.0 0.0 0.0 0.06773829 -0.1622753 0.0 -0.0 0.0 0.0 0.0 -0.0 0.0 0.0 0.0 -0.13371901 0.0 0.17504784 0.0 -0.0 0.0 0.0 -0.0 0.0 0.0 -0.0 -0.0 -0.0 0.0 -0.0 -0.0 -0.0 -0.0 0.0 0.0 -0.0 -0.0 0.0 -0.0 0.0 0.0 -0.0 0.0 0.15597008 0.0 0.0 -0.0 -0.0 -0.0 -0.0 0.0 0.0 0.0 -0.0 0.0 0.0 -0.0 0.0 -0.14408746 -0.0 0.0
-0.0 -0.0 -0.0 0.0 0.0 0.0 0.0 -0.1275922 0.34126118 0.0 -0.0 0.0 -0.095174804 -0.0 0.0 -0.0 -0.0 -0.0 0.114736125 -0.0 0.43888396 -0.0 0.19869375 0.0 -0.10330064 0.0 -0.124754205 -0.0 0.0 -0.0 -0.0 0.0 -0.0 0.0 -0.0 0.0 0.0 0.4586648 0.13447084 -0.0 -0.0 0.0 0.1865923 0.08660167 -0.0 0.0 -0.3337106 -0.0 -0.0 -0.0 0.0 0.0 0.0 0.21448909 0.0 -0.0 0.0 0.0 0.1781911 0.12231423 0.18363188 0.22347496 -0.0 -0.0
0.12513463 -0.1515694 -0.0 0.0 -0.0 0.0 0.0 -0.16136257 -0.19200456 -0.26276228 0.0 0.0 -0.16544826 0.0 0.27506164 -0.0 -0.0 -0.0 -0.23800108 0.0 0.089502074 0.0 -0.0 -0.1664261 0.0 -0.0 -0.12386767 0.13583726 -0.16442598 -0.0 -0.0 0.0 -0.0 -0.0 -0.0 0.0 0.0 0.0 -0.0 -0.0 0.19319943 0.0 0.0 -0.107129134 -0.0 0.0 0.14642678 -0.15010276 0.0 0.0 -0.3225384 -0.0 0.245211 0.0 -0.280869 0.0 -0.15689443 0.0 0.0 -0.0 -0.0 -0.11641107 0.0 -0.0
-0.0 0.15863526 -0.0 0.0 -0.0 -0.0 -0.0 0.0 0.13677266 0.0 0.0 0.0 -0.19446552 -0.0 0.100461654 0.0 0.0 -0.0 0.0 0.0 -0.0 0.0 -0.0 -0.0 0.0 -0.0 -0.0 -0.0 -0.16519307 0.0 -0.0 -0.0 0.0 0.0 0.0 0.0 -0.0 0.0 -0.0 -0.0 -0.0 0.0 0.0 -0.0 -0.0 -0.0 -0.13398418 0.0 0.0 -0.0 0.0 -0.0 -0.0 0.0 0.0 0.28680685 -0.0 -0.0 -0.0 0.0 -0.17656566 0.0 0.0 0.0
-0.0 0.0 -0.0 -0.0 0.0 0.0 0.0 0.0677576 0.13488701 0.0 0.0 0.0 -0.056036472 0.0 0.0 -0.0 -0.0 -0.0 0.096198626 -0.0 -0.101605564 -0.0 -0.0 0.0 -0.0 0.0 -0.0 -0.0 -0.0 0.056381572 0.0 -0.0 0.0 -0.0 0.0 0.0 0.0 0.0 0.0 -0.0 0.0 0.03990287 0.0 -0.0 -0.0 0.0 -0.15270862 0.0 0.0 -0.0 0.0 0.0 0.0 0.0 -0.0 -0.0 0.0 -0.0 -0.0 0.0 -0.0 0.0800762 0.0 -0.0
0.0 0.20058723 -0.0 -0.11218751 -0.0 -0.14213742 0.12050645 -0.32206744 0.27830476 0.0 0.0 -0.0 0.0 -0.0 0.098331414 -0.0 -0.0 -0.13120474 -0.0 0.0 -0.0 -0.0 -0.0 -0.0 -0.0 0.0 -0.11653932 0.0 -0.2511105 0.15642406 0.0 -0.0 -0.0 0.0 0.22131607 0.0 -0.0 -0.0 0.0 -0.0 -0.36726302 0.0 0.08606527 0.0 -0.0 0.3526659 -0.1956782 0.22822218 0.0 0.0 -0.0 0.15671541 0.102570094 0.0 -0.0 -0.08775512 0.20813735 0.0 -0.26073265 -0.0 -0.0 0.31923336 0.0 -0.0
-0.0 -0.0 -0.097687 -0.0 0.0 -0.0 -0.0 -0.0 0.15299834 -0.0 0.0 -0.0 -0.14531006 -0.0 0.0 0.0 0.0 0.0 0.1396577 -0.0 -0.0 0.10591062 0.18523985 -0.0 0.24828126 0.0 -0.0 -0.10621883 0.0 -0.0 -0.080535375 -0.0 -0.0 0.0 0.0 -0.0 0.0 0.0 0.062308878 -0.0 -0.0 0.0 -0.0 0.0 0.0 0.0 -0.10931424 0.0 -0.0 -0.0 0.0 -0.09608503 -0.0 0.0 -0.0 -0.0 0.0 -0.0 -0.0 0.0 0.0 0.20864072 0.0 -0.22961001
0.0 0.12033382 -0.0 0.0 -0.0 0.0 -0.0 -0.0 0.0 0.0 0.0 -0.0 -0.15121546 0.0 0.10622523 0.0 0.0 0.0 0.0 -0.0 -0.0 -0.0 0.0 0.0 0.0 -0.0 -0.0 -0.0 -0.0 0.0 0.0 -0.0 -0.0 0.0 -0.0 0.0 -0.0 0.0 -0.0 0.0 0.15960172 -0.0 0.0 -0.0 -0.10014018 0.0 -0.13207436 0.0 0.0 -0.0 -0.09940677 -0.0 -0.0 0.0 -0.2094952 0.13779908 0.0 -0.0 0.0 -0.0 -0.0 0.08154427 0.0 -0.0
0.0 -0.0 -0.0 -0.0 -0.0 -0.0 0.0 0.0 -0.0 -0.0 0.0 0.0 0.0 -0.0 -0.0 0.0 0.0 0.0 0.0 -0.0 0.0 0.0 0.0 0.0 0.0 -0.0 0.0 -0.0 -0.0 0.0 -0.0 0.0 -0.0 -0.0 0.0 -0.0 0.0 0.0 0.0 -0.0 -0.0 -0.0 0.0 0.0 0.0 0.0 0.0 0.0 0.0 0.0 -0.0 0.0 -0.0 0.0 0.0 0.0 0.0 0.0 -0.0 -0.0 0.0 0.0 -0.0 -0.0
-0.2643537 0.0 0.0 -0.0 -0.4033886 0.0 -0.0 0.0 -0.4061167 -0.34595075 -0.20476404 -0.0 0.23392688 -0.0 0.14197065 0.0 -0.0 -0.0 -0.18722942 -0.0 0.14261134 -0.22532915 -0.0 -0.18144996 -0.0 0.0 0.24485596 0.30795094 0.0 -0.39746922 0.0 0.55289286 -0.298606 -0.0 0.15607713 0.0 -0.18340899 0.0 -0.0 -0.0 -0.0 0.2899922 0.111392945 -0.0 -0.19364758 -0.13270147 0.29039136 -0.0 0.0 0.0 -0.0 0.0 0.86589205 0.0 0.0 -0.0 0.0 0.0 0.0 -0.0 0.0 -0.12947743 -0.0 0.0
-0.0 -0.0 -0.0 0.0 -0.0 -0.0 -0.0 -0.0 -0.0 -0.0 0.0 0.0 0.0 0.0 -0.0 -0.0 -0.0 -0.0 -0.0 -0.0 0.0 0.0 -0.0 -0.0 -0.0 -0.0 0.0 0.0 0.0 0.0 0.0 0.0 0.0 0.0 -0.0 -0.0 0.0 0.0 -0.0 -0.0 0.0 -0.0 0.0 -0.0 -0.0 -0.0 0.0 -0.0 0.0 -0.0 -0.0 -0.0 -0.0 -0.0 -0.0 -0.0 -0.0 0.0 -0.0 -0.0 -0.0 -0.0 -0.0 0.0
0.0 0.0 -0.25524232 -0.0 0.20928362 -0.0 0.29225203 -0.0 -0.0 0.0 -0.0 0.0 0.0 -0.0 0.0 -0.0 -0.19783823 0.0 -0.30068403 0.0 0.23660697 0.0 -0.13635719 -0.0 -0.0 0.16489188 -0.17236224 0.0 0.0 0.0 0.0 -0.29841506 0.0 -0.0 -0.0 -0.0 0.0 0.0 -0.0 -0.0 0.0 0.0 0.0 -0.0 0.0 0.0 0.0 -0.15706046 -0.0 -0.0 -0.0 -0.0 -0.0 0.0 -0.1378184 0.13123772 -0.0 -0.0 0.0 0.33368236 0.0 -0.25678378 0.0 0.12935132
-0.24804658 -0.0 -0.0 0.0 0.0 0.0 -0.2085277 0.0 0.19191708 -0.092600904 -0.0 0.0 -0.12614767 -0.12121604 0.0 0.08280642 -0.4959799 -0.0 0.123725794 0.32109815 -0.088815995 -0.0 -0.084148064 -0.29702324 0.15123492 0.0 0.1074594 0.0 0.0 -0.1909346 0.25758794 -0.0 0.41842815 -0.13740538 0.11612252 0.0 0.0 0.0 -0.0 -0.12554409 -0.0 0.19148935 0.0 0.0 -0.0 -0.0 -0.13957511 0.0 0.0 -0.0 0.0 0.0 0.11112731 0.0 0.0 -0.13272698 -0.10686387 -0.0 0.0 0.17892514 -0.0 -0.0 -0.0 0.0
-0.0 -0.0 -0.0 -0.0 -0.0 -0.0 -0.0 -0.0 -0.0 -0.0 -0.0 -0.0 -0.0 0.0 -0.0 -0.04633922 -0.0 -0.0 -0.098620474 0.035106957 -0.0 -0.0 0.0 0.0 -0.07950027 -0.0 -0.0 -0.0 0.0 -0.13449837 -0.0 0.0 -0.05285814 -0.0 -0.0 0.0 0.0 -0.0 -0.043676473 -0.0 0.0 -0.0 0.07131814 0.0 -0.0 0.0 -0.0 0.0 -0.0 -0.0 -0.0 -0.0 0.0 -0.0 -0.0 -0.0 -0.0 -0.0 0.0 0.0 -0.0 -0.0 0.0 -0.0
-0.0 -0.0 -0.0 -0.0 -0.0 -0.0 -0.0 0.0 -0.26116756 0.0 0.0 -0.0 0.0 0.0 -0.0 -0.0 -0.0 -0.0 -0.11611617 -0.0 0.0764356 -0.0 0.11979117 -0.0 -0.0 -0.0 0.09099981 0.0 -0.0 -0.0 0.0 -0.0 0.0 0.0 0.0 0.0 -0.0 -0.0 0.0 0.0 0.0 -0.0 -0.0 -0.0 0.0 -0.0 0.28305382 -0.0 0.0 0.0 -0.0 -0.0 -0.0 -0.0 0.0 0.0 -0.0 0.0 0.0 -0.0 -0.0 -0.13891234 -0.0 0.0
0.0 0.0 0.052874334 -0.0 0.0 -0.0 -0.0 0.0 -0.2180542 0.0 0.0 -0.0 0.08595789 0.0 -0.0 0.0 -0.0 -0.0 -0.23572488 0.0 0.0800968 0.0 -0.05938186 -0.0 0.0 0.0 0.0 0.0 0.0 0.06415787 -0.0 0.0 0.0 -0.0 0.0 -0.0 0.0 -0.0 -0.0 -0.0 -0.0 -0.0 0.0 -0.0 0.04953965 0.0 0.20497294 -0.0 0.0 0.05960217 -0.087173894 0.0 -0.0 0.0 -0.0 -0.0 -0.06720579 0.0 -0.0 -0.0 0.0 -0.20467383 0.0 0.096474975
-0.0 -0.0 0.0 0.0 -0.0 -0.0 0.0 0.0 0.0 0.0 0.0 0.0 -0.0 0.0 -0.0 0.0 0.0 0.0 0.0 -0.0 -0.0 0.0 -0.0 0.0 -0.0 -0.0 -0.0 -0.0 0.0 -0.0 -0.0 -0.0 0.0 0.0 -0.0 -0.0 -0.0 -0.0 0.0 -0.0 -0.0 0.0 -0.0 -0.0 -0.0 -0.0 -0.0 0.0 -0.0 -0.0 0.0 0.0 0.0 -0.0 -0.0 -0.0 0.0 0.0 -0.0 -0.0 -0.0 0.0 -0.0 -0.0
0.0 0.23874429 0.0 -0.0 0.0 -0.0 -0.0 -0.0 -0.0 0.29715708 0.0 -0.0 0.4459696 -0.24318896 0.0 -0.0 -0.0 0.0 -0.22013003 0.0 -0.0 0.0 0.0 -0.0 -0.2751119 -0.0 -0.0 0.0 0.25178188 0.0 0.0 0.0 -0.0 -0.0 0.0 0.0 0.0 -0.15802391 0.0 0.0 0.0 -0.0 0.0 0.0 -0.0 -0.0 0.21421187 0.0 -0.0 -0.0 -0.0 0.0 0.0 -0.0 -0.30307463 -0.26293623 -0.0 0.0 0.23865393 0.0 0.2534346 0.26943576 0.0 -0.0
0.0 -0.0 0.0 -0.0 -0.0 -0.0 -0.0 0.0 -0.10135232 -0.0 0.0 -0.0 0.0 -0.0 -0.0 0.0 -0.0 0.0 -0.0 -0.0 0.0 0.0 -0.0 -0.0 0.112373754 -0.0 0.0 0.0 0.0 -0.0 0.0 -0.0 0.0 0.0 0.0 -0.0 -0.0 -0.0 0.29723018 0.0 -0.0 -0.0 0.0 -0.0 -0.0 -0.0 0.25307614 -0.0 0.0 -0.0 -0.0 -0.0 -0.0 0.0 0.0 0.0 0.0 0.0 -0.0 -0.0 -0.0 -0.12659542 -0.33417556 -0.0
0.0 -0.0 -0.0 -0.0 0.0 0.0 0.0 0.0 0.085166834 0.0 -0.0 0.0 -0.07224131 -0.0 -0.0 -0.0 -0.0 -0.0 0.0 -0.0 -0.0 -0.0 0.0 -0.09748128 0.0 0.0 -0.0 -0.06514223 0.13501221 0.0781776 -0.0 0.0 0.0 0.0 0.0 0.0 0.08020842 0.0 0.0 -0.0 0.0 0.0 -0.07088654 -0.0 0.0 -0.0 -0.0 -0.0 0.0 -0.0 0.0 0.0 0.0 -0.0 -0.0 -0.081255026 0.0 -0.0 0.0 0.085564554 0.0 0.0 0.0 -0.0
-0.0 -0.0 -0.0 -0.0 0.1536329 -0.0 0.0 -0.0 0.21583135 -0.0 -0.0 0.0 -0.0 -0.0 0.20800185 0.16592114 0.0 -0.0 0.0 0.0 -0.09524053 -0.0 -0.31487963 0.09211306 0.45428076 0.31145248 -0.0 -0.0 -0.0 -0.11967549 0.16705154 0.0 -0.0 -0.0 0.0 0.1432268 0.0 0.14479335 -0.0 -0.0 -0.0 0.0 -0.21102522 -0.0 -0.0 -0.0 -0.24749546 -0.0 -0.0 -0.0 0.0 0.0 0.0 0.19233878 -0.0 -0.0 0.12459435 -0.0 -0.0 0.0 0.0 0.21245055 0.0 0.0
-0.0 0.0 -0.0 -0.0 -0.0 -0.0 0.0 -0.3237996 -0.0 0.0 0.0 -0.0 0.0 -0.17450492 0.0 -0.0 0.10695591 -0.0 -0.0 0.0 0.0 0.0 0.0 0.0 -0.0 0.0 0.0 0.0 0.0 -0.0 0.0 0.0 0.1743808 0.0 -0.0 -0.0 -0.0 -0.0 -0.0 0.0 -0.0 0.0 0.0 0.0 0.0 0.0 0.16715373 -0.0 0.0 0.0 -0.0 -0.0 -0.0 -0.0 0.0 -0.0 0.0 0.0 0.0 0.0 -0.0 -0.0 -0.0 -0.0
0.0 -0.0 0.0 0.14073879 -0.0 -0.0 -0.0 0.0 -0.20928936 0.0 0.0 0.0 0.0 0.0 -0.0 0.0 0.0 0.0 -0.16072759 0.0 0.16678968 -0.0 0.16384794 -0.0 0.14916398 -0.0 0.0 -0.0 0.0 -0.0 0.0 -0.0 -0.0 -0.0 0.0 0.0 0.0 0.0 0.0 0.0 0.0 -0.0 -0.16402136 0.0 0.0 0.0 0.09301961 0.13679287 0.0 -0.0 -0.0698154 0.0 -0.0 -0.0 0.0 0.0 -0.08217481 -0.0 0.0 -0.091587484 0.19490746 -0.1156493 -0.0 -0.0
0.0 -0.0 -0.0 -0.0 -0.0 0.0 -0.0 -0.28138888 0.103095904 0.0 -0.13410741 0.0 -0.09814273 -0.52244985 0.0 0.0 0.0 0.0 0.5819262 -0.13476293 -0.228615 -0.0 0.08624969 -0.0 0.20399931 0.0 0.0 -0.0 -0.0 -0.22806092 -0.1714855 -0.0 0.14485481 -0.0 0.14982755 -0.109588444 0.0 -0.11923395 0.09397023 0.17873621 -0.0 0.12944186 0.24473235 -0.156891 0.0 0.0 0.41382653 -0.09079038 -0.0 -0.0 0.0 -0.114921235 0.0 -0.0 0.11865036 -0.0 0.0 0.0 -0.0 0.08023382 -0.096673146 0.18591347 0.0 -0.0
0.0 -0.1916985 -0.0 0.17987378 -0.12731963 -0.0 -0.0 -0.19180918 -0.0 -0.0 0.0 -0.0 0.0 0.18422085 0.0 0.0 0.0 -0.0 0.0 0.0 0.1550801 -0.0 -0.0 -0.0 0.0 -0.0 -0.0 0.0 -0.0 0.16187118 -0.0 -0.0 0.0 0.0 -0.17325617 -0.0 0.0 0.12033293 -0.0 0.0 0.16295137 0.0 0.0 -0.0 -0.0 -0.264988 0.13755131 -0.25696975 -0.0 -0.0 -0.0 -0.13730697 -0.11727662 -0.0 -0.0 0.25305238 -0.110041365 0.0 -0.0 -0.0 0.15193793 -0.3038216 -0.0 0.0
-0.0 -0.1865425 -0.0 -0.0 -0.0 0.0 -0.0 -0.21683607 -0.3258069 0.0 0.0 -0.0 0.0 0.12056035 -0.0 -0.0 -0.0 -0.18565309 -0.27842978 -0.0 0.15154478 0.0 -0.0 -0.0 0.0 -0.0 0.0 -0.0 0.20808408 0.0 -0.0 0.0 -0.0 -0.0 -0.12296609 -0.0 0.20523171 0.0 -0.0 -0.0 -0.19628593 -0.0 -0.0 0.0 -0.0 -0.2524427 0.19111118 -0.0 0.0 0.0 0.728293 0.0 -0.23256154 -0.0 0.4276582 0.15562601 -0.0 0.0 -0.0 -0.0 -0.336615 -0.15658206 -0.0 -0.0
-0.17806342 0.14136513 -0.68607754 -0.0 0.0 -0.0 0.35813266 -0.0 -0.26956865 -0.0 0.0 0.0 0.0 -0.0 0.0 -0.32117727 -0.17240547 0.0 0.0 -0.48469207 0.0 0.0 -0.0 0.0 0.0 0.2654664 0.0 -0.0 0.0 0.0 0.19432947 0.0 -0.21538164 0.0 -0.0 -0.0 -0.0 -0.0 -0.16802646 -0.0 -0.0 -0.0 0.0 -0.0 -0.0 0.0 0.15613133 0.0 0.23951916 0.0 -0.0 -0.120697714 0.0 0.0 -0.0 -0.0 0.0 0.0 0.0 0.0 -0.0 -0.2191301 0.0 0.33907253
0.0 0.0 0.06798833 0.0 0.0 -0.0 0.0 0.1608588 -0.17526709 -0.0 -0.0 0.0 0.0 0.09180714 0.0 -0.0 -0.10435781 -0.100149654 -0.21310231 0.0 0.22625431 -0.0 0.0 -0.0 0.0 0.08166237 0.0 0.095767036 0.0 0.124246284 -0.0 0.0 -0.0 -0.0 0.0 0.0 0.0 0.0 -0.18024376 0.0 0.0 0.0 0.16036227 0.0 -0.0 0.0 0.23106852 0.0 0.0 -0.0 -0.0 -0.0 -0.0 0.0 0.0 0.0 -0.0 0.0 -0.0 -0.0 0.0 -0.18862835 0.33218032 0.0
0.0 -0.0 0.0 0.0 0.0 0.0 0.0 0.0 0.0 -0.0 0.0 -0.0 -0.0 0.0 0.0 0.0 -0.0 0.0 0.0 -0.0 0.0 -0.0 -0.31598565 0.0 -0.0 0.23447688 0.0 -0.0 0.0 0.0 0.0 0.0 -0.0 -0.0 -0.0 -0.0 0.0 0.510143 -0.0 -0.0 0.0 0.0 0.0 0.0 -0.0 0.16621473 -0.0 0.0 -0.0 0.0 0.0 -0.0 0.0 0.19215068 0.0 0.0 -0.0 0.0 -0.0 -0.0 0.4630776 0.43983614 0.3185125 -0.0
-0.0 -0.0 -0.0 -0.0 0.0 -0.0 0.0 0.0 0.18949987 0.24764083 0.0 0.0 0.15542713 0.24830382 -0.0 -0.0 0.0 0.12339488 0.16498365 -0.0 0.0 0.0 -0.0 0.0 0.0 -0.0 0.0 0.24607474 0.0 -0.0 0.0 -0.0 0.0 0.0 0.0 0.0 0.0 0.0 -0.0 0.0 0.15176281 -0.0 0.0 0.0 0.0 -0.0 -0.0 0.0 0.0 0.0 0.0 0.0 0.0 0.0 0.0 0.0 0.11709936 -0.0 0.0 0.0 0.0 -0.0 -0.13542989 -0.0
0.0 0.0 0.0 0.0 -0.0 -0.0 -0.0 0.0 0.0 0.0 -0.0 0.0 0.0 -0.0 0.0 -0.0 -0.0 -0.0 0.0 -0.0 0.0 -0.0 0.0 0.0 0.0 0.0 0.0 0.0 0.0 0.0 -0.0 -0.0 0.0 0.0 -0.0 0.0 -0.0 0.0 0.0 -0.0 0.0 0.0 0.0 -0.0 0.0 0.0 0.0 -0.0 0.0 0.0 0.0 0.0 0.0 0.0 -0.0 -0.0 0.0 0.0 -0.0 0.0 0.0 0.0 -0.0 0.0
-0.08743859 -0.0 -0.0 -0.0 -0.0 -0.0 0.0 0.0 0.17226514 -0.0 -0.0 0.06361411 -0.0 0.12622601 -0.0 0.0 -0.0 0.0 0.13982032 -0.0 -0.11072681 -0.0 -0.0 0.0 -0.0 0.0 -0.0 0.0 -0.0 0.0 0.0 0.0 -0.0 0.0 0.0 0.0 0.0 -0.0 -0.0 0.0 0.0 0.06397288 0.0944986 -0.0 -0.0 -0.0 -0.13257453 -0.0 -0.0 0.0 0.098806426 0.0 0.0 0.0 -0.0 -0.0 0.06564568 -0.0 0.0 0.09151596 -0.19041832 0.090755686 0.0 -0.0
0.0 -0.0 -0.0 0.0 0.0 -0.0 0.0 0.0 -0.0 -0.0 -0.0 -0.0 0.0 0.0 -0.0 -0.0 0.0 0.0 -0.0 0.0 0.35269797 -0.0 -0.0 -0.0 -0.0 -0.0 0.0 0.0 0.0 0.0 -0.0 -0.0 -0.0 0.0 -0.0 0.0 0.0 -0.0 -0.0 -0.0 0.0 0.0 0.0 0.0 -0.0 -0.0 0.0 0.0 -0.0 0.0 -0.0 0.0 -0.0 -0.0 0.0 -0.0 0.0 0.0 0.0 -0.0 0.0 0.0 -0.0 0.0
