56 56 64 64 1 0 1 1
0.05455509 0.0 0.04040471 0.0 0.029857112 0.031089397 0.0 0.0 0.02661026 0.044538148 0.057928342 0.0443308 0.0 0.070958674 0.0 0.0 0.048504278 0.07094758 0.0 0.0 -0.0 0.0 0.0 0.0 0.0 0.059026685 0.04031448 -0.0 0.081184216 0.028262112 0.0 0.040066395 0.0 0.0 0.028452385 -0.0 0.0 0.07537194 0.044003792 0.0 0.04355132 0.0 0.11886684 0.0 0.08164759 -0.0 -0.0 0.0 0.0 0.0 0.050169863 0.04659154 0.0 0.076193795 0.0 0.056986116 0.02886158 0.0 0.063202426 0.04261566 0.0 0.0 0.03946722 -0.0
0.0 -0.0 -0.12947805 0.0 -0.0 0.0 0.0 -0.0 0.0 -0.30092672 0.10925599 0.0 -0.0 0.0 -0.0 0.0 0.0 0.2944388 0.0 0.0 -0.0 -0.0 -0.0 -0.11961248 -0.10037926 0.0 0.0 0.0 -0.0 0.0 0.0 0.0 -0.17761265 0.0 -0.0 -0.0 0.0 -0.27393943 -0.0 -0.0 -0.1391002 0.0 0.0 0.0 -0.0 0.0 0.0 0.0 0.0 -0.0 0.0 0.24524105 0.49609447 -0.1342719 0.11281126 -0.0 -0.0 0.0 -0.0 -0.0 0.0 0.0 0.0 -0.0
-0.0 0.0 -0.0 -0.0 -0.0 -0.0 -0.0 -0.0 -0.0 -0.0 0.0 -0.0 -0.0 0.0 -0.0 0.0 -0.0 -0.1490272 -0.0 -0.0 -0.0 -0.06967398 0.0 -0.0 -0.0 -0.0 0.0 -0.0 -0.0 0.0 -0.0 -0.0 -0.08384661 -0.1964392 -0.0 -0.0 -0.0 -0.0 -0.0 -0.0 -0.0 0.0 -0.08205371 0.0 -0.0820599 -0.12061012 -0.0 0.0 -0.0 -0.0 0.0 -0.0 0.0 -0.0 0.0 -0.12026315 -0.0 0.0 -0.0 0.0 -0.0 0.0 -0.19551131 0.0
0.0 -0.0 0.0 0.0 -0.0 -0.0 -0.0 0.0 -0.0 -0.09045891 -0.40115672 -0.0 0.0 0.13877293 -0.0 -0.08568191 -0.0 -0.03473628 0.0 -0.0 0.065106176 -0.0 -0.19768214 -0.0 -0.25665277 -0.0 0.0 0.070333205 0.07031216 0.0 0.08850121 0.0 0.0 0.0 0.0 -0.0 -0.0 -0.0 0.0 -0.10574657 0.08549236 -0.0 -0.0 -0.14435916 0.0 -0.0 -0.23294213 -0.27927914 -0.0 -0.0 -0.0 -0.0 -0.0 0.08512355 -0.2621812 0.0 0.15305616 0.0 0.0 -0.3067506 -0.0 0.0 -0.0 -0.0
-0.0 0.0 -0.0 0.0 0.0 -0.13349134 -0.0 0.0 0.16731259 0.18774576 -0.0 0.13111703 0.0 -0.0 -0.0 -0.0 0.15534005 0.11133939 -0.0 -0.0 -0.08925158 -0.0 0.0 -0.0 -0.0 -0.0 0.0 0.0 -0.27881217 -0.0 -0.39311582 0.0 -0.0 -0.5449764 0.0 -0.0 0.0 0.0 -0.0 0.0 0.0 0.0 0.0 -0.0 0.0 -0.23823872 0.0 0.0 0.0 -0.0 0.0 -0.0 0.0 -0.3880382 0.0 -0.0 -0.19288506 -0.0 -0.0 0.0 0.0 -0.0 -0.0 -0.0
-0.0 0.0 0.11453583 0.0 0.0 0.0 -0.0 0.0 0.0 -0.0 0.0 0.0 0.0 -0.0 0.0 -0.0 -0.0 -0.1693358 -0.0 0.0 0.0 0.0 -0.0 0.0 -0.17431875 -0.0 0.0 0.1900075 -0.31820253 -0.0 0.0 0.0 0.0 -0.0 0.0 -0.0 0.15809467 -0.0 0.0 -0.0 0.0 0.0 -0.0 0.0 -0.0 0.0 0.0 0.0 0.0 -0.0 0.0 0.0 0.0 0.0 0.0 0.0 0.14444745 0.0 0.0 -0.0 -0.0 -0.0 -0.0 -0.0
-0.0 -0.0 -0.05004762 0.0 -0.07779821 0.0 -0.0 -0.0 0.0 -0.0 0.0 0.07711163 -0.0 0.0 -0.08956042 -0.0 -0.06022127 -0.17460057 -0.0 -0.0 0.0 -0.0 -0.0 -0.0 -0.0 0.0 0.0 -0.0 0.0 0.0 0.0 -0.0 -0.0 -0.0 -0.0 -0.0 0.0 -0.108627655 0.05139003 -0.09353628 -0.0 -0.07640092 -0.0 0.0 -0.10608587 -0.0 0.0 -0.0 0.0 -0.0 -0.0 0.0 0.0 -0.04287848 -0.0 0.08831988 -0.0 -0.0 -0.09818264 0.0 0.0 -0.0 -0.0 -0.0
0.0 -0.0 -0.0 0.0 0.0 0.0 -0.0 0.0 -0.0 -0.2959412 -0.0 -0.1467149 -0.0 0.13237062 0.0 0.0 -0.0 0.0 0.0 0.0 -0.0 -0.0 -0.0 -0.0 -0.3117973 -0.0 0.0 0.12528285 0.09148559 -0.0 -0.09372467 0.0 -0.0 -0.0 0.0 -0.22776219 -0.0 -0.0 0.0 -0.24155638 -0.0 -0.0 -0.0 -0.0 -0.0 -0.0 -0.0 -0.16795677 -0.0 -0.0 -0.0 -0.0 0.15285085 0.0 -0.0 -0.0 0.0 0.0 0.0 -0.1844539 0.0 0.0 -0.0 -0.0
0.11014934 -0.0 0.0 0.0 -0.0 -0.17289838 -0.0 -0.0 0.0 -0.1971295 -0.17356561 0.0 -0.0 -1.3262261 -0.0 -0.0 -0.0 -0.0 -0.0 -0.0 0.0 -0.0 -0.10183264 -0.0 -0.0 -0.0 0.0 0.0 -0.13498512 0.0 0.0 0.0 -0.13018245 0.0 0.0 0.0 0.0 -0.1631773 0.0 0.0 0.22250679 0.0 -0.0 0.20653597 0.0 0.15195009 -0.0 0.0 -0.0 0.0 0.0 -0.13934916 -0.22634934 -0.0 -0.0 0.0 0.0 0.0 0.0 -0.15369366 -0.0 -0.0 -0.0 0.0
0.0 -0.16069233 0.0 0.0 -0.0 -0.0 0.0 -0.0 0.0 0.0 -0.0 0.0 -0.0 -0.29439312 -0.15825284 -0.0 -0.0 -0.0 0.0 -0.0 -0.0 0.0 0.0 -0.0 0.0 -0.0 -0.0 0.0 -0.0 0.0 -0.0 0.0 0.0 -0.0 0.0 -0.0 0.0 0.0 0.0 0.0 0.3291773 -0.0 0.0 -0.0 0.0 0.0 -0.07013148 0.0 -0.0 0.09487167 -0.0 0.08744871 -0.0 -0.0 -0.0 -0.0 0.0 -0.0 0.058622517 -0.0 0.14044711 0.0 0.0 0.0
-0.0 0.0 -0.0 0.0 -0.0 -0.0 -0.0 -0.0 -0.0 -0.0 -0.15298289 -0.0 -0.0 0.11338484 -0.0 0.0 -0.0 0.0 0.0 0.0 0.14060569 0.0 -0.0 0.10039773 0.0 -0.090917744 -0.0 -0.0 -0.0 0.0 -0.0 -0.0 -0.0 0.0 -0.0 0.07134016 0.0 -0.15383886 0.107114725 -0.24383472 -0.4167076 -0.0 -0.0 0.0 -0.0 0.0 0.0 0.0 -0.0 -0.0 -0.0 -0.0 0.0 -0.22115111 0.0 -0.0 0.06410149 -0.0 -0.0 -0.0 -0.0 0.0 -0.0 0.0
-0.0 0.0 0.0 0.0 0.0 -0.0 -0.2755003 -0.0 -0.0 0.105433516 0.0 0.0 0.0 0.15914641 -0.0 -0.0 0.0 0.0 0.0 -0.0 -0.0 -0.0 0.0 -0.25401387 -0.0 -0.0 0.0 -0.0 -0.0 -0.0 0.0 0.0 -0.108331814 -0.0 -0.0 -0.0 0.0 0.0 -0.0 0.09859859 -0.0 0.10918752 0.11472207 -0.0 0.0 -0.21261176 -0.12889118 0.0 -0.0 -0.26891387 0.0 -0.0 0.0 -0.48925516 -0.0 -0.0 -0.2280109 -0.0 0.0 0.0 0.0 0.0 -0.0 0.0
0.0 -0.0 -0.0 0.0 -0.0 0.0 -0.0 -0.0 -0.0 -0.0 -0.22993639 -0.0 0.0 0.0 0.0 0.0 0.23392202 -0.0 0.0 0.0 -0.0 -0.0 -0.0 0.0 -0.0 -0.0 -0.0 -0.3136518 0.2734481 0.0 -0.35235184 -0.0 0.0 -0.42171526 0.0 -0.12553743 -0.0 0.0 0.0 -0.0 0.0 -0.0 0.0 -0.49245438 -0.0 -0.42267945 -0.0 0.0 0.0 -0.0 -0.0 0.14537662 0.0 0.16578054 0.0 -0.0 -0.0 0.0 0.0 -0.26672515 -0.0 0.0 -0.0 -0.0
-0.080982566 -0.0 0.0 0.0 0.0 -0.0 -0.0 0.0 -0.13703132 -0.0 -0.0 -0.0 0.0 -0.21235758 -0.0 0.15677197 -0.0 0.0 -0.0 -0.0 0.0 -0.0 -0.0 0.0 0.0 0.0 -0.0 -0.0 -0.12231515 -0.0 0.0 -0.0968534 -0.10162085 0.0 -0.0 0.0 -0.0 -0.29001784 0.0 0.0 -0.25347066 0.0 -0.1445092 0.0 -0.0 0.0 0.0 0.0 -0.0 0.0 -0.0 -0.0 -0.0 -0.17066419 0.0 -0.21989357 0.19893888 -0.0 -0.0 -0.0 0.0 -0.0 0.0 0.0
0.0 0.0 0.0 0.0 -0.0 -0.0 0.0 0.0 -0.0 0.0 -0.0 -0.0 0.0 0.0 0.0 0.0 -0.0 -0.0 0.0 -0.0 -0.0 0.09740833 0.0 0.0 0.17652611 -0.0 0.0 -0.0 -0.10420302 0.0 0.0 0.0 -0.0 0.0 -0.0 0.0 0.0 -0.08588841 -0.0 0.0 -0.75587547 0.0 -0.12389239 0.0 0.0 0.17453735 0.09061259 0.0 0.0 0.0 0.0 -0.21245989 -0.0 -0.0 0.0 -0.0 -0.13402386 -0.0 0.0 0.0 0.0 0.0 -0.0 0.0
-0.0 -0.0 -0.0 -0.0 -0.0 -0.0 -0.13264015 -0.0 -0.0 0.062094368 0.0 0.0 -0.0 0.10223524 -0.0 -0.19832203 -0.13147101 -0.0 0.0 -0.08460613 -0.0 -0.10042302 -0.10722902 -0.30613518 0.0 0.0 -0.0 0.0 -0.0 -0.0 0.0 -0.0 0.0 0.09886916 -0.0 0.052739378 -0.0 0.0 -0.055976763 0.0 0.0 -0.0 0.0835629 0.06531193 -0.0 -0.0 -0.0 0.0 -0.0 -0.15195467 -0.0 -0.14291756 -0.12696359 0.0 -0.0 0.0 -0.0 -0.0 0.0 0.0 -0.0 0.0 0.117868386 0.0
0.0 -0.0 -0.10535953 0.11871884 -0.0 -0.0 0.0 -0.0 0.0 0.0 0.0 -0.0 -0.0 0.0 0.0 0.0 -0.0 -0.0 -0.7695976 0.0 0.0 0.0 0.0 0.0 -0.0 0.0 -0.0 -0.0 -0.0 0.0 -0.0 -0.0 0.0 -0.0 -0.0 0.0 0.0 -0.0 0.0 0.108600475 0.0 -0.11848422 -0.0 0.0 -0.0 -0.0 0.0 0.0 -0.072984114 0.0 -0.0 0.0 0.0 -0.0 0.0 -0.0 -0.0 -0.0 -0.0 0.0 -0.08068535 -0.0 0.0 -0.0
0.0 0.14621755 -0.0 0.0 0.0 -0.0 -0.0 -0.0 -0.0 0.0 -0.0 0.24157442 0.12290666 -0.29254395 -0.14425159 -0.0 0.0 0.0 -0.0 -0.10240902 -0.0 0.0 -0.0 0.0 0.0 0.0 -0.0 -0.19509554 -0.0 -0.0 -0.0 -0.0 -0.0 -0.0 0.0 -0.0 0.0 0.0 0.113692455 -0.16118549 0.310405 -0.0 0.0 -0.0 -0.0 -0.0 -0.0 -0.0 0.0 -0.0 -0.0 0.0 -0.0 -0.0 0.0 0.0 -0.0 -0.0 -0.0 -0.0 -0.16458121 -0.0 0.0 -0.0
-0.0 0.0 0.0 -0.0 0.0 -0.0 0.0 -0.0 0.0 -0.21185932 -0.0 0.0 -0.0 -0.0 0.0 0.0 0.0 -0.0 -0.0 -0.0 -0.0 -0.0 -0.43218842 -0.0 -0.0 0.0 0.0 -0.0 -0.17710403 0.0 0.0 -0.0 -0.0 0.24616453 -0.0 0.0 -0.0 -0.0 0.0 -0.0 0.12937851 -0.0 0.0 -0.0 -0.0 0.0 -0.16573659 -0.0 0.0 0.10189451 0.0 0.15867524 -0.0 0.0 -0.0 -0.0 0.0 0.0 -0.0 -0.5373823 0.0 0.0 0.1664337 0.0
-0.0 -0.0 0.123002835 -0.14017518 -0.0 0.0 0.0 0.0 -0.0 -0.0 -0.0 -0.6330036 -0.0 0.0 0.3217896 0.0 -0.0 -0.0 -0.0 0.0 -0.0 0.0 0.0 0.0 0.0 0.0 -0.0 0.0 -0.10887941 0.0 -0.13949715 -0.0 0.0 -0.0 -0.0 0.0 -0.0 -0.0 -0.4544993 0.46169364 -0.0 0.24550886 -0.0 -0.0 -0.0 0.0 0.0 -0.0 -0.0 0.0 -0.0 0.0 -0.0 0.22010154 0.0 -0.0 0.0 0.0 -0.0 0.0 0.0 -0.0 -0.0 0.0
-0.0 -0.0 0.0 -0.286028 0.12701139 0.0 -0.0 -0.0 -0.0 0.0 -0.0 0.0 0.052105278 -0.0 -0.0 0.0 0.0 -0.051434692 0.21868986 0.0 0.0 0.0 0.0 0.0 0.0 0.0 0.0 0.0 -0.0 -0.05467606 0.0 0.0 0.0 0.0 -0.0 0.0 -0.0 -0.0 -0.13216878 0.07612549 0.0 0.0 -0.0 -0.0 -0.0 0.0 -0.0 0.0 0.0 -0.0 0.0 0.0 0.0 0.07512927 0.0 -0.0 0.0 -0.0 -0.0 0.06367994 0.0 -0.06200825 -0.0 -0.097248115
0.0 -0.0 -0.0 0.0 0.0 -0.0 -0.0 0.0 0.0 -0.0 -0.0 -0.0 -0.0 0.0 0.0 -0.0 -0.0 0.0 -0.0 -0.0 0.0 -0.0 -0.0 -0.0 -0.0 -0.0 0.0 0.0 -0.0 -0.0 0.0 0.0 -0.0 0.0 0.0 0.0 -0.0 -0.0 -0.0 -0.0 -1.6317772 -0.0 -0.0 0.0 0.0 0.2215754 0.0 -0.0 0.0 0.0 0.0 -0.42405853 -0.21132682 -0.32941362 -0.0 -0.0 -0.0 0.0 -0.0 -0.0 -0.0 0.0 0.0 0.0
-0.0 0.0 -0.0 -0.0 -0.0 -0.06726273 -0.0 0.0 0.0 0.0 -0.0 -0.20153841 -0.0 -0.3115997 0.19447576 0.0 -0.0 -0.0 -0.0 0.0 0.0 0.0 0.0 -0.0 -0.0 0.12768146 -0.0 0.055460554 -0.1108203 0.0 -0.0 -0.0 0.0 -0.08243755 -0.0 0.0 -0.0 0.08274768 -0.21096027 0.2580184 0.19936228 0.11608737 -0.0 -0.0 -0.0 0.0 0.0 0.0 0.0 -0.0 -0.0 -0.0 -0.16671425 0.11749284 0.0 0.0 0.0 0.0 -0.0 0.0 -0.25855455 -0.0 -0.0 0.0
0.0 -0.0 0.0 0.19835235 0.0 0.0 0.0 -0.0 0.0 -0.0 0.0 0.0 0.0 -0.0 0.0 -0.0 -0.0 -0.27793887 0.0 0.0 0.14082523 0.0 -0.0 -0.0 0.0 0.0 0.20827207 -0.30199367 -0.0 0.0 0.35650897 0.0 -0.0 0.0 0.0 0.0 0.0 -0.0 -0.0 0.0 -0.0 0.0 0.0 0.0 0.0 -0.0 0.0 0.0 0.0 -0.0 0.21576253 0.0 -0.0 -0.0 -0.0 0.0 0.0 -0.0 0.0 -0.0 0.0 0.0 0.0 -0.0
0.0 -0.0 -0.087064646 -0.78466177 -0.0 -0.0 0.0 0.0 0.0 0.0 -0.0 0.0 -0.0 0.0 -0.0 0.0 -0.0 -0.0 0.08724237 -0.0 -0.0 -0.0 -0.0 0.0 -0.0 -0.0 -0.0 0.0 0.042989835 0.0 -0.0 0.0 0.0 0.0 0.0 0.0 0.0 -0.0 -0.0 -0.0 0.0 0.0 0.0 -0.0 0.0 0.0 -0.0 0.0 -0.1354691 -0.0 -0.0 0.0 -0.0 0.0 -0.0 0.0 0.0 -0.0 0.08142444 -0.0 -0.11826333 -0.0 0.0 0.10528193
0.0 0.0 -0.0 0.0 -0.0 -0.0 -0.08710968 -0.0 0.09719331 0.0 -0.0 0.0 -0.0 0.0 0.0 0.0 0.099914305 -0.0 -0.0 -0.0 0.38435936 -0.0 -0.0 -0.0 -0.0 0.0 -0.0 -0.142185 0.0 0.0 0.0 0.0 -0.0 -0.20731972 0.0 0.0 0.0 0.12693916 0.0 -0.0 0.0 0.0 0.0 0.38861686 -0.0 -0.44825995 -0.0 0.0 -0.0 -0.0 0.0 -0.0 0.10202557 -0.26286465 0.0 -0.0 0.15619956 -0.0 -0.0 -0.25728494 0.0 0.0 -0.0 0.0
-0.0 0.0 0.0 -0.0 -0.0 -0.0 -0.0 -0.0 0.0 0.0 -0.0 -0.0 0.0 -0.0 0.0 0.0 0.121761255 -0.0 0.0 0.0 -0.0 0.0 0.0 0.0 -0.0 -0.0 0.0 -0.8209498 -0.0 -0.0 0.14668274 -0.0 0.0 -0.18525444 -0.0 -0.0 -0.0 -0.0 -0.0 -0.0 0.0 0.0 -0.0 -0.23078682 0.0 -0.0 -0.0 0.0 -0.0 0.0 -0.0 0.0 0.1154635 -0.0 0.0 -0.0 -0.21890134 -0.0 0.0 -0.0 -0.0 0.0 -0.0 0.0
-0.0 -0.0 0.21616046 -0.0 0.18600297 -0.0 0.0 -0.0 0.0 0.0 -0.0 0.0 0.24620412 0.0 0.0 -0.0 0.0 0.32281378 0.0 0.0 -0.0 0.0 0.0 0.0 0.0 -0.0 0.0 0.0 0.0 -0.49234256 -0.0 -0.0 0.0 0.0 0.0 0.0 0.0 0.2414014 0.0 -0.0 0.0 -0.0 0.0 0.0 0.0 0.0 0.0 0.0 -0.0 0.0 0.14780526 -0.0 -0.0 -0.0 0.0 -0.15174259 0.0 -0.13282347 -0.0 0.0 0.0 0.0 0.0 -0.67039
-0.04100733 0.042056113 0.0 0.0 -0.066020206 -0.109144785 -0.0 -0.0 -0.0 0.0 -0.0 -0.0 -0.0 -0.0 0.0 -0.0 0.0 0.13058752 -0.0 -0.0 -0.0 -0.0 -0.0 -0.0 0.0 -0.11171618 -0.032104205 0.0 0.0 -0.0 -0.0 -0.0 0.0 0.04834883 -0.0 -0.0 -0.0 0.08856749 0.0 0.0 0.030028678 -0.0 -0.0 -0.0 0.03425552 0.0 0.0 -0.0 -0.0 -0.0 -0.0 -0.027550964 -0.0 0.0 -0.0 -0.16963509 0.0 -0.0 0.0 0.0 -0.0 -0.0 0.0 -0.0
-0.0 0.0 0.0 0.0 -0.0 -0.0 -0.0 -0.0 -0.0 -0.051006835 -0.0 -0.0 -0.0 0.0 0.07827108 -0.04343726 -0.07914281 -0.0 0.0 -0.062134437 0.0 -0.0 -0.0 -0.0 -0.25338668 -0.08349278 -0.0 0.0 0.09356502 -0.0 0.0 -0.0 0.0 -0.0 -0.0 -0.0 0.0 -0.0 0.094355874 -0.0 0.0 -0.0 0.06649094 -0.0 -0.0 0.0 -0.11860566 -0.27285266 0.0 0.0 0.0 -0.0 0.0 0.0 -0.19420479 -0.0 0.0 -0.0 0.0 -0.051042646 0.0 0.0 0.0 0.0
-0.0 0.0 0.0 0.0 0.0 0.1434895 0.0 -0.0 -0.0 -0.18113619 -0.0 -0.0 0.0 0.0 0.0 0.0 -0.0 0.0 -0.0 0.15017529 0.19491038 0.0 0.18175474 -0.13796437 -0.17756803 0.0 0.0 -0.0 0.22775811 0.0 0.0 0.0 0.0 0.20158057 0.0 0.0 -0.0 0.0 -0.0 -0.18522358 -0.0 -0.0 0.0 0.0 -0.0 -0.0 -0.0 -0.0 -0.0 -0.21301955 0.0 -0.0 -0.0 0.0 -0.0 0.0 -0.14136991 0.0 0.103067465 -0.0 -0.0 0.0 0.0 -0.0
-0.0 -0.0 0.0 0.0 0.0 -0.0 0.0 -0.0 -0.0 0.2719218 -0.3683468 -0.0 0.0 -0.0 0.12216742 0.0 -0.0 -0.21234658 0.0 0.0 0.0 0.0 -0.13465413 -0.0 -0.0 -0.0 -0.0 -0.14247233 0.11340977 -0.0 0.10139707 0.0 0.2609511 -0.10734255 -0.0 0.0 -0.0 0.1958597 0.0 -0.0 0.0 -0.08930664 -0.0 -0.0 -0.0 -0.0 -0.0 -0.0 0.0 0.0 -0.0 -0.3288209 -0.44543657 0.16295409 -0.0 0.08958579 -0.14298089 -0.0 0.0 -0.0 0.0 0.0 -0.0 -0.0
0.0 0.0 0.0 -0.13101573 0.0 0.0 0.0 -0.0 -0.0 0.0 -0.0 -0.0 0.0 -0.0 -0.08866531 0.0 0.0 0.095390014 0.20572318 0.0 -0.0 0.0 0.0 0.0 -0.0 0.0 0.0 0.2927968 -0.070811704 0.0 -0.20569225 0.0 0.0 -0.0 0.0 -0.0 -0.0 -0.0 0.0 -0.13657314 -0.0 0.089706376 -0.0 -0.0 0.09080497 0.0 0.0 0.0 0.0 0.0 0.0 0.0 -0.0 0.0 0.0 0.117179506 0.077068776 -0.0 0.0 0.0 0.0 -0.0 -0.0 0.0
-0.0 -0.0 0.0 0.0 0.0 -0.0 -0.0 -0.0 -0.0 -0.0 -0.096012436 0.09207807 -0.0 -0.7312505 -0.13430071 0.0 -0.0 -0.0 0.0 0.0 0.0 0.0 -0.0 0.0 0.0 -0.0 0.0 0.0 -0.106172554 0.0 0.0 -0.0 -0.0 -0.0 0.0 0.0 0.0 -0.085819304 0.0 -0.0 0.103236906 -0.0 -0.0 0.0 -0.0 0.11820467 0.1325733 0.0 0.0 -0.0 0.0 -0.16379766 -0.15698105 -0.19999894 0.07911352 -0.0 -0.0 0.0 -0.0 0.0 0.0 -0.0 0.0 0.0
0.0 -0.6587593 -0.0 0.0 -0.0 0.0 -0.0 0.0 0.0 0.0 -0.0 -0.14181162 -0.0 0.0 -0.0 0.0 -0.0 -0.0 -0.0 0.0 0.059258725 -0.0 0.0 0.0 0.0 -0.0 -0.0 0.06447726 0.09722321 0.0 0.0 -0.0 0.0 0.0 0.0 0.0 0.0 -0.06079961 -0.088365644 0.13539469 -0.05662216 -0.06982246 -0.0 -0.0 -0.0 0.0 0.0 -0.0 0.0 0.0 -0.0 -0.0 -0.0 0.0 -0.0 -0.0 0.0 -0.0 -0.0 0.0 0.21072124 0.0 0.0 0.0
-0.0 -0.0 0.17856397 0.0 0.3097371 -0.0 0.0 -0.20477295 -0.0 -0.0 -0.0 -0.0 0.0 0.0 0.1274102 0.0 0.0 0.2969723 -0.0 0.0 0.0 0.0 -0.0 -0.0 -0.0 -0.0 0.121183366 0.0 -0.0 -0.24480976 0.0 0.0 0.0 -0.0 0.0 0.0 0.0 0.0 -0.0 0.0 0.0 -0.0 -0.0 0.0 0.0 -0.0 -0.0 0.0 0.0 0.0 0.07534083 0.0 0.0 0.0 -0.0 -0.0 0.0 -0.11104645 0.15528876 -0.0 -0.0 -0.0 -0.0 -0.30824503
-0.0 -0.0 0.0 -0.0 0.18255125 0.44253838 0.0 -0.0 -0.0 -0.0 0.0 -0.0 0.0 0.0 0.0 0.0 -0.0 -0.19673713 -0.0 0.0 -0.0 0.0 0.0 -0.0 -0.0 0.0 0.40244496 -0.0 0.0 -0.0 0.0 0.34415844 0.0 -0.0 -0.0 0.0 0.0 -0.0 -0.0 0.0 -0.0 0.0 0.0 0.0 0.0 -0.0 0.0 -0.0 -0.0 -0.0 0.38128358 -0.0 0.0 0.0 0.0 -0.0 0.0 -0.0 0.0 0.0 -0.0 -0.0 -0.0 -0.7168814
0.0 -0.0 0.43730623 0.0 -0.0 -0.0 0.0 -0.5664172 0.0 -0.0 -0.0 0.0 -0.5120916 0.0 -0.0 0.0 0.0 0.64381015 0.0 0.0 0.0 0.0 0.0 -0.0 -0.0 0.0 0.0 0.0 0.0 0.0 0.0 0.0 0.0 0.0 0.0 -0.0 0.0 0.0 0.0 0.0 -0.0 0.0 -0.0 -0.0 0.8845611 -0.0 0.0 0.0 -0.0 0.0 0.0 -0.0 0.0 0.0 -0.0 -0.0 -0.0 -0.0 0.62011683 -0.0 0.0 -0.0 -0.0 0.3389726
0.083425865 -0.0 0.0 0.0 0.04578475 0.050344 0.039509933 0.039498612 0.0 0.0 0.051346995 0.08039662 0.07468522 -0.0 -0.0 0.0 0.0 0.09960184 0.0 0.0 0.0 -0.0 -0.07148448 0.0 0.044780634 0.06316989 0.044446554 0.0 0.0 0.052032407 0.082859196 0.039389122 0.0 0.075566575 0.032364048 0.028270867 0.0 0.0 0.07339463 -0.0 -0.07456618 -0.0 0.0 0.047697254 0.08503369 0.0 0.042909086 0.0 -0.0 0.0501866 0.072767705 -0.0 -0.0 0.0 0.0 0.051624727 0.07377991 0.05735496 0.046491917 0.060394254 0.0 -0.0 0.03360023 0.0
0.0 0.0 0.0 -0.0 0.0 -0.0 0.0 0.0 -0.0 0.0 -0.0 0.0 -0.28146082 -0.0 0.0 -0.0 0.0 0.22994162 0.0 -0.0 -0.0 0.0 0.0 -0.0 0.0 -0.0 0.0 0.0 0.0 0.12590395 0.0 0.0 0.0 -0.0 0.0 -0.0 0.0 0.10590732 0.0 0.0 -0.0 0.0 -0.0 -0.0 0.40864924 0.0 -0.0 -0.0 -0.0 0.0 0.0 -0.0 -0.0 0.0 0.0 -0.0 -0.0 0.14250863 0.2793629 0.0 -0.0 0.0 -0.0 0.0
0.0 0.0 0.0 -0.0 0.0 0.0 -0.0 -0.0 -0.0 -0.0 -0.0 0.0 -0.0 0.0 0.0 -0.0 0.0 -0.0 -0.0 -0.0 -0.12198678 -0.0 -0.0 -0.0 -0.0 0.0 0.113873295 -0.8473988 0.0 0.0 0.26465654 0.0 0.0 0.0 0.0 -0.0 0.0 0.0 -0.0 -0.0 0.0 -0.0 0.0 -0.35107425 0.0 -0.27933267 -0.3279637 -0.0 -0.0 -0.0 0.0 0.0 0.0 -0.0 -0.0 -0.0 -0.23021208 0.0 0.0 -0.111344635 0.0 0.0 -0.0 0.0
0.0 0.0 0.0 0.0 0.0 0.0 0.0 0.0 0.0 0.0928818 -0.0 -0.0 0.0 0.27084288 -0.0 -0.09872168 -0.0 0.0 -0.0 0.0 -0.0 -0.0 0.0 -0.0 -0.0 -0.0 0.0843111 -0.0 0.0 0.0 -0.0 0.0 0.11300204 -0.1068564 0.0 -0.12074908 0.0 0.21549441 0.0 -0.34373197 0.0 -0.0 0.0 -0.0 0.0 0.16298129 0.0 -0.0 0.0 -0.0 -0.0 -0.35376388 -0.0 -0.0 -0.0 0.1766136 -0.24425866 -0.0 0.0 0.09956387 0.0 -0.0 0.0 -0.0
-0.0 0.0 -0.0 0.0 0.0 -0.0 -0.0 -0.0 -0.0 -0.14908691 -0.0 0.0 0.0 -0.2167605 -0.0 -0.08829976 -0.0 0.118765846 0.0 -0.0 -0.07061901 -0.0 -0.12424255 -0.10627942 0.0 -0.09181833 -0.0 0.21016732 -0.2800694 -0.0 0.12190228 -0.0 -0.12534647 0.0 -0.0 0.0 -0.0 -0.19343677 -0.0 0.081016995 -0.117216684 0.0 0.0 0.14386335 0.0 0.0 0.114996925 -0.0 -0.0 -0.08281533 -0.0 -0.5886497 -0.41839916 -0.29230502 -0.0 0.0 -0.20627157 0.0 0.0 0.0 0.0 -0.0 0.0 -0.0
-0.0 -0.0 0.0 0.0 -0.0 -0.16761988 -0.0 -0.0 -0.0 0.0 0.16868043 0.0 -0.0 0.0 0.0 -0.2714123 -0.0 0.0 0.0 -0.0 -0.6948676 -0.0 0.0 -0.23030896 0.0 -0.0 0.0 0.0 -0.0 -0.0 -0.0 -0.0 -0.0 -0.0 0.0 -0.20582992 0.0 0.0 -0.0 0.0 0.0 -0.0 -0.0 -0.0 -0.0 0.20869741 -0.0 -0.0 0.0 -0.0 0.0 0.2162032 -0.0 -0.0 -0.0 0.0 -0.64021397 -0.0 0.0 0.0 -0.0 -0.0 -0.0 -0.0
0.0 -0.0 -0.0 -0.0 0.0 0.059881587 0.06741019 0.0 0.045598377 0.08167554 -0.0 0.0 0.0 0.043862212 -0.06785577 0.059621386 0.0 0.0 -0.0 0.05686146 0.0 0.0 0.061255306 0.0879834 0.0 0.0 0.0 -0.0 0.0 0.0 -0.0 0.0 0.06597186 -0.0 0.0 0.0 0.0 0.0 0.0 -0.08652314 0.062089905 -0.047738973 -0.07338098 -0.0 0.0 -0.0 0.0 0.07912071 -0.0 0.0 0.042374905 -0.0 0.0 -0.05061263 0.061470926 -0.0 -0.04156843 0.0 0.0 0.0 0.0 -0.05123277 -0.03820311 0.0
0.0 0.0 0.0 0.0 0.0 0.0 0.0 0.0 -0.0 -0.0 -0.075854294 0.0 -0.0 -0.4263685 0.080518365 0.0 0.0 -0.0 0.0 0.0 0.20021407 -0.0 0.0 0.0 -0.0 -0.0 0.0 -0.098105855 -0.0 0.0 0.1500962 0.0 -0.0 0.11505699 0.0 0.0 0.0 -0.124431826 0.12058456 -0.0 0.0 -0.0 -0.0 0.0 0.0 0.0 0.0 0.0 -0.0 0.0 0.0 -0.13885336 -0.0 -0.0 0.0 -0.0 -0.0 -0.0 0.0 -0.0 -0.0 0.0 -0.0 -0.0
-0.0 -0.0 0.0 -0.0 0.0 -0.0 0.0 0.0 0.0 -0.0957906 -0.5262716 -0.15795755 -0.0 -0.35468644 0.0 -0.0 -0.0 -0.0 0.0 0.0 0.0 -0.08907345 -0.0 0.0 -0.0 -0.0 -0.0 0.18549249 -0.0 -0.0 -0.0 -0.0 -0.0 -0.0 -0.0 0.0 -0.0 -0.21179609 0.1305003 -0.26399666 -0.08634462 -0.0 0.0 -0.12715906 0.0 0.0 -0.11327287 -0.0 0.0 0.12863435 -0.0 -0.15490527 -0.2563945 0.10105171 -0.0 0.0 0.15686354 0.0 -0.0 -0.12807445 0.0 0.0 -0.0 -0.0
-0.0 -0.0 0.0 0.0 0.0 -0.0 -0.0 -0.0 -0.0 0.0 -0.0 -0.0 0.0 -0.24471144 0.0 -0.0 0.0 -0.0 -0.0 -0.0 -0.0 -0.0 0.0 -0.0 0.0 0.0 0.0 -0.0 -0.24802364 -0.0 -0.0 0.0 0.0 -0.0 -0.0 -0.0 0.0 -0.0 -0.0 0.2957134 0.0 0.0 0.0 -0.18749529 0.0 0.0 0.0 0.0 -0.0 -0.0 0.0 0.0 -0.0 0.0 -0.0 0.0 -0.0 0.0 0.0 -0.0 0.3758573 -0.0 0.0 0.0
0.0 0.37992525 -0.0 -0.0 -0.07985025 -0.0 0.0 0.0 0.0 0.0 0.0 0.0 -0.0 0.0 0.0 -0.0 -0.0 -0.0 -0.0 -0.0 -0.0 0.0 0.0 0.0 0.0 -0.0 -0.0 0.0 -0.0 -0.0 0.0 0.0 0.0 -0.0 0.0 -0.0 0.0 -0.0 0.0 -0.0 0.0 0.0 -0.0 -0.0 0.0 0.0 -0.0 0.0 0.0 0.0 -0.0 0.0 -0.0 -0.0 0.0 -0.0 0.0 -0.0 0.0 0.0 -0.64110315 0.0 0.0 -0.0
-0.0 0.0 -0.0 -0.0 -0.0 -0.0 0.0 -0.0 -0.0 0.0 -0.0 0.14403474 -0.0 0.0 0.0 0.0 0.0 -0.0 0.0 0.0 0.10306305 0.0 -0.0 -0.0 0.23800269 -0.0 0.0 -0.0 0.0 -0.0 0.0 -0.0 0.0 0.35872152 -0.0 0.0 0.0 -0.15853976 -0.0 0.18752311 -0.0 -0.127429 0.0 -0.38847494 -0.0 0.22359124 -0.29558915 0.0 0.0 -0.0 -0.0 0.0 0.0 0.0 -0.0 0.0 -0.5084623 -0.0 0.0 0.0 0.0 -0.0 -0.0 -0.0
0.0 0.0 -0.0 0.0 0.0 0.07159829 0.0 0.0 0.0 -0.0 0.0 0.0 0.0 0.028727837 0.06274345 -0.0 -0.040006578 -0.13956073 0.0 0.0 -0.0 -0.0 -0.0 -0.0 -0.0 0.075846 0.02874949 0.0 -0.028479602 0.0 0.0 0.031595968 0.0 -0.0518399 0.0 -0.0 0.0 -0.049855154 0.0 0.0 -0.0 0.05242208 0.0 0.0 -0.0 -0.0 -0.0 0.0 -0.0 0.0 0.0 0.0493346 0.0 0.0 0.0 0.16193026 0.0 0.0 -0.0 0.0 0.0 0.0 0.0 -0.0
0.0 -0.074898966 0.0 -0.0 0.0 0.0 -0.0 0.0 0.0 0.0 0.0 -0.0 -0.0 0.23452692 -0.0 -0.0 0.0 0.0 0.07046464 0.0 0.0 0.0 0.0 -0.0 -0.0 0.0 0.0 -0.08455126 0.0 0.0 0.102402136 0.0 0.0 0.0 0.0 -0.0 0.0 0.0 -0.14821646 0.0 -0.16883388 0.0 0.0 0.0 0.0 -0.0 0.0 0.0 0.0 0.0 0.0 -0.0 -0.0 -0.0 0.0 0.0 -0.0 0.0 0.06914073 0.0 0.11107072 0.0 0.0 0.0
-0.0 0.0 -0.0 0.0 -0.0 0.0 -0.14530157 -0.0 -0.0 -0.0 0.0 0.12725529 0.0 0.19104105 -0.0 -0.09333031 -0.0 -0.0 -0.0 -0.0 -0.0 -0.0 -0.0 -0.12017053 0.0 0.0 0.0 -0.14399977 -0.0 0.0 0.24430421 0.0 -0.2007821 -0.0 -0.0 -0.0 -0.0 -0.0 -0.16209042 0.0 -0.14799817 0.0 -0.0 0.0 0.0 -0.0 0.0 0.0 0.0 -0.0 0.0 -0.20205672 -0.0 -0.20115815 0.0 -0.0 -0.27163258 0.0 0.0 0.13302647 -0.0 0.0 -0.0 0.0
-0.0 -0.0 0.0 0.17681022 0.07920666 0.0 0.0 0.0 -0.0 0.0 0.0 -0.122627184 -0.0 0.0 0.0 0.0 -0.0 0.052018367 -0.16136864 -0.0 -0.0 -0.0 0.0 0.0 -0.0 -0.0 0.0 0.2347329 0.0 0.0 -0.21058834 0.0 0.0 -0.0 0.0 -0.0 0.0 -0.0 0.082162365 -0.0 -0.0 -0.0 -0.0 0.0 0.077104166 0.0 0.0 -0.0 0.0 0.0 0.0 -0.0 -0.0 0.0 0.0 0.08595698 0.0 -0.0 0.0 0.04194368 0.0 0.0 -0.0 0.0
0.0 0.0 0.0 -0.0 -0.0 -0.0 -0.0 0.0 -0.0 -0.0 -0.22002104 -0.0 -0.0 -0.5388401 0.0 0.0 -0.0 -0.13850954 -0.0 0.0 -0.0 -0.0 0.0 0.0 -0.0 -0.0 0.0 -0.7364342 -0.0 -0.0 0.0 0.0 0.0 -0.0 0.0 -0.0 0.0 -0.22636867 -0.0 -0.0 -0.2942434 0.0 0.0 -0.0 -0.0 -0.0 -0.0 0.0 -0.0 -0.0 0.0 -0.21027581 -0.0 -0.21693423 0.18712819 -0.16928822 -0.15171295 -0.0 -0.0 -0.0 -0.0 -0.0 0.0 0.0
-0.0 0.0 0.0 -0.0 -0.0 -0.0 0.12232682 -0.0 0.0 0.0 -0.0 -0.0 -0.0 0.0 0.0 0.09692597 0.0 0.0 -0.0 0.14685158 -0.07984248 0.0 0.0 0.0 -0.0 -0.0 0.0 0.0 0.0 -0.0 -1.0587443 0.0 0.0 -0.21010429 0.0 0.0 0.0 -0.0 0.0 -0.0 0.0 0.0 -0.0 -0.18286742 0.0 -0.0 -0.0 0.07023287 0.0 0.0 0.0 0.0 0.0 -0.0 0.0 0.0 -0.089878425 0.0 0.0 -0.0 0.0 -0.0 -0.0 -0.0
-0.0 0.39315605 -0.0 -0.0 -0.0 -0.0 -0.0 0.0 -0.0 -0.0 0.0 -0.12241594 -0.0 0.14399056 0.15502562 -0.0 0.0 0.0 0.0 -0.0 0.0 -0.0 0.0 -0.0 -0.0 0.0 0.0 -0.0 -0.0 -0.0 -0.0 0.0 -0.0 -0.17007957 -0.0 -0.0 0.0 -0.0 -0.1410311 0.0 -0.25602895 0.0 -0.0 -0.0 0.0 -0.0 -0.0 -0.0 -0.0 0.0 0.0 -0.0 0.0 -0.0 0.0 0.0 -0.0 -0.0 0.0 0.0 -0.0 -0.0 0.0 0.0
-0.0 -0.0 0.0 -0.0 -0.0 -0.0 0.18344486 -0.0 0.0 -0.093151875 0.2974654 0.0 -0.0 -0.15567409 -0.16668569 -0.17624171 -0.0 -0.0 -0.0 -0.0 -0.10906577 0.0 0.0 -0.0 -0.14689262 0.0 0.0 -0.0 0.108957395 0.0 -0.0 -0.0 0.07392512 0.0 -0.0 0.0 0.0 -0.11672402 0.0 -0.14625074 0.0 -0.0 -0.0 0.23792863 -0.0 0.0 0.081470124 0.08992181 -0.0 0.0 0.0 -0.0 0.0 0.12690572 0.1231926 -0.11916793 -0.22561598 -0.0 -0.0 -0.3536707 0.0 -0.0 -0.0 0.0
0.0 0.0 -0.0 -0.13637315 -0.0 0.0 0.0 -0.0 -0.0 -0.0 -0.0 0.0 -0.0 0.0 -0.0 0.08166831 0.0 0.0 -0.0 0.0 0.0 0.0 0.0 0.0 -0.0 0.0 -0.0 0.101260126 0.079534896 0.0 -0.0 -0.0 0.0 -0.0 -0.0 0.0 0.0 -0.07879433 0.0 -0.0 -0.0 -0.09966408 -0.0 0.0 -0.052901078 -0.0 0.09057289 0.0 -0.08047939 0.0 -0.0 -0.0 0.0 -0.0 0.0 -0.106357865 0.0 -0.0 -0.0 0.07608469 -0.3123701 -0.05791427 -0.0 0.0
-0.0 0.0 0.0 0.0 0.0 -0.09569602 -0.17942819 -0.0 0.0 -0.0 0.08297264 0.0 -0.0 0.0 -0.0 -0.1164479 -0.0 0.088197894 0.0 -0.26456702 -0.0 -0.087796554 -0.08008487 -0.12982234 0.0 -0.0 0.0 0.11850543 -0.4010156 -0.0 0.13390884 0.0 -0.16927703 -0.0 -0.0 -0.11881125 -0.0 -0.0 0.0 0.13309668 0.09726384 -0.0 0.104643166 0.0 0.0 0.0 0.0 -0.1109501 0.0 -0.0 0.0 0.0 0.0 -0.19614534 -0.13078387 -0.0 0.0 -0.0 -0.0 0.14512035 -0.0 0.0 0.0 0.0
0.0 -0.0 0.0 0.0 -0.0 0.0 0.0 0.0 0.0 -0.2913803 -0.0 -0.114563555 0.0 0.0 0.0 0.0 -0.0 0.0 0.0 -0.0 0.0 -0.0 -0.0 0.0 -0.16320251 -0.0 0.0 0.0 -0.0 -0.0 0.0 0.12049272 -0.0 0.0 0.0 0.0 -0.0 -0.0 -0.0 -0.0 -0.55309117 0.15994854 0.0 -0.0 0.0 0.0 -0.0 -0.0 -0.0 0.16266961 0.0 -0.35300443 -0.2992168 0.30004865 0.0 0.0 -0.0 -0.0 -0.0 -0.20070638 0.0 -0.0 -0.0 -0.0
0.051866934 -0.0 -0.0 0.0 0.07901204 -0.046111893 0.0840952 0.07102352 0.0 0.0 -0.11217385 -0.0 0.07177497 -0.06745957 0.07311416 0.10225294 0.0 -0.06535954 0.0 0.10880152 0.0 0.0 0.09021808 0.12752739 0.044834107 -0.0 0.0 -0.0 -0.037988115 0.077090465 -0.04432678 0.0 0.06926734 -0.0 0.0 -0.0 0.061270665 -0.06618815 -0.0 -0.0 -0.0 0.12790649 -0.10813754 -0.0 0.06296634 0.0 0.051674232 0.12827717 0.0 -0.0 0.0 -0.04925417 0.0 -0.04694292 0.14473823 -0.0 -0.07111994 0.062301073 0.0 -0.0392071 0.034172278 0.04450158 -0.054961465 0.0
0.0 0.0 0.0 0.0 -0.0 -0.0 -0.16884886 -0.0 -0.13392116 0.0 -0.0 -0.0 -0.0 0.0 -0.0 -0.0 -0.0 0.0 -0.0 -0.1757059 -0.26433495 0.0 0.0 -0.0 -0.18669988 -0.0 0.0 0.2997082 0.0 0.0 -0.32868588 0.0 0.0 -0.23721991 0.0 -0.27958944 0.0 0.1329804 0.0 -0.0 0.0 -0.0 -0.0 -0.14714508 0.11107358 -0.25357863 -0.15045136 -0.0 -0.0 -0.12898847 0.0 0.11310414 0.0 -0.0 -0.0 0.0 -0.0 0.0 0.0 -0.0 0.0 -0.0 0.0 -0.0
-0.0 0.0 -0.0 0.0 -0.0 -0.078244485 -0.09305174 -0.0 -0.0 0.0 -0.0 0.06798211 -0.0 0.0 -0.07042044 -0.05019601 -0.0 0.0 0.0 -0.10746817 -0.13303603 -0.0 0.0 -0.0 0.0 -0.07418205 -0.0 0.0 -0.084022366 -0.0 -0.06325046 -0.0 -0.0 -0.06664933 -0.0 -0.06478002 0.0 0.0 -0.0 -0.0 -0.0 -0.0 0.0 -0.0 -0.0 -0.0 -0.0 -0.0 0.0 -0.0 0.0 0.0 0.0 -0.0 0.0 -0.0 -0.0 -0.0 -0.0 0.0 0.0 0.0 -0.0 0.0
