56 56 64 256 1 0 1 1
-0.0 -0.12408723 -0.0 0.0 -0.0 0.0 0.0 -0.0 -0.21306126 0.2018785 0.0 -0.23350668 -0.0 -0.27242878 0.0 -0.0 -0.0 -0.0 -0.0 0.0 0.0 0.17345591 -0.22579919 -0.39204457 0.09183061 -0.32291484 0.0 0.4904648 0.20006406 0.0 -0.0 0.0 -0.14505948 0.0 0.0 -0.0 -0.0 -0.0 0.3989031 0.0 0.0 -0.0 0.13849376 -0.0 -0.31265724 -0.0 0.46428546 -0.3377103 0.14117876 -0.0 -0.0 0.1769286 -0.0 0.10594365 -0.10200591 0.24583355 0.0 -0.43768835 0.30738062 -0.0 0.0 -0.36519712 0.0 0.0
0.0 -0.0 0.17496306 0.24890295 -0.13050644 0.3041573 0.0 -0.17757203 -0.2721798 -0.21996176 0.14370984 0.1754304 0.0 0.0 0.0 0.0 -0.0 -0.11497025 0.0 0.0 0.0 0.0 0.3039413 -0.26613355 0.0 -0.0 0.0 -0.25323 -0.2349333 0.0 0.1581675 0.0 0.0 -0.0 -0.0 -0.0 0.0 -0.0 0.29237428 0.0 -0.0 0.0 0.45150313 -0.107708275 0.28500235 -0.12168214 -0.0 0.0 0.0 -0.13197497 0.0 -0.30513823 -0.0 -0.0 -0.11316545 0.1190907 0.0 0.0 0.0 0.0 0.0 -0.0 -0.0 0.18112779
0.0 -0.0 -0.15991992 -0.23805682 0.3021812 0.0 -0.0 -0.0 0.33125418 -0.15653747 -0.15158702 -0.18583322 -0.0 -0.12693046 -0.4589461 -0.13586676 -0.19566847 -0.25362974 -0.0 -0.0 -0.0 -0.0 0.0 0.0 -0.0 -0.0 0.27990702 -0.26500446 -0.0 0.15428662 -0.0 0.0 -0.0 -0.0 -0.22011942 0.0 -0.16501325 0.0 0.0 -0.0 -0.0 -0.0 -0.0 -0.0 0.0 0.0 0.16294204 0.0 0.14849979 0.23317681 0.091411546 0.11171025 -0.20688565 -0.0 -0.0 0.0 0.0 0.0 -0.0 0.0 -0.26176047 0.0 0.0 0.48397964
0.0 0.087805234 -0.0 0.10496234 0.0 0.0 0.07130701 -0.0 0.1641344 0.0 -0.10945706 0.27738297 -0.0 -0.105154686 -0.0 0.33620477 -0.1974745 -0.14280243 -0.54807764 -0.0 -0.11945222 -0.0 0.0 -0.24568644 -0.0 -0.14214665 -0.0 -0.31031904 0.0 0.0 0.0 -0.0 -0.115158595 -0.29028112 0.0 -0.2173412 -0.49217695 -0.0 -0.0 -0.082543 0.0 0.14953715 -0.0 0.15988794 -0.28329778 -0.0 -0.1402754 -0.19073287 -0.19533463 -0.0 0.20570406 -0.0 -0.0 -0.0 -0.11883316 -0.44235867 0.167342 0.0 -0.0 -0.0 -0.0 -0.0 -0.15212971 0.0
0.0 0.0 0.0 -0.0 -0.0 0.0 -0.0336329 0.0 -0.0 0.0 0.0 0.0 -0.0 0.0 0.0 0.0 -0.0 -0.0 -0.0 -0.0 -0.0 -0.0 0.0 -0.0 0.0 0.0 -0.0 -0.0 -0.0 -0.0 -0.0 0.0 -0.0 -0.0 -0.0 0.0 -0.0 -0.0 -0.0 -0.0 -0.0 -0.0 0.0 0.0 0.0 -0.0 -0.0 -0.0 -0.0 -0.0 -0.0 -0.0 0.0 0.0 -0.0 0.0 0.0 0.0 0.0 0.0 0.0 0.0 0.0 0.0
-0.0 -0.0 0.0 -0.0 0.0 -0.0 0.0 -0.0 -0.0 -0.0 0.0 -0.0 0.0 0.0 -0.0 -0.0 -0.0 0.0 -0.0 -0.0 0.0 0.0 0.0 -0.0 -0.0 -0.0 0.0 -0.0 -0.0 -0.0 -0.0 -0.0 -0.0 -0.0 0.0 -0.0 0.0 -0.0 0.0 0.0 0.0 0.0 0.0 0.0 0.0 0.0 0.0 -0.0 -0.0 0.0 0.0 -0.0 -0.0 -0.0 0.0 0.0 -0.0 0.0 -0.0 -0.0 0.0 -0.0 -0.0 -0.0
0.0 -0.0 0.0 0.0 0.0 -0.0 -0.0 -0.0 0.0 0.0 0.0 0.0 0.0 0.0 -0.0 0.0 0.0 0.031249663 -0.0 -0.0 0.0 -0.0 0.0 -0.0 -0.0 -0.0 -0.0 0.0 -0.0 -0.0 -0.0 -0.0 -0.0 0.0 0.0 0.0 0.0 -0.0 0.0 -0.0 0.0 -0.0 -0.0 0.0 -0.0 0.0 -0.0 -0.0 0.0 0.0 -0.0 -0.0 -0.0 0.0 0.0 0.0 -0.0 0.0 0.0 -0.0 -0.0 -0.0 -0.0 -0.031434253
-0.0 0.0 0.0 -0.0 0.0 0.0 0.11045259 -0.0 -0.0 0.24449815 -0.12883016 0.0 -0.0 -0.20437996 -0.0 -0.16467957 0.0 0.0 -0.0 -0.21485263 0.0 0.0 -0.1460054 -0.09806407 -0.0 0.14287893 -0.0 -0.0 0.0 -0.1390069 -0.0 0.121655226 -0.1879193 -0.12311613 0.0 -0.0 0.0 0.15453269 -0.0 0.0 0.0 -0.0 0.12049949 -0.0 -0.0 -0.1267614 -0.0 -0.13175064 0.51447767 -0.0 -0.0 0.0 0.0 0.3070852 -0.09073877 0.0 -0.0 -0.0 -0.0 -0.1264822 0.0 -0.0 -0.19758965 -0.0
-0.0 -0.0 -0.06278639 -0.0 -0.0 -0.4293478 0.0 0.0 -0.0 -0.44070783 0.092057124 0.0 0.0 -0.0 -0.0 0.1839052 0.0 0.09088554 -0.1645749 -0.12644953 0.0 -0.0 -0.0 0.36158404 -0.0 0.13847779 -0.0 -0.0 0.45723587 0.0 0.0 0.17955041 0.0 -0.0 -0.0 -0.0 0.0 0.0 0.0 -0.0 0.0 -0.0 0.57370865 0.0 -0.22588107 -0.0 0.0 0.0 -0.0 -0.0 0.0 0.25983098 -0.14149661 -0.0 -0.0 -0.0 -0.0 0.0 -0.0 -0.0 -0.0 -0.0 -0.16266845 -0.0
0.0 0.0 0.06798129 -0.0 0.0 -0.14567964 0.0 0.08033156 -0.0 0.1725449 0.0 0.0 -0.051752 0.0 0.0 0.0 -0.0 0.06856746 0.0 0.0 -0.0 -0.0 -0.0 0.04139181 0.0 -0.0 -0.0 -0.0 0.0 -0.0 -0.0641683 -0.0 0.076113306 0.0 -0.0 0.0 0.0 -0.10238296 -0.10787752 0.0 0.0 0.0 -0.15901805 0.07419978 -0.14577039 -0.0 -0.0 -0.0 0.0 0.0 -0.0 0.0 0.0 -0.10766538 -0.0 0.0 0.0 0.0 0.0 -0.0 0.0 -0.0 -0.0 -0.0
0.0 -0.0 0.19274507 0.17422554 0.0 0.0 0.0 -0.0 -0.23764372 0.0 -0.080749586 -0.11274461 -0.10386214 -0.0 0.0 0.14808717 0.0 -0.0 -0.22132376 0.0 0.0 -0.0 -0.0 0.0 -0.0 0.0 -0.0 -0.0 -0.0 -0.0 -0.0 -0.0 -0.0 0.0 0.0 -0.0 0.0 -0.0 -0.0 -0.0 0.0 -0.0 -0.0 0.0 0.0 -0.14223658 0.0 -0.12344839 -0.0 -0.0 0.14174852 -0.0 0.14342482 -0.0 0.07587836 -0.0 -0.0 -0.16585144 -0.0 0.0 -0.0 0.0 -0.0 -0.0
-0.0 -0.0 0.0 0.0 -0.0 -0.0 -0.0 0.0 0.0 0.5590091 -0.10719035 0.24133001 -0.0 -0.0912355 -0.0 -0.0 -0.0 0.0 -0.0 -0.26974627 -0.19440879 -0.0 0.0 0.14797117 -0.0 0.16339764 -0.09748554 -0.0 -0.0 -0.0 -0.11049862 -0.259706 -0.0 -0.0 0.15202393 -0.26187524 0.0 0.0 -0.16983683 -0.20442924 -0.2867529 0.0 0.26258272 -0.0 -0.0 -0.0 0.0 -0.0 0.18222778 0.0 -0.0 0.2668882 -0.0 -0.0 -0.0 0.09895947 0.0 -0.0 -0.0 -0.34102842 -0.14711496 -0.29818076 -0.0 -0.0
-0.15978856 -0.0 -0.0 0.0 0.0 -0.0 -0.29509664 -0.3422587 0.0 0.0 0.0 -0.0 0.0 -0.0 -0.0 0.38345152 -0.43596733 -0.15836632 0.0 -0.0 0.0 -0.0 0.30520797 -0.0 -0.0 -0.0 -0.16077994 -0.0 -0.0 0.0 -0.0 -0.0 0.0 -0.0 -0.18559867 -0.0 -0.0 -0.0 0.16847317 -0.2592659 -0.0 -0.0 -0.0 -0.0 0.0 0.0 0.0 -0.0 0.6429661 -0.35234472 -0.0 -0.0 -0.0 -0.0 -0.41321477 -0.0 -0.0 0.0 -0.0 -0.0 -0.26987743 -0.0 -0.0 -0.0
-0.0 0.17999321 -0.17521995 0.0 0.0 -0.0 -0.0 0.0 -0.3938866 0.22983503 -0.77250916 -0.12910914 -0.18457378 0.0 -0.0 -0.0 -0.0 0.0 0.0 0.1088286 -0.3661696 0.0 -0.0 0.0 0.0 0.18427835 -0.0 -0.24779704 -0.0 0.0 -0.0 -0.0 -0.5772194 -0.45875996 -0.0 0.20391199 0.124846146 -0.0 -0.22961542 0.0 -0.0 0.0 0.0 -0.5317048 0.0 -0.0 0.0 -0.0 -0.0 -0.0 0.0 0.0 -0.27581128 0.0 0.0 -0.0 -0.0 0.15698622 0.0 -0.0 -0.0 -0.0 -0.0 0.0
0.0 0.0 -0.0 -0.13778168 -0.0 -0.12444247 0.0 -0.0 -0.43818048 0.0 0.14266738 0.21867481 0.0 0.0 -0.16443264 0.0 -0.0 -0.19386427 -0.0 -0.0 -0.15171334 0.10122754 0.19051075 0.20086369 0.0 -0.0 0.26385042 -0.22636493 -0.10004309 0.086600825 0.0 -0.0 -0.32361174 -0.18150862 -0.0 -0.0 -0.072248295 0.0 0.0 -0.09525066 -0.0 0.0 0.0 0.14057866 0.0 0.0 -0.0 0.0 -0.0 0.15978734 -0.0 0.2084864 0.0 -0.0 0.0 -0.0 -0.09822428 -0.15564959 -0.09027382 0.0 -0.18323752 0.0 -0.0 0.2107815
-0.0 0.2814198 0.13307972 -0.055666514 -0.0 0.102373935 0.06562339 0.0 0.0 0.0 0.0 0.0 -0.0 0.0 -0.0 0.3183034 -0.0 -0.0 -0.07395751 0.0 -0.21642391 -0.06258588 0.14657766 0.0 0.0 -0.47580495 -0.0 -0.060368177 0.11222616 0.0 -0.0 -0.19687803 0.067032814 0.0 0.0 -0.15514024 -0.0 0.0 -0.19927894 0.0 0.118506245 0.0 -0.0 0.084797494 0.0 0.1147224 -0.10844779 0.26344177 0.0 0.13971768 -0.0 -0.0 0.0 -0.0 -0.0 -0.0 -0.0 -0.16682222 -0.0 0.0 0.08490444 -0.0 0.07703743 0.0
0.0 0.20389207 -0.0 0.21971078 -0.0 -0.0 0.0 0.0 0.23888871 0.0 0.0 0.34083194 0.0 0.0 -0.0 -0.0 0.0 -0.0 0.23044811 -0.0 0.0 0.0 0.0 0.0 0.0 -0.0 0.23109856 0.18047187 0.0 -0.0 0.0 -0.0 -0.0 -0.0 0.0 0.0 0.16512951 -0.0 -0.0 0.18025701 0.0 0.0 -0.0 -0.0 0.26932338 -0.0 0.15503615 0.0 0.0 0.0 -0.0 0.29328907 0.25100422 -0.0 -0.0 0.0 -0.0 0.0 -0.0 -0.0 0.0 -0.0 -0.0 -0.0
0.0 -0.0 -0.0 0.0 -0.0 0.0 -0.0 0.0 0.0 -0.0 -0.0 -0.050954554 -0.035896387 -0.0 -0.0 0.0 -0.0 0.043683477 -0.0 -0.0 0.0 -0.0 0.0 0.0 0.0 -0.0 -0.052672062 0.0 0.05278689 0.0 0.0 0.0 0.0687108 0.0 -0.0 -0.0 0.0 -0.0 -0.0 -0.0 -0.0 0.0 -0.0 0.0 -0.0 0.0 -0.0 -0.0 -0.0 0.0 -0.032374095 -0.0 -0.0 -0.0 0.0 -0.0 0.0 -0.0 -0.0 -0.0 -0.0 0.0 -0.0 -0.0
0.0 0.2624387 0.14607708 -0.0 -0.24373677 0.0 -0.1869276 -0.0 -0.12832327 0.0 -0.099714704 -0.22243929 0.0 0.0 -0.0 0.18987961 -0.0 0.14443958 0.18078744 0.0 -0.0 0.0 0.0 0.13165204 -0.0 -0.23529781 -0.0 0.0 0.1648681 0.0 -0.115538545 0.0 -0.0 -0.0 -0.11212497 -0.0 0.0 -0.0 0.0 -0.16355295 0.19424564 -0.16862436 -0.0 -0.3099929 -0.2049957 -0.0 0.0 0.0 -0.143463 0.0 -0.15762188 -0.0 0.0 -0.0 -0.0 0.18737738 0.0 -0.0 -0.16804284 0.0 -0.09549086 -0.0 -0.0 -0.1849247
-0.0 -0.0 -0.0 0.16208386 -0.1821271 -0.0 -0.0 0.0 0.5964086 -0.0 -0.33067423 -0.6652047 -0.0 -0.0 0.13434678 0.21402572 0.0 0.0 -0.25693268 0.0 0.0 -0.0 -0.27123016 -0.32027823 -0.114004016 0.0 -0.14765048 0.19682963 0.23223884 0.19239865 0.0 0.0 0.39689478 -0.20989397 -0.0 0.0 0.0 -0.0 -0.19564787 -0.0 -0.0 0.0 -0.19039255 -0.21903388 -0.0 0.16470961 -0.0 -0.15290803 -0.0 -0.0 0.0 0.0 -0.0 0.0 -0.0 -0.37361145 -0.0 -0.0 0.0 -0.0 0.0 -0.1491772 -0.0 -0.15602118
-0.0 0.0 0.0 0.0 0.0 0.0 0.0 0.0 0.0 -0.040343724 -0.0 -0.0 0.0 -0.0 0.0 0.0 0.0 -0.0 0.0 0.0 -0.0 -0.0 -0.0 0.0 -0.0 -0.0 -0.0 -0.0 0.0 0.0 -0.044770602 -0.0 0.0 -0.0 0.0 -0.0 -0.0 0.0 0.0 -0.0 -0.0 0.0 -0.0 -0.0 0.0 -0.0 -0.0 0.0 -0.0 -0.0 -0.0 -0.0 -0.0 -0.031051554 0.0 -0.0 -0.0 -0.0 0.0 -0.0 -0.03150605 -0.0 -0.0 -0.0
-0.0 -0.0 -0.0 -0.0 -0.55789673 -0.086827025 -0.5153499 0.15645556 -0.0 -0.0 0.0 0.0 -0.0 0.0 0.5702949 -0.0 -0.0 -0.5797438 -0.0 -0.20483595 -0.0 0.0 0.0 -0.0 -0.12625161 0.0 0.0 -0.0 -0.0 -0.0 0.0 -0.0 0.0 -0.0 0.0 -0.09605196 -0.0 -0.0 -0.12521522 0.114283316 0.0 0.15640582 0.0 -0.0 -0.0 -0.0 0.0 0.0 0.0 0.0 0.32535625 0.15412293 0.0 -0.13838865 0.0 -0.0 -0.0 0.0 0.0 -0.16740705 0.21957047 -0.0 -0.0 0.6750062
-0.0 -0.0 -0.0 -0.0 -0.0 0.0 -0.0 0.0 -0.0 -0.0 -0.0 0.0 -0.0 0.0 0.010567934 0.0 -0.0 -0.0 0.0 0.0 -0.0 0.0 0.0 0.0 -0.0 0.0 -0.0 -0.0 0.0 0.0 0.0 0.0 -0.0 0.0 0.0 -0.0 -0.0 -0.0 0.0 0.0 0.0 -0.0 -0.0 -0.0 0.0 0.0 0.0 0.0 -0.0 0.0 0.0 -0.0 0.0 -0.0 0.0 -0.0 0.0 0.0 -0.0 -0.0 0.0 0.0 -0.0 -0.0
-0.0 0.13473459 -0.2075745 0.0 -0.0 -0.0 0.0 0.0 0.0 -0.19162698 -0.09202057 0.0 -0.089488946 0.0 -0.0 0.075621165 -0.0 0.2640357 0.19100943 -0.0 -0.11595696 -0.0 0.0 0.0 -0.07887812 -0.0 0.0 -0.0 -0.124480665 0.0 -0.09225727 -0.0 0.08858227 -0.0 -0.0 -0.0 -0.0 -0.0 0.07701623 -0.0 -0.102459215 0.21858424 0.0 -0.0 0.0 0.0 0.089633435 0.070270546 -0.0931611 -0.0 0.0 0.0 -0.0 -0.0 0.0 0.10882963 0.17244235 0.0 -0.0 -0.0 -0.0 -0.0 0.0 0.0
0.0 0.0 0.11267103 0.0 0.0 -0.0 0.0 -0.0 0.0 -0.20795467 -0.0 0.0 0.0 0.0 0.0 0.053975128 -0.0 -0.0 0.0 0.0 0.0 0.0 -0.0 0.0 0.0 -0.083829984 -0.0 0.0 -0.0 0.0 0.0 0.06357817 -0.08819497 -0.0 -0.0 0.12598464 -0.0 0.0803615 -0.0 0.0 0.0 0.0 -0.0 -0.0 -0.064009584 -0.0 0.0 -0.10858382 -0.0 -0.0 0.0 -0.09355636 0.0 -0.059549578 -0.0 -0.0 -0.0 0.100218005 0.0 0.118898295 -0.0 0.09349582 -0.0 0.0955997
0.0 -0.0 -0.058961026 -0.08787992 0.0 -0.0 0.0 0.0 0.0 -0.0 0.06527853 0.0 -0.0 0.047059916 -0.095806286 0.11013362 -0.0 0.089954115 -0.0 -0.0 -0.05951754 -0.0 -0.0 -0.10806859 -0.0 -0.0 0.0 0.046289127 0.0 0.05308878 -0.0 -0.0 0.0 0.0 -0.0 -0.0 -0.0 0.0 0.1087729 0.0 -0.06832907 -0.055549473 -0.0 -0.0 0.0 0.0 -0.0 -0.0 -0.0 0.0 0.0 0.084261514 -0.0 0.0 0.0 -0.0 -0.0 -0.0 -0.0 -0.0 -0.0 -0.0 0.0 0.0
0.0 -0.0 -0.0 -0.0 0.0 0.0 0.0 -0.0 0.0 0.0 -0.05785942 -0.057946548 -0.0 -0.0 -0.0 -0.0 0.0 -0.0 -0.0 0.0 -0.0 -0.0 0.0 0.0 0.08393584 -0.0 -0.0 -0.0 -0.0 0.0 -0.0 -0.0 0.0 -0.0 -0.0 0.0 -0.0 -0.0 -0.0 -0.0 0.0 0.0 0.0 -0.0 -0.0 0.0 0.0 -0.0 0.0 0.0 -0.0 -0.0 0.07237267 0.0 -0.0 -0.0 -0.0 -0.0 -0.0 0.0 -0.0765937 0.07414126 0.0 0.0
-0.0 -0.0 -0.0 -0.0 0.0 -0.0 0.0 0.0 -0.0 0.0 -0.0 0.0 -0.0 0.0 0.0 0.037264366 0.0 0.0 -0.0 0.0 -0.0 -0.0 -0.0 0.0 -0.0 -0.0 0.0 0.0 -0.0 0.0 0.0 -0.0 0.0 0.0 0.0 0.0 0.0 0.0 0.0 -0.0 0.0 0.0 -0.0 0.0 -0.0 0.0 0.0 0.0 0.0 0.0 0.0 -0.0 0.0 0.0 0.0 -0.0 0.0 -0.0 -0.0 0.0 0.0 0.0 -0.0 0.0
-0.0 0.0 0.0 -0.0 0.0 -0.0 -0.0 0.0 -0.0 -0.016620362 0.0 -0.0 0.0 -0.0 -0.0 -0.0 0.0 -0.0 -0.0 -0.0 -0.0 -0.0 -0.0 0.0 -0.0 0.0 -0.0 -0.0 -0.0 0.0 -0.0 -0.0 0.0 -0.0 0.0 -0.0 -0.0 -0.0 0.0 0.0 -0.0 0.0 0.0 -0.0 0.0 -0.0 0.0 -0.0 0.0 0.0 -0.0 -0.0 -0.0 -0.0 0.0 0.0 0.016970472 -0.0 -0.0 -0.0 -0.0 0.0 -0.0 0.0
0.0 -0.36386687 -0.0 0.36484692 0.0 -0.3136799 0.0 -0.0 -0.0 0.0 -0.0 -0.43185574 0.0 -0.0 0.0 -0.250652 0.17180657 -0.0 0.0 0.22712237 0.0 -0.0 -0.0 0.65489954 -0.0 -0.0 -0.0 0.0 0.34294295 0.0 0.0 -0.25206083 0.0 0.0 -0.0 -0.26241374 0.0 0.58236045 -0.30829576 0.0 0.31779408 0.16372742 -0.3725898 -0.0 -0.51869357 0.0 0.0 0.0 -0.0 0.0 0.0 -0.22294632 0.49584123 0.0 -0.0 0.0 -0.0 -0.1922805 -0.22168502 0.0 -0.0 0.0 -0.40873682 -0.0
-0.0 0.0 0.0 -0.0 0.0 -0.15069644 -0.0 -0.0 -0.0 -0.33454454 0.0 0.1321381 -0.0 0.0 0.0 -0.0 -0.11154738 -0.0 -0.0 0.0 0.0 0.10901878 -0.2195006 -0.0 -0.0 0.0 0.0 -0.0 -0.24328707 -0.0 -0.0 0.0 -0.0 0.0 0.0 0.080015704 -0.0 0.0 0.08516669 -0.0 0.0 0.0 -0.3287984 0.1117581 0.0 0.13149594 0.1266033 -0.0 -0.0 -0.0 -0.0 -0.0 0.0 -0.0 -0.0 0.0 0.0 0.20929852 -0.0 0.14523476 -0.0 0.0 0.0 0.083043836
0.0 0.0 0.0 0.2234894 -0.0 -0.0 0.0 0.11466464 0.22078972 -0.14664628 0.37805796 -0.18176459 0.0 -0.0 -0.0 0.0 0.0 0.0 -0.0 -0.21022478 -0.0 -0.0 0.0 -0.0 0.0 -0.0 0.0 -0.0 0.0 -0.0 -0.0 -0.0 0.11874406 0.0 -0.0 -0.22180815 -0.0 -0.0 0.0 -0.0 0.0 -0.0 0.0 -0.0 0.2747432 0.0 -0.19201264 0.0 -0.0 0.0 0.0 0.0 0.0 -0.0 0.0 0.0 0.0 0.0 -0.11328778 -0.0 0.18573122 -0.0 -0.0 -0.29365027
0.0 0.0 -0.0 -0.0 0.0 -0.0 -0.0 -0.0 -0.0 0.05213138 -0.0 -0.0 0.0 -0.029182121 -0.0 -0.0 -0.039795924 0.0 0.0 0.0 -0.0 0.026299851 -0.0 0.0 0.0 0.05747258 -0.0 -0.0 -0.025387298 0.0 -0.0 0.0 -0.0 -0.0 -0.0 0.0 -0.0 0.0 -0.0 0.0 0.0 0.0 -0.0 -0.0 -0.0 0.0 -0.0 0.0 -0.0 -0.0 0.043853637 0.0 0.0 -0.0 -0.0 -0.0 -0.0 0.0 0.0 0.0 -0.0 0.0 0.026833648 -0.0
0.0 -0.0 -0.0 -0.0 0.0 0.0 0.0 -0.0 -0.0 0.0 0.0 0.0 0.0 -0.0 -0.0 -0.0 0.0 0.0 -0.0 -0.0 0.0 -0.0 -0.0 -0.0 0.0 0.0 -0.0 -0.0 0.0 -0.0 -0.0 -0.0 0.0 -0.0 0.0 0.0 -0.0 0.0 0.0 0.0 0.0 -0.0 0.0 -0.0 -0.0 -0.0 0.0 -0.0 0.0 0.0 -0.0 0.0 -0.0 0.0 -0.0 0.0 -0.0 -0.0 -0.0 0.0 0.0 0.0 0.0 -0.0
-0.0 0.0 0.0 -0.0 0.0 -0.0 -0.0 0.20930196 0.0 -0.0 -0.0 0.18553531 -0.0 -0.0 -0.0 0.0 0.0 -0.20474476 0.1298441 0.0 0.0 0.0 0.0 0.0 -0.0 -0.0 0.0 0.101889506 -0.0 -0.0 0.109929696 0.0 -0.24374595 0.0 0.0 0.0 0.0 -0.09003105 -0.0 0.0 -0.0 -0.0 0.0 0.0 -0.0 0.0 -0.0 0.0 -0.0 0.11878694 -0.0 0.0 -0.085281745 -0.0 0.0 -0.1438085 0.0 0.0 0.10096137 0.0 -0.0 0.0 -0.0 0.0
-0.0 0.0 0.18965743 -0.0 -0.0 0.24418722 -0.32533622 -0.29894778 -0.0 0.0 0.25103778 -0.20080516 0.0 -0.0 -0.23538798 0.0 -0.0 -0.0 -0.3671565 -0.39086825 0.19523408 0.0 -0.29811496 0.1643126 -0.0 -0.0 0.0 -0.0 0.0 -0.0 0.0 -0.0 0.16158749 0.0 -0.0 -0.24614699 -0.6722758 -0.0 0.0 -0.82682836 0.0 -0.0 -0.0 0.0 0.0 0.0 -0.0 -0.0 -0.0 -0.0 -0.55304635 0.0 0.0 0.0 -0.16511236 -0.0 -0.67417085 -0.0 -0.0 -0.0 -0.60252154 -0.0 -0.4042401 0.0
-0.0 0.0 -0.0 0.0 0.0 0.0 -0.0 -0.0 0.0 -0.0 0.10514823 0.0 0.2500083 -0.0 0.0 -0.0 -0.0 -0.0 -0.0 0.0 0.0 -0.0 -0.0 0.0 -0.0 -0.0 -0.0 0.0 0.0 -0.0 -0.0 -0.0 0.0 -0.0 0.0 0.0 -0.0 0.0 -0.0 -0.0 -0.0 0.0 -0.0 -0.0 -0.0 -0.0 0.0 0.0 -0.0 -0.0 0.0 -0.0 -0.0 0.0 0.0 -0.0 -0.0 -0.0 0.0 -0.0 -0.0 0.0 0.0 -0.0
0.14945838 0.0 0.0 0.0 0.0 -0.08866704 -0.09901018 0.09072982 -0.21874332 -0.0 0.0 -0.11202005 0.11074113 0.0 -0.0 0.0 -0.0 0.11709447 0.13440646 0.09925562 -0.116251126 0.25327545 0.05722548 -0.18800992 0.0 -0.17527346 -0.0 0.07268229 -0.0 -0.0 0.069353394 0.094213486 -0.13884377 0.0 0.0 0.14308906 0.17876568 -0.15827595 -0.0 0.0 -0.0 -0.0 -0.0 0.0 -0.19162697 -0.10112944 0.0 -0.10323935 0.0 -0.10270013 0.19813277 0.13827781 -0.11296411 -0.09256334 0.068084404 0.0 -0.1680646 -0.1348549 0.2499183 0.0 -0.1887175 -0.23406489 0.0 -0.0
-0.0 -0.0 -0.0 0.0 -0.0 -0.29415143 0.0 0.18707366 -0.0 0.17444398 0.64464784 -0.38074028 -0.0 -0.0 -0.0 0.14417511 -0.15502632 -0.39693362 -0.37573993 -0.0 -0.31219503 0.0 0.0 -0.0 0.0 -0.26215288 -0.0 0.0 -0.0 0.0 0.0 -0.32654294 0.7053579 0.7147764 -0.0 -0.0 -0.32116434 -0.35959026 -0.0 0.20925626 -0.0 -0.5216544 -0.0 0.4660916 -0.0 0.0 0.0 -0.21877986 -0.0 -0.0 0.0 0.0 -0.32959968 0.35405704 -0.0 -0.3088596 -0.2556914 -0.3236868 -0.18880275 -0.0 0.29498625 -0.31876677 -0.26349598 -0.0
0.0 0.0 0.0 -0.06112524 -0.0 -0.04711985 0.0 -0.0 -0.0 -0.0 0.0 0.0 0.0 0.0 -0.0 -0.0 0.0 -0.0 0.0 -0.0 0.0 -0.0 -0.0 -0.0 -0.0 0.0 -0.0 0.0 -0.07123008 0.0 -0.0 0.0 0.0 0.0 -0.0 -0.0 -0.0 -0.0 0.0 -0.0 0.0 0.049730938 0.0 -0.0 -0.0 -0.05625281 0.0 -0.0 0.0 0.0 -0.0 -0.0 -0.0 -0.0 -0.06628134 0.0 -0.0 -0.0 -0.0 -0.0 -0.0 0.0 0.0 -0.0
-0.0 -0.12831393 0.0 -0.12939703 -0.0 0.07366129 -0.0 0.08506582 -0.0 -0.0 -0.0 -0.07450962 -0.13169193 0.0 0.0 -0.0 -0.0 0.0 0.0 0.11041699 0.0 0.11023913 -0.116005644 0.07613862 0.0 -0.52217764 -0.0 0.0 0.10396373 0.07048864 -0.0 0.0 0.0711299 0.10088674 0.0 0.09304263 0.0 -0.17883848 0.0 -0.0 0.0 -0.0 0.0 -0.0 0.08476487 0.0 0.3107307 -0.0 0.0 -0.0 0.0 -0.13626538 0.0 -0.0 0.0 -0.091214046 -0.08482335 -0.08635644 0.0 0.064342186 -0.0 -0.17189531 0.053694595 0.0
0.0 -0.0 -0.12016334 0.0 -0.0 -0.12809779 -0.071104266 0.0 0.0 -0.12716211 -0.0 -0.0 0.0 -0.0 -0.0 0.0 -0.0 0.0 -0.057664804 -0.0 -0.0 -0.0 -0.0 -0.0 -0.0 0.0 -0.0 -0.0 -0.0668824 0.0 -0.0 -0.0 -0.0 -0.0 -0.0 -0.0 -0.07770134 -0.0 -0.0 -0.07433702 0.080989674 -0.0 -0.1019273 -0.0 -0.0 0.0 0.0 0.0 0.0 -0.0 0.0 -0.0 -0.0 -0.0 -0.0 -0.0 -0.06653012 0.093131654 -0.0 0.0 -0.0 -0.0 0.0 0.0
0.0 -0.0 0.15116352 -0.0 0.0 -0.0 0.0 -0.0 -0.0 0.081626244 -0.0 -0.0 0.06670532 -0.10361099 0.0 0.0 -0.0 -0.0 -0.0 -0.1723195 -0.0 0.08707564 0.0 -0.0 0.0 0.055124976 -0.0 -0.07900933 -0.0 0.0 0.0 -0.0 -0.060316894 -0.07611279 -0.057045422 0.0 0.0 -0.0 0.10067742 -0.0 -0.0 0.0 -0.091424674 -0.13284257 -0.0631973 0.0 0.0 -0.0863287 -0.09935599 -0.0 0.0 -0.05796303 -0.1374331 -0.06933701 0.0 -0.0 0.08167755 0.11277114 0.0 -0.0 0.0 0.11360164 -0.18366668 -0.069029525
-0.056194182 -0.0 -0.0 0.0 -0.0 0.0 -0.0 -0.10005132 0.0 -0.0 -0.08201521 -0.0 0.0 0.0 0.07354097 0.0 0.0 0.0 -0.0 -0.0 -0.0 -0.0 -0.0 -0.0 -0.18106133 0.0 0.1955848 0.0 -0.0 0.08964545 -0.0 -0.0 0.0 0.0 -0.0 0.0 0.06122035 -0.0 -0.0 -0.061647948 -0.0 -0.0 0.0 0.0 0.0 -0.0 -0.0 -0.0 -0.0 0.0 0.0 -0.0 -0.0 -0.0 0.0 -0.0 0.0 0.0 -0.0 -0.0 -0.0 0.0 -0.0 0.0
-0.0 -0.0 0.0 0.07246921 -0.0 -0.0 -0.056372665 -0.0 0.14916858 -0.11737205 0.0 0.13204649 0.0 0.0 -0.0 0.0 0.0 0.0 -0.067932695 -0.0 -0.0 -0.0 -0.0 -0.08316134 -0.0 -0.24989471 -0.0 -0.11107786 -0.0 -0.0 -0.0 -0.05985673 -0.04905419 -0.08838756 -0.0 -0.0 -0.0 0.07874072 0.0 -0.10178209 0.0 0.062198617 -0.0 0.058331884 -0.06867991 -0.0 0.059669387 -0.12065941 0.0 0.0 0.0 0.0 0.08472912 -0.0 0.0 -0.0 -0.0 -0.104716726 -0.059906654 -0.0 -0.082870826 0.0 -0.0 -0.0
0.09900618 0.0 0.0 0.0 0.06403771 -0.0 0.0 0.079682186 0.0 0.0 -0.0 0.0 0.09064518 0.0 0.0 0.25599512 0.18776819 -0.0 0.0 0.0 -0.0 -0.0 -0.0 0.0 -0.0 0.0 -0.08977577 0.0 -0.0 0.16061355 -0.0 -0.0 -0.0 -0.0 -0.1823197 -0.0 0.100672044 0.0 0.08429077 0.16096559 0.0 -0.0 -0.0 -0.0 -0.0 -0.0 0.0 -0.0 0.29633924 -0.12761556 0.0 -0.0 0.0 -0.0 0.2360832 0.0 0.0 -0.0 -0.0 -0.0 0.09926118 0.0 0.0 0.0
-0.08112451 -0.0 -0.0 0.0 0.0 -0.0 -0.0 -0.0 -0.0 -0.0 -0.0 0.0 -0.0 -0.0 -0.0 -0.0 -0.0 0.0 -0.0 -0.0 -0.0 -0.0 0.0 -0.0 0.108488545 0.0 -0.0 0.0 -0.0 0.0 -0.0 -0.0 0.0 -0.0 0.0 0.0 -0.0 -0.0 0.0 -0.0 0.0 -0.0 0.0 -0.0 -0.0 0.0 -0.0 -0.0 0.0 -0.0 -0.0 -0.0 -0.0 -0.0 -0.0 0.0 -0.0 -0.0 -0.0 -0.0 -0.0 -0.0 0.0 -0.0
0.0 0.0 0.0 0.0 0.0 -0.0 0.0 -0.0 0.0 -0.0 -0.0 0.0 -0.0 -0.0 -0.0 -0.0 -0.0 0.0 -0.0 -0.0 -0.0 -0.0 0.0 -0.0 0.0 0.0 0.0 -0.0 -0.0 -0.0 -0.0 -0.0 0.0 0.0 0.0 -0.0 -0.0 -0.0 -0.0 0.0 0.0 -0.0 0.0 0.0 0.0 0.0 -0.0 0.0 -0.0 0.0 -0.0 -0.0 -0.0 -0.0 -0.0 0.0 -0.0 0.0 -0.0 -0.0 0.0 0.0 0.0 -0.0
0.14510609 -0.0 0.0 0.0 0.0 0.0 0.0 -0.1602487 -0.0 -0.1226364 -0.12201224 -0.0 0.0 0.0 -0.0 -0.0 0.0 -0.15340297 -0.0 -0.0 -0.0 -0.0 -0.0 -0.10805744 -0.0 -0.0 0.0 0.0 0.0 -0.16098572 -0.0 0.0 -0.0 0.0 0.0 -0.0 -0.0 0.0 -0.0 -0.0 -0.0 -0.0 0.0 -0.0 0.15411186 0.0 -0.0 0.1559967 -0.0 0.0 0.0 -0.0 0.0 0.0 0.0 -0.0 -0.09736997 0.0 -0.0 -0.0 0.0 -0.0 -0.0 -0.16224383
-0.0 -0.0 -0.100639336 -0.0 -0.17639631 -0.0 0.0 -0.0 -0.23961902 0.15051585 0.0 -0.0 -0.0 0.0 0.0 0.3568546 0.0 -0.121107124 -0.0 0.0 0.0 0.0 -0.0 0.26214135 -0.0 -0.0 -0.0 -0.24296838 -0.0 0.0 -0.0 -0.0 -0.29518628 0.0 0.26275417 0.0 0.0 -0.16292098 0.15393163 -0.0 0.0 -0.22835806 0.0 -0.0 -0.0 -0.0 -0.0 0.0 -0.0 -0.0 -0.0 0.15089469 -0.15084162 0.0 0.0 0.24812332 0.0 -0.0 0.12449788 -0.0 0.0 -0.11493676 -0.0 -0.0
0.029604685 -0.0 -0.0 0.0 0.0 0.0 0.0 -0.0 -0.0 -0.0 -0.0 -0.0 -0.0 -0.0 -0.0 -0.0 -0.0 -0.0 0.0 0.0 0.0 0.0 0.0 0.0 0.0 0.0 0.0 -0.0 -0.0 -0.0 -0.0 0.0 -0.0 0.019114323 0.0 0.0 -0.0 0.0 0.0 0.0 -0.0 0.0 -0.0 0.0 0.0 -0.0 0.0 0.0 -0.0 0.0 -0.0 -0.0 0.0 -0.0 -0.031239944 0.0 -0.0 0.0 0.0 -0.0 -0.0 -0.0 -0.0 0.0
0.0 0.0 -0.0 -0.0 0.0 -0.0 0.0 0.0 0.0 -0.0 -0.0 -0.0 -0.0 -0.0 0.0 -0.0 0.0 -0.0 0.0 0.0 0.0 -0.0 -0.0 0.0 -0.0 0.0 -0.0 0.0 0.0 -0.0 -0.0 0.0 -0.0 0.0 0.0 0.0 -0.0 -0.0 0.0 -0.0 -0.0 0.0 -0.0 0.0 -0.0 0.0 -0.0 0.0 -0.0 -0.0 -0.0 0.0 0.0 0.0 -0.0 -0.0 -0.0 0.0 -0.0 -0.0 0.0 0.0 0.0 -0.0
-0.38995445 -0.0 0.19675207 0.13291566 -0.16434906 0.0 0.0 0.5250664 -0.27535924 0.0 -0.29728776 -0.0 -0.0 0.0 0.0 0.1372467 -0.0 -0.0 0.0 0.0 -0.0 0.0 0.25956327 -0.0 -0.11916656 -0.26427424 0.0 -0.0 0.0 -0.0 0.0 -0.11268079 -0.28801203 0.0 -0.0 -0.0 0.13607498 -0.0 -0.0 0.0 0.0 -0.1564026 0.0 -0.0 0.0 -0.21882933 -0.0 -0.0 -0.0 -0.0 -0.0 0.22507279 0.0 0.0 -0.0 -0.20911714 -0.0 -0.0 -0.0 -0.0 -0.0 -0.0 0.0 -0.0
0.0 -0.09157929 -0.0 0.05596507 -0.0 -0.11995012 0.12886095 0.0 0.0 0.0 -0.09380515 0.0 0.0 -0.0 0.0 -0.08901599 -0.09664649 -0.07941985 -0.14550373 0.07570674 -0.0 -0.0 0.0 -0.0 0.0 -0.13328141 0.0 -0.0 -0.12439749 0.0 0.109115794 -0.0525953 -0.0 -0.05701493 -0.0 -0.0 -0.16662933 -0.05104054 0.0 0.0 0.0 -0.0 0.0 -0.1578432 -0.05689888 0.0 0.0 0.0 -0.0 0.0 -0.0 0.0 -0.050990906 0.0 0.0 -0.08234733 0.18945305 -0.108512476 -0.0 -0.0 0.1651426 0.0 0.0 0.0
0.12980245 -0.43387294 -0.0 -0.0 -0.0 -0.0 -0.14994006 0.0 0.42898726 -0.0 0.0 0.4226949 -0.0 0.0 -0.1664637 -0.12757954 0.0 0.0 -0.17182805 -0.0 -0.20164084 -0.16796072 -0.0 0.49064195 0.0 -0.21615954 0.0 -0.43309847 -0.28616643 0.0 0.0 -0.24841806 0.0 -0.24524826 -0.0 -0.0 -0.0 -0.18010452 0.0 -0.23547658 -0.0 0.47934532 -0.0 0.40028435 0.23876938 -0.0 0.0 0.28440014 -0.0 -0.14881055 -0.15078166 -0.14355597 -0.22190832 0.0 -0.0 -0.23520492 0.25775355 -0.0 -0.41464305 0.20181687 -0.20579869 -0.16102503 -0.0 -0.117440104
-0.0 0.0 0.0 0.0 -0.0 0.0 0.0 0.0 0.0 -0.0 -0.0 -0.0 -0.0 -0.0 -0.0 0.0 0.0 -0.0 0.0 -0.0 -0.0 0.0 -0.0 -0.0 -0.0 -0.0 -0.0 0.0 -0.0 0.0 0.0 -0.0 -0.0 0.0 -0.0 -0.0 -0.0 -0.0 0.0 -0.0 -0.0 0.0 -0.0 0.0 0.0 0.0 -0.0 0.0 0.0 -0.0 0.0 0.0 -0.0 0.0 0.0 -0.013590997 -0.0 -0.0 -0.0 0.0 -0.0 -0.0 -0.0 0.0
-0.0 -0.0 0.0 0.2175365 -0.0 0.35509062 -0.0 0.0 0.0 -0.19588412 -0.2034841 -0.21554358 -0.122166306 -0.0 -0.0 -0.11752311 -0.0 0.0 0.0 -0.0 -0.0 0.18674618 0.0933619 -0.19617547 0.0 -0.0 0.0 -0.0 -0.18360114 -0.109063536 0.0 0.0 -0.0 0.0 -0.0 -0.0 0.0 0.0 0.0 -0.0 -0.0 0.0 0.39167953 -0.0 0.30422106 0.0 -0.0 0.0 -0.0 -0.0 0.0 -0.17768793 -0.0 -0.0 -0.121763356 0.0 -0.0 -0.0 -0.1309532 -0.0 0.0 -0.17895222 -0.0 -0.0
-0.0 -0.0 0.084693335 -0.090773374 0.0 -0.0 0.0 -0.0 -0.0 -0.0 0.08683091 -0.11906439 -0.0 -0.0 0.0 -0.13147128 -0.0 -0.0 -0.08698036 -0.11185807 0.0 0.0 -0.12407203 -0.0 -0.0 0.2942457 0.07908795 -0.123291746 -0.09587903 -0.102147005 0.0 0.0 0.0 0.0 0.13830428 -0.0 -0.0 0.0 0.0 0.116804615 0.09811665 -0.12014669 0.0 0.0 -0.0 0.0 -0.0 -0.0 0.22581592 -0.0 0.11575238 -0.0 -0.0 -0.0 0.18840842 -0.075632244 -0.1277381 0.0 0.0 0.08512688 0.0 0.0 -0.13922463 -0.0
0.0 0.0 0.0 -0.0 0.0 0.0 -0.0 0.0 -0.0 -0.0 0.0 0.0 -0.0 0.0 0.0 0.0 0.0 -0.0 0.0 0.0 0.0 0.0 0.0 -0.0 0.0 -0.0 0.0 0.0 0.0 -0.0 -0.0 0.0 -0.0 0.0 0.0 -0.0 -0.0 -0.0 -0.0 -0.0 -0.0 0.0 -0.0 -0.0 -0.0 -0.0 0.0 0.0 0.0 0.0 -0.0 0.0 0.0 -0.0 -0.0 0.0 0.0 0.0 0.0 0.0 0.0 -0.0 0.0 0.0
0.0 0.0 -0.0 -0.0 -0.0 0.0 0.0 -0.0 -0.0 0.0 0.0 0.0 0.0 -0.0 0.0 -0.0 -0.0 -0.0 0.0 -0.0 -0.0 0.0 0.0 -0.0 0.0 -0.0 -0.0 -0.0 0.0 -0.0 0.0 0.0 -0.0 0.0 -0.0 0.0 -0.0 -0.0 -0.0 0.0 0.0 -0.0 -0.0 0.0 -0.0 0.0 -0.0 -0.0 -0.0 -0.0 -0.0 0.0 0.0 0.0 -0.0 -0.0 0.0 -0.0 -0.0 0.0 -0.0 0.0 -0.0 0.0
0.0 0.0 0.0 0.0 0.0 0.0 0.0 0.0 0.0 0.0 -0.0 -0.0 -0.0 0.0 -0.04292507 -0.060193986 0.0 0.0 -0.0 -0.041278966 0.0 0.0 0.0 -0.0 0.0 0.0 0.0 -0.0 -0.0 -0.0 -0.0 0.0 0.0 -0.0 -0.0 -0.0 -0.0 -0.0 -0.0 0.034148183 0.0 0.0 0.0 0.0 -0.0 0.0 0.0 0.0 -0.0 -0.0 -0.0 -0.0 -0.0 0.0 0.0 0.0 0.0 0.0 -0.0 0.0 -0.0 0.0 -0.0 0.0
-0.08188962 -0.0 -0.0 0.0 -0.0 -0.0 -0.15640207 -0.25006267 0.0 -0.2652421 0.0 0.0 0.0 0.0 -0.0 0.0 0.192976 -0.0 -0.0 -0.0 -0.0 -0.21568957 -0.0 -0.0 0.0 -0.0 0.0 -0.0 0.2900925 -0.0 -0.0 -0.0 0.0 0.0 -0.0 0.0 0.0 0.0 0.0 -0.23142673 0.0 -0.0 0.1668185 -0.0 0.0 -0.0 -0.20365469 -0.15325241 -0.0 -0.0 -0.0 0.1774346 0.0 0.0 -0.0 -0.0 -0.13426779 -0.0 0.0 0.121992804 -0.15906866 -0.0 -0.0 -0.0
0.0 -0.22719835 -0.0 -0.0 0.0 0.0 0.0 -0.0 -0.0 -0.0 0.0 0.0 0.0 -0.0 0.0 -0.0 -0.0 0.21587476 0.0 -0.0 0.9096024 0.0 0.17098723 -0.41612738 -0.0 -0.44552138 -0.0 0.0 0.0 0.0 -0.0 0.0 0.0 -0.0 0.0 0.0 0.0 0.5297014 -0.0 0.0 0.5359171 0.0 0.0 0.0 -0.0 -0.0 0.20202026 -0.0 -0.0 -0.0 -0.0 -0.0 -0.0 0.0 -0.19417344 0.0 -0.0 -0.0 0.34587482 -0.0 0.0 -0.21016818 0.0 -0.0
-0.0 0.070938885 -0.0 0.0 -0.0 -0.0 0.0 -0.0 -0.13012631 -0.1622366 0.0 0.0 -0.0 -0.079539455 -0.0 0.085739635 -0.09843893 -0.12668265 -0.11464885 -0.0 -0.0 -0.0 -0.0 -0.09222225 0.0 -0.14072539 -0.0 0.0 -0.08582518 -0.0 0.0 0.0 0.0 0.18749541 0.0 -0.06887016 -0.21268556 0.0 -0.0 -0.09323352 0.0 -0.12332486 -0.13488628 -0.15755644 -0.0 0.2377943 -0.09575933 -0.0 0.0 0.0 -0.0 0.0 -0.0 0.14191507 -0.0 -0.0 0.105795585 0.0 -0.0 0.0 0.0 -0.0 -0.0 0.0
0.0 0.0 0.0 -0.0 -0.0 -0.0 0.11021217 0.0 -0.0 -0.0 -0.057492062 0.036734123 -0.0 -0.0 -0.0 0.04176651 -0.0 0.11033467 -0.0 0.042089116 0.0 0.0 -0.0 -0.0 0.0 0.0 -0.0 0.0 0.0 -0.0 -0.0 -0.0 0.0 0.0 0.08948347 0.0 0.0 -0.0 0.0 -0.0 -0.057089716 0.0 -0.0 -0.0 0.0 0.0 -0.0 0.0 -0.0 -0.059391547 -0.06899033 0.0 0.0 0.0 0.0 -0.0 -0.0 0.056068532 0.0 -0.06934444 -0.0 -0.0 0.0 -0.073375635
-0.0 0.0 0.0 0.0 0.0 0.0 0.0 0.0 0.0 0.0 -0.0 0.0 0.0 -0.0 0.0 0.14536488 0.0 -0.0 -0.0 -0.0 -0.0 0.0 -0.104513906 -0.0 -0.20056503 -0.0 0.0 -0.0 -0.0 -0.0 0.0 -0.0 -0.0 -0.0 0.0 -0.0 -0.09505242 -0.0 -0.0 0.0 0.0 -0.0 -0.0 -0.0 0.0833025 -0.0 -0.0 -0.0 -0.0 -0.09860615 -0.0 -0.0 -0.0 -0.0 0.0 -0.0 -0.0 -0.0 -0.0 -0.0 -0.0 -0.0 -0.0 -0.091225624
-0.0 0.27734146 -0.0 -0.0 -0.0 -0.0 -0.0 -0.0 0.0 -0.0 0.14066619 -0.0 -0.0 0.0 0.0 -0.0 -0.15773563 -0.0 -0.0 -0.059576802 -0.0 -0.0 -0.29077226 0.0 -0.0 0.6575265 -0.0 -0.0 -0.0 0.16476436 -0.0 -0.0 0.0 0.0 0.0 -0.0 0.0 -0.0 0.0 0.0 -0.0 -0.0 0.0 -0.0 0.0 -0.09407215 0.07242956 -0.0 -0.0 0.0 -0.0 0.0 -0.0 0.0 -0.0 0.0 0.0 0.07163888 0.0 0.0 -0.0 0.14465684 -0.0 0.0
-0.06739758 -0.0 -0.0 0.045058105 -0.0 -0.0 0.0 -0.052928135 -0.08437182 -0.054663345 0.0 0.0 -0.0 -0.0 0.103924654 0.099528864 0.0 0.047969285 0.0 -0.0782286 -0.0 -0.0 -0.071594045 0.0 -0.066495806 -0.0 -0.0 -0.0 0.0 -0.13789283 -0.0 0.0 0.0 -0.0 0.119482845 -0.0 -0.10738589 -0.0 0.0 -0.0 -0.0 0.04427008 -0.0 -0.0 -0.0 0.0 -0.0 0.0 -0.0 0.0 0.056510836 0.0 -0.0 -0.0 0.0 0.0 -0.0 -0.0 0.0 -0.050414175 -0.1407061 -0.0 -0.037777938 -0.07540271
-0.0 0.0 0.0 -0.0 0.0 0.0 0.0 0.0 -0.0 0.0 0.0 0.0 0.0 -0.0 -0.0 0.0 -0.0 -0.0 -0.0 -0.0 0.0 -0.0 -0.0 -0.0 -0.0 0.0 -0.0 -0.0 -0.0 0.0 -0.0 -0.0 -0.0 0.0 -0.0 -0.0 -0.0 0.0 -0.0 0.0 -0.0 -0.0 -0.0 0.0 -0.0 0.0 0.0 0.0 0.0 0.0 0.0 0.0 0.0 -0.0 0.0 -0.0 0.0 0.0 -0.0 0.0 -0.0 0.0 0.0 0.0
-0.0 0.0 0.0 -0.0 0.0 0.0 0.0 -0.0 -0.0 -0.0 -0.0 0.0 0.0 0.0 -0.0 0.0 0.0 0.0 -0.0 0.0 0.0 0.0 -0.0 -0.0 -0.0 -0.0 0.0 -0.0 -0.0 -0.0 -0.0 -0.0 -0.0 -0.0 -0.0 0.0 0.0 -0.0 0.0 -0.0 0.0 -0.0 -0.0 -0.0 0.0 -0.0 0.0 -0.0 -0.0 0.0 -0.0 -0.0 0.0 0.0 -0.0 0.0 0.0 0.0 0.0 -0.0 0.0 0.0 -0.0 0.0
-0.0 -0.0 0.0 0.0 0.0 0.0 0.0041156216 0.0 -0.0 -0.0 0.0 -0.0 0.0 0.0 -0.0 0.0 0.0 -0.0 0.0 0.0 0.0 -0.0 -0.0 0.0 -0.0 -0.0 0.0 -0.0 -0.0 0.0 -0.0 0.0 -0.0 0.0 0.0 -0.0 0.0 -0.0 0.0 -0.0 -0.0 0.003826049 -0.0 -0.0 -0.0 -0.0 -0.0 -0.0 0.0 -0.0 0.0 0.0 -0.0 0.0 0.0 0.0 -0.0 0.0 0.0 0.0 -0.0 0.0 0.0 0.0
-0.0 0.0 -0.0 -0.0 -0.0 0.0 -0.0 0.0 0.0 -0.0 -0.0 0.0 -0.0 0.0 0.0 -0.0 0.0 -0.0 0.0 -0.0 -0.0 -0.0 -0.0 -0.0 0.0 0.0 0.0 -0.0 -0.0 -0.0 0.0 0.0 -0.0 0.0 0.0 -0.0 -0.0 0.0 0.0 -0.0 -0.0 0.0 -0.0 0.0 0.0 -0.0 -0.0 0.0 0.0 0.0 0.0 -0.0 -0.0 0.0 0.0 -0.0 -0.0 -0.0 -0.0 0.0 0.0 -0.0 -0.0 -0.0
0.0 -0.0 0.0 -0.0 -0.0 -0.0 0.0 0.0 0.0 -0.0 -0.0 -0.0 -0.0 0.0 0.0 -0.0 -0.0 -0.0 0.0 -0.0 0.0 0.0 0.0 -0.0 0.0 -0.025068862 -0.0 0.0 -0.0 0.0 0.0 -0.0 0.0 0.0 0.0 -0.0 -0.0 0.0 -0.0 -0.0 -0.0 0.0 0.0 -0.0 -0.0 0.0 -0.0 -0.0 -0.0 -0.0 0.0 -0.0 -0.0 -0.0 0.0 -0.0 -0.0 -0.0 0.0 0.0 -0.0 -0.0 -0.0 0.0
0.0 -0.28360024 0.0 0.3398936 0.0 0.30576825 0.0 0.21165723 -0.0 -0.0 0.0 -0.0 -0.0 -0.0 0.0 0.22018245 -0.0 -0.0 -0.0 0.2277475 -0.0 -0.0 0.0 0.0 -0.0 -0.40323254 0.0 -0.0 0.0 -0.0 0.23796752 -0.13019842 -0.0 -0.0 0.13988149 0.0 -0.1535237 -0.20316356 -0.0 -0.0 -0.19204018 -0.0 -0.0 -0.0 0.0 -0.13130191 -0.2195028 -0.0 0.0 -0.0 0.0 0.0 0.0 0.0 0.0 0.0 -0.1640613 0.0 -0.0 0.0 0.0 -0.110403106 -0.0 0.0
-0.0 -0.0 -0.0 -0.0 -0.0 -0.0 0.0 0.0 -0.0 -0.0 0.0 -0.0 0.0 -0.0 -0.0 -0.0 0.0 0.0 0.0 -0.0 0.0 -0.0 0.0 0.0 -0.0 -0.0 0.0 -0.0 0.0 0.0 -0.0 -0.0 0.0 -0.0 -0.0 0.0 -0.0 -0.0 0.0 0.0 0.0 -0.0 -0.0 -0.0 -0.0 0.0 -0.0 -0.0 0.0 0.0 0.0 0.0 0.0 0.10939902 -0.0 0.0 0.0 -0.0 -0.0 -0.0 -0.0 -0.0 0.0 -0.0
0.0 -0.25976178 -0.40972367 0.5156927 0.0 -0.0 0.0 -0.0 0.0 0.0 -0.0 -0.0 0.15488444 -0.0 0.0 -0.0 -0.0 -0.0 -0.0 0.27024233 -0.21501417 -0.0 -0.0 0.0 0.0 -0.0 0.0 0.0 -0.20299952 -0.0 0.0 -0.2510644 -0.0 -0.0 -0.0 -0.0 0.0 0.0 -0.15276708 0.240419 -0.1088137 0.0 0.0 -0.22146235 0.0 0.0 -0.21378833 0.0 0.0 -0.0 0.20006442 0.19218606 -0.15289417 0.0 -0.0 -0.0 0.0 -0.0 -0.23652215 -0.3241674 0.21795234 -0.16457385 0.44181257 0.0
0.12335778 0.188114 -0.0 0.17292725 -0.0 -0.0 0.0 0.0 0.0 -0.0 -0.11349538 -0.0 0.0 -0.0 0.0877524 -0.0 -0.0 0.0 0.0 0.0 -0.0 -0.0 -0.0 0.11805564 -0.0 -0.0 -0.0 0.0 0.09358412 -0.0 0.0 0.0 -0.11313503 0.0 -0.0 -0.0 -0.0 0.0 -0.0 0.1368965 -0.0 -0.0 0.096228 0.0 -0.0 -0.0 -0.0 0.0 -0.0 0.0 -0.0 0.14708227 -0.0 0.0 0.0 -0.0 0.0 0.0 -0.0 -0.0 0.0 -0.0 -0.0 -0.0
-0.15610912 0.13939257 -0.19908501 -0.0 0.18364124 0.0 0.0 -0.31074676 0.0 -0.105083816 0.0 -0.0 0.0 0.0 -0.07834953 -0.0 0.13445307 0.0 -0.11635153 -0.0 0.0 0.09497842 -0.0 0.0 -0.0 0.0 0.0 -0.0 -0.0 -0.0 0.23828593 -0.0 -0.0 -0.0 0.14552431 -0.0 -0.15163468 0.0 0.0 -0.0 0.0 -0.17735234 -0.0 0.0 0.0 0.0 0.12612508 0.0 -0.12868656 -0.08979094 0.30477035 -0.0 0.0 -0.11429616 0.10774174 -0.08179817 -0.19386701 0.0 0.0 -0.0 -0.19471098 0.0 -0.10772623 -0.13450071
0.0 -0.0 -0.0 0.0 0.0 -0.0 -0.0 0.0 -0.0 -0.0 -0.0 -0.0 -0.0 0.0 0.0 0.0 0.0 0.0 -0.0 -0.0 -0.0 0.0 0.0 -0.0 0.0 -0.0 0.0 0.0 0.0 -0.0 -0.0 -0.0 -0.0 -0.0 0.0 -0.0 0.0011736136 -0.0 -0.0 0.0 0.0 0.0 0.0 -0.0 0.0 -0.0 -0.0 0.0 -0.0 0.0 -0.0 -0.0 -0.0 -0.0 0.0 -0.0 0.0 -0.0 -0.0 0.0 0.0 -0.0 0.0 -0.0
0.07886889 -0.0 -0.07325238 -0.0 -0.0 -0.0 0.0 0.0 -0.0 -0.0 -0.0 0.0 -0.0 0.0 -0.0 -0.0 0.0 0.0 -0.0 0.0 -0.0 -0.0 0.0 -0.0 0.0 -0.0 0.08354806 0.0 -0.0 -0.0 0.0 -0.0 0.0 0.0 0.0 0.0 0.0 -0.0 0.0 0.0 -0.0 0.0 0.0 0.0 0.0 0.0 -0.0 -0.0 -0.0 0.0 -0.0 0.0 0.0 0.0 0.0 -0.0 0.0 -0.0 -0.0 0.0 0.0 0.0 0.0 0.0
-0.028008476 -0.0 0.0 0.0 -0.0 -0.0 -0.0 -0.0 0.0 0.0 -0.0 -0.0 -0.0 -0.0 -0.0 0.09035409 -0.0 -0.0 0.0 -0.0 0.0 -0.0 0.0 -0.0 -0.0 0.0 -0.0 0.0 0.0 0.033604547 -0.0 0.0 0.0 -0.0 -0.057419095 0.0 -0.0 0.0 0.0 0.0 0.0 -0.0 -0.0 -0.0 0.0 -0.0 -0.0 -0.0 0.08769349 -0.032281265 -0.0 -0.04124939 0.0 -0.0 -0.10176858 -0.0 -0.0 0.0 -0.0 -0.0 -0.0 -0.0 -0.0 -0.0
0.06386073 -0.0 -0.0 0.0 -0.0 0.0 0.0 0.0 -0.0 0.0 0.0 -0.0 0.0 -0.0 -0.0 -0.0 -0.0 -0.0 -0.0 -0.0 -0.0 0.0 0.0 -0.07088613 0.062156428 -0.0 0.06363017 -0.076508544 -0.0 -0.0 -0.0 0.0 -0.0 -0.049952403 0.0 -0.0 -0.0 -0.0 0.0 -0.0 -0.0 0.0 0.0 -0.0 -0.0 -0.0 -0.0 0.074955516 -0.0 0.0 -0.0 0.0 -0.0 -0.0 -0.0 -0.07342094 0.0 0.0 0.0 -0.0 -0.0 -0.0 -0.0 0.0
1.0288988 -0.0 0.0 -0.0 -0.0 -0.0 -0.0 -0.0 0.0 0.0 -0.0 -0.0 0.0 -0.0 -0.0 -0.0 0.0 -0.0 -0.0 -0.17786787 0.0 -0.0 0.0 -0.0 -0.0 -0.0 -0.0 -0.0 -0.0 -0.0 0.0 0.0 -0.0 0.0 0.0 -0.0 0.0 -0.0 0.0 0.0 0.0 0.0 -0.0 -0.0 0.0 -0.0 0.0 -0.0 0.0 0.0 -0.0 0.0 0.0 -0.0 0.0 -0.0 -0.0 0.0 -0.0 0.0 0.0 0.0 -0.0 -0.0
-0.0 0.2872357 0.0 -0.20159368 0.0 -0.22849655 -0.0 -0.12404834 0.16680527 0.54137653 0.139005 0.20751528 0.0 -0.0 -0.14357212 -0.0 0.10604002 -0.0 -0.0 0.0 -0.0 -0.0 -0.13398139 0.0 -0.09087757 0.10314384 -0.0 -0.0 -0.29630807 0.0 0.0 0.13763274 0.113409355 -0.12261546 -0.0 -0.0 -0.118572935 -0.1603214 0.0 -0.0 0.15264611 0.0 0.0 0.0 -0.21029462 -0.0 0.262827 -0.0 0.0 0.0 -0.38182744 -0.0 0.0 0.0 -0.0 0.0 0.0 -0.19504058 0.0 0.0 -0.0 -0.0 -0.0 -0.0
0.12625095 0.0 -0.4527374 0.40436715 0.15101498 -0.19169834 0.14646846 0.0 -0.15874623 -0.0 -0.0 -0.0 -0.0 -0.0 -0.23413779 0.0 0.0 0.0 -0.2132768 -0.12964904 -0.0 -0.0 0.0 -0.0 -0.0 -0.0 -0.0 -0.0 -0.14368826 -0.0 -0.52510405 -0.0 0.0 -0.38642475 0.0 0.0 0.09228964 -0.13948312 -0.07441116 -0.0 -0.0 0.0 0.0 -0.27808005 0.16276743 0.0 0.0 0.0 -0.0 -0.0 0.0 -0.0 0.0 0.2501013 0.0 0.13782671 -0.23572432 0.0 -0.10672732 -0.17210706 -0.0 -0.0 0.0 -0.0
0.0 -0.06795408 0.0 0.0 -0.0 0.0 -0.0 0.0 -0.0 -0.0 -0.0 -0.0 -0.0 -0.061329395 0.0 -0.0 -0.08796615 0.0 -0.0 0.112700425 0.04902583 0.0 -0.0 0.0 0.0 -0.100561224 0.04625055 0.0 0.0 0.0 0.060718544 0.0 0.0 -0.08524377 0.0 0.0 0.0 -0.063146934 0.07737127 -0.0 0.0 -0.07960358 -0.0 -0.0 0.0 -0.0 0.096849814 -0.064640254 0.13164791 -0.0 0.0 -0.0 0.0 0.0 -0.096404016 0.0 -0.0 -0.0 0.10490373 -0.0 -0.0 -0.0 -0.0 0.0
0.0 -0.0 -0.042220443 -0.0 -0.0 -0.0 0.0 0.06932151 0.0 -0.0 -0.0 -0.039864466 -0.0 0.0 -0.09585898 0.0 0.058167644 0.0 0.0 0.0 -0.0 0.0 0.0 -0.0 0.06528529 -0.086170204 -0.0 -0.0 0.0 -0.0 0.0 -0.0 0.0 -0.0 0.0 -0.0 0.0 -0.0 0.0 -0.0 0.05877286 0.0 -0.0 -0.0 0.0 0.06579595 0.059665672 -0.0 -0.0 -0.0 0.0 -0.0 0.0 0.0 0.0 0.0 -0.0 -0.0 0.0 -0.0 -0.0 -0.0 0.0 -0.0
-0.0 0.0 0.07143407 0.17524686 0.0 0.07269063 -0.0 0.09346546 -0.0 0.0 -0.0 -0.08053663 -0.0 0.0 0.0 -0.10232876 -0.0 -0.0 0.0 0.0 -0.0 0.0 0.103414714 -0.14747272 0.0 0.06773881 0.0 0.0 -0.11774453 0.0 0.0 -0.0 0.0 0.06673573 -0.0 -0.10272195 0.0 0.0 0.079388484 -0.0 0.0 0.0 0.28091884 0.0 0.11837474 -0.0 -0.0 0.0 0.0 -0.0 -0.0 -0.120935336 -0.055685498 -0.13890728 0.0 0.0 -0.0 0.0 0.0 -0.0 0.0 0.0 -0.0 0.0
-0.0 -0.0 0.0 0.0 -0.0 -0.0 -0.0 -0.0 -0.0 -0.0 -0.0 0.0 -0.0 0.0 0.018107675 0.0 -0.0 0.0 -0.0 0.0 0.0 0.0 -0.0 0.0 0.0 0.0 -0.0 0.0 0.0 0.0 0.0 0.0 -0.0 -0.0 -0.0 -0.0 -0.0 0.0 -0.0 -0.0 0.0 -0.0 0.0 0.0 -0.0 -0.0 0.0 0.0 -0.0 -0.0 0.0 0.0 0.0 -0.0 0.0 -0.0 0.012431046 0.0 0.0 0.0 0.0 -0.0 -0.0 0.0
0.0 0.0 -0.0 0.0 0.0 -0.0 -0.12701328 -0.0 -0.0 -0.0 -0.054265857 -0.0 -0.0 0.0 -0.11736514 0.0 0.0 -0.0 0.0 -0.0 -0.0 -0.0 0.050702553 -0.0 0.0 -0.0 0.08019717 -0.0 0.0 0.26768592 -0.0 0.0 -0.0 -0.0 -0.12926905 0.0 0.0 0.0 -0.0 -0.11271811 0.0 -0.0 -0.0 -0.0 -0.0 -0.0 -0.0 -0.0 0.0 -0.0 -0.0 -0.0 -0.062979 -0.0 0.0 -0.0 0.0 -0.0 0.0 0.0 -0.0 0.0 -0.0 0.14225227
0.0 0.060731314 -0.0 -0.0 0.0 0.06495837 0.0 -0.06083324 -0.0 0.0 -0.0 0.0 0.0 0.0 -0.052013364 0.11892211 0.0 0.0 0.0 -0.0 0.0 0.0 0.0 -0.0 -0.0 -0.110783696 -0.0 0.0 0.04394353 0.0 -0.0 0.0 -0.0 -0.08248349 -0.0 0.0 0.0 -0.0 0.050581362 -0.068795845 0.042330857 0.0 0.0 -0.0 -0.0 -0.0 0.09027532 -0.0 -0.0 -0.0 -0.06599731 -0.06791597 -0.0 -0.0 0.0 0.0 0.0 -0.11400758 0.0 -0.07290221 -0.0 -0.0 0.057412777 -0.0
-0.0 -0.0 -0.0 -0.0 -0.0 -0.0 -0.0 -0.0 -0.0 -0.0 0.0 -0.0 0.0 0.0 0.0 0.0 0.0 -0.0 -0.0 -0.0 0.0 0.0 -0.0 -0.0 -0.0 -0.0 0.0 -0.0 0.0 0.0 0.0 0.0 -0.0 0.0 0.0 0.0 0.0 -0.0 0.0 0.0 -0.0 -0.0 0.0 0.0 0.0 0.0 -0.0 -0.0 0.0 -0.0 -0.0 -0.0 -0.0 0.0 0.0 -0.0 -0.0 0.0 -0.0 -0.0 0.0 0.0 -0.0 -0.0
-0.0 0.09530371 -0.0 -0.0 0.1322533 -0.0 0.058980927 0.0 -0.0 -0.0 0.14715421 0.076259404 0.0 -0.0 -0.0 0.0 -0.0845958 -0.0 0.0 0.0 -0.0 0.0 0.0 0.0 -0.16919483 0.0 0.21766415 -0.20318432 -0.0 0.0 -0.0 0.15828201 -0.08006454 0.0 -0.0 0.08321228 -0.0 -0.07606087 -0.0 0.0 -0.0 0.0 -0.0 -0.0 -0.109203525 -0.0 -0.0 -0.0 -0.0 0.0 0.0 0.10270374 -0.0 -0.0 -0.0 0.0 -0.0 -0.0 0.0 0.0 -0.0 -0.0 -0.0 0.09777985
-0.0 -0.0 -0.0 0.0 -0.0 0.0 -0.0 0.0 -0.0 -0.0 0.0 -0.0 0.0 0.0 -0.0 0.0853426 0.0 -0.0 0.0 -0.0 -0.0 -0.0 0.0 0.0 0.0 0.0 0.0 -0.0 -0.0 0.0 0.0 -0.0 0.0 0.0 0.0 0.0 -0.0 0.0 0.0 -0.0 -0.090261556 -0.0 -0.0 -0.0 0.0 -0.0 0.0 0.13373935 0.0 0.0 -0.0 -0.0 0.0 0.0 0.0 -0.0 -0.0 0.12014477 0.0 0.0 0.0 0.0 0.0 0.0
-0.0 -0.0 0.0 -0.0 -0.0 -0.0 0.062492646 0.0 -0.0 0.0 -0.0 0.0 -0.0 0.0 0.0 -0.26539245 0.31209433 0.0 0.0 0.0 0.0 -0.0 -0.06661444 -0.0 -0.0 0.0 0.10187262 0.0 -0.0 -0.14279626 0.0 0.0 0.0 -0.0 0.1790088 0.0 0.0 0.0 -0.0 0.0 -0.0 0.0 0.0 -0.0 -0.0 -0.17144234 0.0 -0.0 -0.30015782 0.2407745 -0.0 -0.0 0.0 0.0 0.27015248 0.0 0.0 -0.0 0.0 0.0 0.0 0.0 0.0 -0.0
-0.0 0.0 -0.0 0.0 -0.12002058 -0.0 0.0 -0.0 -0.20774385 -0.0 -0.0 0.1584971 -0.0 -0.0 0.18510944 0.20345135 0.0 0.18239048 -0.0 -0.0 -0.0 -0.0 -0.2640452 -0.0 0.5150659 0.0 -0.37680438 0.20955665 0.0 -0.20126174 -0.0 0.0 0.0 0.0 0.19936806 0.0 -0.0 0.0 0.0 -0.15770878 -0.0 -0.0 -0.0 -0.0 0.0 0.0 -0.0 0.0 0.0 -0.0 0.0 -0.0 0.0 -0.0 -0.0 -0.09854129 -0.0 -0.0 0.0 0.0 0.0 -0.0 0.0 -0.20153871
-0.0 0.108743854 -0.0 0.0 -0.0 0.0 -0.0 0.0 -0.17085455 -0.0 -0.0 -0.0 -0.0 -0.1589827 -0.0 -0.13805622 -0.0 -0.0 -0.0 -0.20948677 0.0 -0.0 -0.1277539 0.19703563 -0.0 0.20222019 -0.0 -0.09996235 0.0 0.0 0.10371514 0.0 -0.0 0.0 0.0 -0.15584055 -0.0 -0.0 0.12225273 -0.0 -0.0 -0.0 -0.0 -0.0 -0.0 -0.0 0.0 -0.0 0.17760244 -0.0 0.0 0.13028535 -0.0 0.0 0.0 0.0 0.0 0.0 0.0 -0.15030442 -0.0 0.0 -0.0 0.0
-0.0 -0.0 0.15497372 -0.15383683 0.0 0.15630578 0.0 -0.0 -0.0 0.25391775 0.0 -0.20680079 0.0 -0.0 -0.0 0.0 -0.0 0.27699828 -0.31548607 -0.0 0.0 -0.0 -0.0 -0.0 -0.0 0.0 0.18468936 -0.0 -0.17861888 -0.0 -0.1919641 0.0 0.0 -0.0 -0.0 -0.0 0.0 0.0 0.0 0.0 -0.0 -0.3203382 -0.0 -0.0 0.16821547 -0.0 -0.0 0.211534 0.0 0.0 0.124801934 -0.0 -0.0 -0.0 0.0 0.19250844 0.19703269 -0.0 -0.0 -0.0 -0.0 -0.0 0.0 0.0
0.0 -0.0 0.12858011 -0.22047928 -0.0 -0.0 0.10374298 0.0 -0.0 -0.0 0.0 0.0 -0.0 0.0 -0.0 0.0 -0.0 0.0 -0.0 -0.13817582 0.0 0.0 -0.13614105 -0.087491624 -0.08667746 0.0 0.0 0.0 0.0 0.0 -0.0 -0.0 0.05878709 0.0 -0.077310465 -0.0 0.0 0.0 0.058395024 -0.0 -0.0 -0.0 0.0 0.0 0.087701656 -0.062112965 -0.0 -0.0 -0.09624155 0.0 -0.060293168 0.0 -0.06846799 -0.0 0.0 0.0 0.0 0.0 -0.0 0.0 0.0 0.0 0.0 0.11365533
0.13642067 -0.0 0.0 0.26988772 0.114440106 -0.19352178 -0.0 -0.1872821 -0.0 0.0 0.0 0.0 0.0 -0.0 -0.25144157 0.37268898 0.0 0.29870626 -0.25274405 -0.0 -0.15366235 0.0 -0.2354 0.0 -0.0 0.0 0.0 0.0 -0.0 -0.0 0.21240367 -0.0 -0.2439962 -0.0 0.0 -0.10679668 -0.0 -0.0 -0.0 -0.19105515 0.13598719 -0.16659273 -0.14759396 0.18113092 0.0 -0.0 -0.0 -0.0 -0.1500906 -0.0 0.18168041 -0.0 -0.0 -0.18739833 -0.0 -0.0 -0.17957662 0.0 -0.0 0.0 -0.0 -0.0 0.0 -0.5079376
-0.0 0.0 0.0 0.0 -0.0 0.0 -0.0 0.0 -0.0 0.0 0.0 0.0 -0.0 0.0 0.0 0.0 -0.0 -0.0 0.0 0.0 -0.0 -0.0 0.0 -0.0 0.0 0.0 -0.0 0.0 -0.0 -0.0 0.0 -0.0 0.0 -0.0 0.0 -0.0 -0.0 0.0 0.0 -0.024900917 -0.0 0.0 0.0 -0.0 0.0 0.0 0.0 0.0 0.0 0.0 -0.0 -0.0 -0.0 -0.0 0.0 -0.0 -0.0 0.0 -0.0 -0.0 0.0 0.0 -0.0 -0.0
0.0 0.0 -0.0 0.0 0.22069763 -0.0 -0.0 0.0 0.0 0.0 -0.0 -0.14593828 0.0 0.0 -0.24527876 -0.15681897 0.0 -0.13652392 0.0 0.22006722 0.0 0.0 0.0 0.0 0.0 -0.0 0.2871153 -0.16083825 -0.0 0.19987792 0.0 0.0 -0.0 0.0 -0.2067488 0.0 -0.0 -0.0 -0.18484089 -0.0 0.0 0.0 -0.0 0.0 -0.11240911 -0.0 0.0 0.0 0.0 0.0 -0.0 -0.0 0.0 -0.0 -0.0 0.13145144 -0.0 -0.0 -0.0 -0.0 -0.0 -0.0 -0.18559912 0.24036716
0.09590406 0.0 0.15328607 0.22119287 0.15462534 0.0 -0.075702935 0.0 -0.0 0.09041961 -0.0 0.0 0.0 -0.0 0.12572744 -0.12593883 0.10328723 0.0 0.0 0.0 -0.061032537 0.0 -0.0 0.12387979 -0.0 -0.0 0.0 0.0 -0.0 -0.0 -0.0 0.0 -0.0 0.0 0.0 -0.1156977 0.0 -0.07423064 -0.11876243 -0.0 0.1839199 0.0 0.0 -0.0 -0.10256982 0.0 0.0 -0.0 -0.0 0.0 -0.19355552 -0.092784256 0.0 -0.0 -0.0 0.0 0.0 -0.0 -0.08512195 0.2696169 -0.0 -0.0 -0.16398388 0.0
-0.17917418 -0.0 0.0 0.0 0.058160763 -0.0 -0.0 0.0 0.0 -0.0 0.0 0.0 -0.0 -0.0 0.0 0.0 0.0 0.0 0.0 -0.0 -0.0 -0.0 -0.0 0.0 0.0 -0.0 -0.088471666 -0.0 -0.0 0.0 -0.0 -0.0 0.0 0.0 0.0 -0.0 0.0 0.0 0.0 -0.0 0.0 -0.0 -0.0 0.0 0.0 0.0 -0.0 -0.043638285 0.0 -0.0 -0.0 0.0 0.0 -0.0 0.0 0.0 0.0 -0.0 -0.0 0.0 0.0 0.0 -0.0 0.07751564
-0.0 -0.0 -0.0 -0.5389898 -0.15819788 0.0 0.0 0.0 -0.0 -0.21068236 0.0 -0.0 -0.0 0.0 -0.0 0.3374921 -0.0 0.20907742 0.0 -0.19522698 0.10799017 -0.2094879 -0.0 -0.29502133 0.0 -0.0 0.0 0.0 0.0 -0.0 -0.0 -0.0 -0.0 0.0 -0.0 0.33783928 0.0 0.08377891 0.0 -0.15451759 -0.38474482 0.0 0.0 -0.0 0.29756704 0.0 0.0 -0.13338776 -0.0 -0.0 -0.0 0.18340012 -0.11917998 0.22525498 -0.0 -0.0 0.0 -0.0 -0.0 -0.0 -0.0 -0.17658938 0.23113151 -0.0
0.0 -0.19163111 -0.4439917 -0.29799733 0.0 -0.0 -0.0 -0.0 -0.0 0.0 -0.11640788 -0.0 -0.0 -0.2738559 0.0 0.0 0.0 -0.15349859 -0.0 -0.0 -0.18198569 0.0 -0.15416285 -0.0 -0.0 -0.0 0.0 -0.0 -0.0 0.0 -0.0 -0.0 -0.0 -0.15931676 0.0 0.0 -0.0 -0.0 0.0 0.0 0.83066356 -0.17682385 0.0 -0.0 0.0 0.28260043 -0.0 0.23155919 0.0 0.1409801 0.34263545 -0.0 0.0 0.40653667 -0.27953997 0.0 -0.0 0.0 0.0 0.0 0.0 0.0 0.0 -0.0
0.0 -0.0 -0.059533164 -0.0 -0.0 0.0 -0.0 0.0 -0.0 -0.0 0.0 0.0 0.0 -0.0 0.0 -0.0 -0.0 -0.0 0.0 0.0 0.0 -0.0 0.0 0.0 0.0 0.04245726 0.0 -0.0 0.0 0.0 0.0 -0.0 -0.049489897 0.0 -0.0 0.0 -0.041399036 0.0 0.0 0.0 0.0 -0.0 0.0 -0.0 -0.0 -0.0 -0.026862275 -0.0 0.0 0.0 0.0 0.0 -0.0 0.034769867 -0.034805465 -0.0 -0.0 0.0 -0.0 0.0 -0.0 -0.0 0.0 0.0
0.0 -0.0 0.0 -0.05542992 -0.0 0.0 0.0 -0.0 0.0 0.0 -0.0 -0.0 -0.0 -0.0 -0.0 0.054405756 0.0 -0.0 -0.0 -0.056712773 -0.0 0.0 0.0 -0.06717624 -0.0 -0.10344829 0.0 -0.0 -0.0 -0.0 -0.0 -0.0 0.0 -0.0 -0.0 -0.0 -0.0 -0.059764106 -0.06263994 0.0 -0.0 -0.0 0.0 0.0 0.0 -0.0 -0.045976773 -0.0 0.088491395 0.0 0.0 -0.0 0.0 0.0 -0.0 -0.0 -0.0 -0.0 -0.052255582 0.0 -0.0 -0.06337565 -0.0 -0.0
-0.0 -0.0 0.0 -0.0 -0.0 0.102020845 0.0 -0.0 -0.07647781 0.0 0.0 0.0 -0.0 -0.0 -0.0 0.0 -0.0 -0.0 0.0 0.0 0.05970381 0.0 0.0 -0.0 0.0 -0.059152227 0.0 -0.0 -0.0 0.0 0.0 -0.0 -0.0 -0.0 -0.0 -0.0 -0.0 -0.0 0.0681631 -0.0 -0.0 -0.0 0.0 -0.0 0.061765764 -0.0 -0.0 -0.0 0.067465015 0.0 -0.0 -0.0 0.0 -0.0 -0.0 0.0 0.0 -0.0 0.0 0.0 -0.0 0.0 -0.0 -0.0
0.0 -0.10313947 -0.18174687 0.08800593 -0.0 0.08752471 -0.0 -0.0 -0.0 -0.0 0.0 -0.0 0.07147395 -0.07555563 -0.0 0.0 -0.0 -0.0 -0.0 0.070885815 -0.0 -0.062118452 0.0 -0.0 0.0 0.0 0.0 -0.0 0.0676586 -0.0 -0.0 0.0 -0.0 -0.0 -0.0 0.0 -0.0 -0.0 -0.0 -0.0 -0.0 -0.0 -0.0 -0.0 0.0 -0.0 -0.09241557 0.0 0.094257936 0.053997938 0.07386461 0.09181102 0.0 0.054761846 -0.067525215 -0.0 0.0 -0.057421878 0.0 -0.0 -0.0 0.0922626 0.0 -0.044435408
0.0 -0.1838371 0.2974534 0.18960313 0.1823246 0.0 -0.18922432 -0.1425675 -0.0 -0.16634636 0.12195585 0.0 -0.0 0.0 -0.19856794 0.0 -0.0 0.23753208 0.0 0.0 0.0 0.24934672 0.0 -0.0 -0.0 -0.45305216 0.0 -0.0 -0.0 0.0 -0.14985457 0.0 0.0 -0.0 0.10140957 0.14685191 0.22383015 -0.0812886 -0.10799714 0.0 0.14813572 -0.21176997 0.0 -0.0 -0.0 0.0 0.0 -0.16946878 0.11497374 -0.0 -0.0 -0.0 0.0 -0.0 -0.14101772 0.15624334 0.0 -0.0 0.0 0.0 -0.18297563 -0.2237288 -0.0 -0.16633204
-0.0 -0.18026511 -0.16161948 -0.13878374 0.11022183 0.0 0.11981649 -0.0 0.0 0.0 0.0 0.0 0.11801729 0.0 0.11627875 0.12590578 0.0983641 0.0 0.0 -0.19173132 -0.12511306 -0.08357172 0.10165556 -0.0 0.0 -0.15820129 0.0 0.12215524 -0.123176925 0.1534389 0.0 -0.17664763 -0.0 0.0 -0.0 -0.13648477 0.16846235 -0.14758764 0.0 0.20280965 0.0 0.0 0.0 -0.0 -0.0 0.0 -0.11329475 -0.20334852 -0.14178433 -0.0 -0.0 -0.0 -0.10218648 -0.0 -0.20834471 0.13151947 0.0 -0.0 -0.104675315 -0.0 0.10946528 -0.17608872 -0.23378293 0.124150924
-0.0 -0.0 0.37564254 -0.1929587 0.0 -0.0 0.0 0.0 -0.38732487 -0.0 -0.60926 -0.34253407 -0.15457249 -0.0 -0.0 0.0 -0.0 -0.0 -0.25023335 0.0 -0.0 -0.0 -0.0 0.0 0.0 -0.19794324 0.0 -0.33155623 -0.0 0.0 -0.0 -0.35287148 -0.3452263 -0.3396817 0.0 -0.0 -0.0 -0.3135263 -0.19823517 0.24967293 -0.18551667 -0.29282907 0.0 -0.5280203 0.18154295 -0.0 -0.0 0.0 0.0 -0.0 -0.0 -0.0 -0.0 -0.0 0.0 -0.32926318 0.23613366 -0.0 -0.0 0.20777936 0.30299717 -0.24512483 -0.0 -0.0
-0.0 0.0 0.0 -0.0 -0.0 0.0 -0.0 0.0 0.0 0.0 -0.0 0.0 -0.0 0.0 0.0 0.0 0.0 -0.0 0.0 -0.0 -0.0 -0.0 0.0 0.0 0.0 -0.06415852 -0.0 0.0 -0.0 0.0 0.0 -0.0 0.0 0.0 -0.0 -0.0 -0.0 -0.0 0.0 -0.0 -0.0 0.0 -0.0 0.0 0.0 0.0 -0.0 -0.0 0.0 0.0 -0.05599777 -0.0 -0.0 -0.05605345 -0.10511368 -0.0 -0.0 -0.093626544 0.0 0.0 -0.0 -0.0 -0.056555085 0.0
0.0 -0.0 -0.14809856 0.0 -0.0 -0.0 -0.0 0.0 -0.0 -0.10114379 -0.12069615 -0.081694804 0.0 -0.15119535 -0.0 0.32841787 0.0 -0.0 -0.0 -0.1653028 -0.08562699 -0.10789923 -0.0 0.0 -0.0 0.0 -0.07680394 -0.0 -0.0 0.1846237 -0.0 -0.0 -0.13479954 -0.1275005 -0.1545534 -0.0 -0.0 0.0 0.0 -0.0 0.0 -0.0 -0.0 -0.067123406 -0.0 -0.20359291 -0.0 0.0 0.5717739 -0.18606801 0.0 -0.0 -0.09832321 -0.10021038 -0.51422536 -0.0 -0.0 -0.0 -0.0 -0.0 -0.0 -0.0 -0.16565661 -0.0
-0.0 0.0 0.0 -0.0 0.0 -0.0 0.0 0.0 0.0 0.0 0.0 0.0 -0.0 -0.0 0.0 -0.0 -0.0 -0.0 -0.0 0.0 -0.0 -0.0 -0.0 -0.0 -0.0 0.0 -0.0 -0.0 -0.0 0.0 -0.0 -0.0 0.0 -0.0 0.0 -0.0 -0.0 -0.0 -0.0 0.0 0.0 0.0 0.0 -0.0 -0.0 -0.0 0.0 -0.0 -0.0 -0.0 0.0 -0.0 0.0 -0.0 0.0 -0.0 -0.0 -0.0 0.0 -0.0 0.0 0.0 -0.0 -0.0
0.12130958 0.14596538 -0.0 -0.2468168 0.0 0.0 0.0 0.0 -0.08860373 -0.0 -0.1295293 -0.095296584 -0.0 -0.0 -0.0 -0.0 -0.0 -0.0 -0.0 -0.22297312 0.0 0.0 -0.0 -0.104830116 0.0 0.0 -0.0 -0.0 0.11501756 0.0 -0.09003936 0.444962 -0.16121712 -0.0 -0.0 -0.1654391 0.0 0.0 0.0 0.0 -0.0 -0.0 -0.122477114 0.0 -0.0 -0.0 0.19582249 0.0 -0.0 -0.0 -0.0 0.25077096 -0.08710834 0.0 -0.13554354 -0.0 -0.0 0.0 -0.21213873 0.28222573 0.0 -0.0 0.27651095 0.0
0.0 -0.0 0.53537464 0.7534674 0.0 0.0 -0.0 0.0 0.0 -0.0 -0.0 -0.0 0.0 0.0 0.0 0.0 -0.0 -0.0 0.0 -0.0 0.0 -0.0 -0.0 0.4393946 -0.0 -0.0 0.0 -0.0 -0.2811003 -0.0 0.0 0.41951862 0.0 0.0 -0.0 0.19665067 -0.0 0.4457569 -0.0 0.0 -1.458642 0.0 -0.2948008 -0.0 -0.0 -0.0 -0.26841247 0.0 0.0 0.0 -0.36984637 0.0 0.0 -0.0 -0.0 0.0 -0.0 0.0 -0.0 0.0 -0.0 0.19309807 0.0 -0.0
0.0 -0.2314076 -0.0 0.0 0.0 0.0 0.0 0.0 -0.0 -0.0 -0.48013103 0.0 -0.0 0.42653447 0.0 0.41394383 0.0 -0.0 -0.0 -0.47901323 -0.0 -0.0 0.0 0.0 -0.0 -0.0 -0.0 -0.0 -0.0 0.0 0.0 -0.0 -0.6020458 -0.27261928 -0.0 -0.0 -0.0 0.0 -0.0 0.0 -0.0 -0.0 0.0 -0.444148 0.0 -0.0 -0.18933989 -0.0 -0.0 -0.0 0.0 0.0 0.0 -0.0 0.0 0.0 -0.0 0.0 -0.0 -0.0 -0.0 -0.0 -0.41239068 0.0
-0.0 0.0 0.0 0.14021169 0.58308613 -0.18769088 0.46161604 -0.12672432 0.0 0.11394563 0.0 -0.0 -0.0 -0.11696024 -0.6465774 -0.0 0.0 0.25733837 -0.0 -0.0 -0.0 -0.116891146 -0.12691477 -0.0 -0.0 -0.0 0.0 -0.0 0.0 0.0 0.32196748 0.0 -0.37883615 0.21366504 0.0 -0.12583442 0.20496608 -0.0 -0.0 0.21991411 -0.0 -0.24505801 0.0 0.18842949 0.0 -0.0 -0.0 -0.0 0.0 -0.0 -0.0 0.0 -0.16334893 -0.0 -0.0 -0.22023505 -0.0 -0.0 0.0 -0.17205372 0.15837051 0.0 -0.0 -0.5615022
0.0 0.07897552 0.0 0.0 0.08131649 0.0 -0.0 0.0 -0.0 -0.13965091 -0.0 0.0 0.070763715 0.0 -0.0 0.21657266 0.3511595 -0.0 -0.0 -0.0 0.0 -0.0 0.0 -0.0 0.0 0.0 -0.0 0.0 0.0 0.18554154 -0.0 0.11352969 -0.0 0.07084988 -0.14431852 0.0 0.0 0.0 0.0 -0.0 0.0 0.0 -0.0 -0.0 -0.12376335 -0.1627064 -0.0 -0.0 0.3928105 -0.0 -0.0 -0.0 -0.0 0.0 0.10768689 0.0 0.079777524 -0.073814005 0.0 0.0 0.0 0.12767826 -0.0 0.0
0.08419038 -0.0 0.66847646 -0.0 0.0 0.0 -0.0 0.0 0.0 0.12673527 0.0 0.0 -0.0 -0.0 -0.0 -0.13605912 -0.13222732 -0.0 -0.0 0.117467485 0.0 -0.0 -0.13789423 0.0 -0.0 0.0 0.0 0.0 0.0 -0.0 -0.0 -0.0 0.0 -0.0 0.0 0.0 -0.0 0.0 -0.0 0.0 -0.16842115 -0.0 -0.0 -0.0 0.0 -0.0 -0.09294466 0.0 0.11940708 0.0 -0.11823242 -0.0 0.0 -0.2670165 -0.0 -0.0 -0.0 0.0837626 -0.0 0.19167906 0.0 0.0 0.0 0.0
0.0 0.2763991 -0.0 0.43452537 0.0 0.0 -0.0 -0.16849622 0.2745574 0.19981812 0.0 -0.0 0.0 -0.3215858 -0.20422386 0.0 -0.0 0.4320884 -0.21522439 -0.0 0.24073844 0.0 0.0 -0.0 -0.0 -0.0 0.25077194 -0.25741526 -0.4323395 -0.0 0.32213852 -0.0 0.33439606 -0.0 0.0 -0.0 0.0 -0.0 -0.0 -0.0 0.0 0.0 0.0 -0.0 0.20559911 -0.0 -0.4158817 0.0 0.0 -0.0 0.0 -0.49685392 -0.25087085 0.0 -0.0 0.0 0.2745961 -0.0 0.67741317 0.0 -0.0 -0.0 -0.2644255 -0.30663657
-0.0 -0.0 0.0 0.0 0.0 -0.0 -0.0 -0.0 0.0 -0.0 -0.0 -0.0 0.0 0.0 -0.0 -0.0 0.0 0.0 -0.0 -0.0 0.0 0.0 0.0 0.0 -0.0 -0.0 0.0 0.0 0.0 0.0 0.0 0.0 0.0 -0.0 0.0 -0.0 0.0 -0.0 0.0 0.0 -0.0 0.0 0.0 -0.0 0.0 0.0 -0.0 -0.0 -0.0 0.0 -0.0 -0.0 -0.0 -0.0 -0.0 -0.0 -0.0 -0.0 0.0 -0.0 0.0 -0.0 -0.0 -0.0
0.0 0.0 0.22140533 -0.25332236 -0.0 -0.29867133 0.0 -0.0 -0.2874836 -0.13031846 -0.14712381 -0.18356827 -0.1693306 0.0 0.0 0.0 -0.0 -0.0 0.0 0.0 -0.13398013 0.0 -0.0 -0.0 0.0 0.0 -0.0 -0.0 -0.0 0.13022718 -0.0 0.0 0.0 -0.0 0.08956486 0.0 0.0 -0.0 0.0 -0.0 0.1778862 0.0 0.56527036 -0.0 0.0 -0.15077454 0.1031478 -0.0 0.0 -0.0 -0.08281449 -0.19477464 -0.16613367 -0.16631965 0.0 -0.13770804 -0.21486425 -0.0 0.15431648 0.0 -0.0 0.0 -0.0 -0.0
0.14216557 -0.0 0.0 0.2950569 -0.0 -0.0 0.23467135 -0.0 -0.12884614 0.0 -0.0 -0.0 -0.1075253 0.14021064 -0.4350917 0.0 0.17409936 -0.0 -0.2710687 0.0 0.0 -0.0 -0.0 -0.0 -0.0 0.0 0.0 -0.0 -0.0 0.0 -0.9343102 -0.0 -0.0 -0.28563875 -0.0 0.0 -0.0 -0.0 -0.0 -0.0 0.25896937 -0.0 0.0 -0.26107955 0.2303747 -0.0 0.0 0.0 -0.0 0.0 0.0 -0.0 -0.0 -0.0 -0.0 -0.0 -0.23998992 -0.0 -0.0 0.0 -0.15490292 0.0 0.0 -0.18716347
0.0 -0.0 0.0 -0.0 -0.0 0.0 -0.0 0.0 -0.0 -0.0 0.0 0.0 0.0 -0.0 0.0 0.0 0.0 0.0 0.0 -0.0 0.0 0.0 0.0 -0.0 0.0 -0.0 -0.0 0.0 0.0 -0.0 0.0 0.0 0.0 0.0 0.0 0.0 0.0 0.0 -0.0 -0.0 -0.0 -0.0 0.0 0.0 0.0 -0.0 -0.0 -0.0 0.0 -0.0 -0.0 0.0 0.0 0.0 -0.0 -0.0 0.0 -0.0 -0.0 -0.0 0.0 -0.0 -0.0 -0.0
0.0 -0.0 0.0 0.0 0.0 -0.0 -0.0 -0.0 0.0 0.0 -0.0 0.0 -0.0 0.40607443 -0.0 -0.19240172 -0.22980523 0.0 0.0 -0.0 -0.0 0.0 0.0 -0.0 0.0 0.0 0.0 -0.0 -0.0 -0.082815215 -0.0 0.0 0.0 0.0 0.0792418 0.0 -0.0 -0.0 -0.0 -0.0 0.0 0.0 0.0 0.0 0.0 0.17559946 0.0 0.0 -0.5127155 0.0 0.0 0.0 -0.0 -0.0 0.20563851 0.0 0.0 0.0 -0.0 0.0 -0.0 -0.0 -0.0 -0.0
0.0 -0.12221009 0.0 0.21375771 -0.0 -0.21507122 -0.1632005 -0.0 0.0 -0.15829623 -0.0 0.10527717 0.0 0.1327104 -0.11431856 -0.0818878 -0.0 -0.0 -0.0 0.0 -0.2144075 -0.0 -0.0 -0.0 0.0 0.0 -0.0 -0.0 -0.25836727 0.10130945 -0.0 -0.19841084 -0.0 -0.0 -0.0 -0.14908539 -0.0 -0.0 -0.0 -0.18107776 -0.17134659 0.0 -0.1369209 0.10619058 0.0 -0.0 -0.13252239 -0.07003663 -0.0 -0.0 0.0 -0.0 -0.09503867 -0.0 0.0 0.0 0.0 0.0 -0.0 0.100084394 -0.15501653 -0.15399542 -0.0 0.0
-0.0 -0.0 0.0 0.0 0.0 0.0 0.0 -0.0 -0.0 -0.08774787 -0.0 -0.0 -0.0 0.0 0.0 0.0 -0.0 0.0 -0.0 -0.0 0.0 0.0 -0.0 -0.0 0.0 -0.0 0.0 -0.0 -0.0 0.0 -0.0 -0.0 0.0 -0.0 0.0 -0.0 0.0 -0.0 -0.0 -0.0 -0.0 -0.0 -0.0 -0.0 -0.0 -0.0 -0.0 -0.0 -0.0 0.0 0.0 -0.0 -0.0 0.0 0.0 0.0 0.0 0.0 -0.0 0.0 -0.0 -0.0 -0.0 -0.0
-0.0 0.0 -0.0 0.0 -0.0 -0.0 -0.0 -0.0 -0.0 0.0 0.030870447 -0.0 -0.0 0.088752024 -0.0 -0.0641034 -0.035869837 -0.0 -0.0 0.02699927 0.0 0.0 0.0 -0.0 -0.0 -0.0 0.0 -0.0 0.0 -0.0 -0.0 0.0 0.0 0.0 0.0 -0.0 0.0 -0.0 -0.0 -0.0 -0.0 -0.0 0.0 -0.0 -0.0 0.0 0.0 -0.0 -0.098316625 0.034459937 -0.0 0.0 0.0 0.0 0.027546499 0.0 -0.0 0.0712278 0.026490146 0.0 -0.0 0.0 0.0 -0.042454258
-0.0 0.230274 0.12315269 -0.25507417 -0.0 0.0 0.0 -0.0 -0.0 -0.19815715 -0.0 0.0 -0.1740461 -0.1333149 -0.0 0.0 -0.0 0.0 0.0 -0.0 -0.0 0.14954002 -0.104345165 -0.0 -0.0 0.0 0.0 -0.0 -0.106093794 0.0 -0.0 -0.0 -0.0 -0.0 -0.0 -0.0 -0.0 -0.0 -0.0 0.10188539 0.14091423 -0.0 -0.0 0.0 0.0 -0.0 0.18049888 -0.0 -0.0 -0.0 0.15631254 -0.08694749 -0.14719489 -0.12964971 -0.0 -0.0 -0.0 0.17829545 -0.18467343 0.0 0.0 -0.10148188 -0.0 0.0
0.0 0.0 0.13086385 -0.0 0.0 0.0 -0.0 0.0 -0.0 0.0 -0.0 -0.0 0.0 -0.0 -0.0 0.19095893 -0.0 -0.13962993 0.0 0.0 -0.0 -0.1019632 -0.0 0.0 0.0 0.0 -0.0 -0.0 -0.0 0.0 -0.0 -0.0 -0.0 -0.0 -0.0 -0.0 -0.0 -0.0 -0.0 -0.16305643 -0.0 0.09020157 0.0 0.0 0.0 -0.0 -0.0 -0.0 0.0 0.12410715 -0.0 -0.15177818 0.0 0.0 0.0 -0.0 -0.10468725 -0.0 0.0 0.0 -0.0 -0.0 -0.0 0.16128601
-0.0 0.0 0.0 -0.0 -0.0 -0.14760268 -0.08857734 -0.0 -0.11140328 0.0 0.11150985 -0.112264335 0.0 -0.0 -0.0 0.06439249 -0.0 -0.0 0.0979599 -0.08424848 0.0 -0.1001208 0.0 -0.0 -0.0 -0.14122668 -0.0 0.26006177 -0.061601683 0.0 0.0 -0.17020574 0.22725824 0.2838033 0.0 -0.048740625 -0.10035356 -0.09575795 -0.0629116 -0.14576928 0.0 -0.16069287 -0.1137659 -0.14819843 -0.07943091 0.0 -0.0 0.0 0.0 -0.0 -0.0 -0.0 -0.10130886 -0.08129131 0.0 0.19803585 0.0 -0.08929702 -0.0 -0.0 -0.083857074 -0.0 -0.10063445 -0.0
0.09614886 0.0 -0.0 -0.0 0.0 -0.0 -0.15182614 -0.09706538 -0.124646336 -0.0 -0.14192277 -0.13983916 0.0 0.0 0.0 0.0 0.0 -0.0 0.11832569 -0.0 0.0 0.0 -0.0 -0.0 -0.0 0.070382155 -0.0 -0.12710516 0.0 0.0 0.0 -0.0 -0.0 0.09786148 -0.060445406 0.0569015 0.0 -0.0 -0.0 -0.0 -0.0 -0.11338132 0.0 0.11952649 -0.0 -0.063275635 0.0 0.0 -0.0 -0.0 0.0 -0.0 0.10559902 0.0 0.0 -0.0 0.0 0.07304107 0.0 0.0 -0.0 0.07059439 0.0 -0.0923869
-0.0 0.0 -0.0 -0.43258956 -0.0 -0.0 0.0 -0.0 -0.0 -0.0 -0.0 -0.5105323 -0.0 0.0 -0.0 0.0 -0.0 0.0 -0.4243149 -0.49777177 -0.0 -0.0 -0.0 0.0 -0.0 -0.0 -0.0 -0.0 -0.0 0.32650483 -0.0 -0.0 -0.0 -0.0 0.0 0.0 -0.0 0.0 -0.0 -0.0 -0.0 -0.0 0.0 -0.0 -0.0 0.0 -0.27177623 -0.0 0.0 0.0 0.0 -0.0 -0.0 0.0 1.1226227 -0.32118487 0.0 -0.0 -0.0 0.0 0.0 -0.0 0.0 -0.5507572
-0.0 0.0 0.20390972 0.15125059 0.0 -0.0 -0.0 0.0 -0.0 -0.28233027 0.14105266 -0.24474736 -0.0 -0.0 -0.0 0.0 -0.0 -0.0 -0.0 -0.0 -0.15948528 0.0 0.0 0.23338437 -0.0 0.14551784 -0.0 -0.13016813 -0.11839976 0.0 -0.0 -0.0 0.16971464 0.19584018 0.0 -0.0 0.0 -0.09750553 -0.0 0.0 -0.0 -0.0 -0.0 0.18586622 0.0 0.0 -0.0 0.0 -0.08803124 0.0 0.0 0.0 -0.22920544 -0.14395909 -0.0 -0.0 -0.0 0.0 -0.0 -0.0 0.0 -0.0 -0.0 0.0
0.091010064 0.08558995 0.0 -0.0 0.0 -0.0 -0.080983326 0.0 -0.08821175 0.06418943 -0.0 -0.06520855 0.13104305 -0.061321177 0.0 -0.07954297 0.0 0.11538412 0.0 -0.0 -0.0 0.10640362 -0.0 -0.0 0.0 -0.08578311 0.0 -0.0 0.0 -0.0 -0.0 0.0 -0.0 -0.05957072 -0.0 0.0 0.15226158 0.079235904 -0.0 0.14435063 -0.099201255 -0.0 0.0 -0.0 -0.0 -0.0 0.0 -0.0 -0.0 0.0 0.0 -0.09767851 -0.0 -0.0 0.0 0.0 -0.05952672 -0.14859112 -0.0 -0.0 -0.0 0.0 -0.0 -0.0
0.0 -0.0 0.0 0.12754989 -0.0 0.0 0.0 0.0 0.0 -0.0 -0.0 -0.0 -0.10117382 -0.0 0.0 0.0 -0.0 0.0 0.0 0.0 -0.0 0.0 0.11691948 -0.0 -0.0 -0.0 0.0 0.0 0.0 -0.0 0.0 -0.0 0.0 -0.0 -0.0 -0.0 0.0 -0.0 0.0 0.0 -0.11142787 0.0 0.0 -0.0 0.0 0.0 -0.0 -0.0 0.1727918 0.0 0.0 0.12721956 0.0 0.0 -0.099213645 -0.0 0.0 -0.0 -0.0 -0.0 -0.0 -0.0 0.16237536 -0.0
-0.0 0.0 0.0 -0.0 -0.0 0.20626594 0.0 -0.0 -0.0 0.35324192 -0.0 -0.12111843 -0.0 -0.0 -0.0 -0.0 -0.0 -0.13985595 0.0 -0.0 0.0 -0.0 0.0 -0.27363843 0.0 0.12349552 -0.0 0.0 -0.49812654 0.0 -0.0 -0.104482114 -0.0 0.0 0.0 -0.0 0.0 -0.0 0.0 -0.0 0.0 0.0 -0.2844831 -0.0 -0.0 -0.162591 0.0 -0.0 0.0 0.0 -0.0 -0.19233832 -0.24655634 -0.0 0.0 -0.0 -0.118691534 -0.0 -0.0 -0.0 -0.0 -0.0 -0.0 -0.0
-0.0 0.0 -0.0 0.0 -0.0 -0.0 -0.0 -0.0 -0.0 0.0 0.0 -0.0 -0.0 0.0 0.0 -0.0 0.0 -0.0 0.0 0.0 -0.0 0.0 0.0 0.0 0.0 0.0 0.0 0.0 -0.0 0.0 0.0 0.0 -0.0 0.0 0.0 -0.0 -0.0 -0.0 -0.0 0.0 -0.0 -0.0 0.0 0.0 -0.0 -0.0 -0.0 -0.0 0.0 -0.0 -0.0 -0.0 -0.0 0.0 0.0 -0.0 -0.0 -0.0 -0.0 -0.0 -0.0 0.0 -0.0 0.0
0.0 0.0 0.0 -0.22407776 0.56466395 -0.18325214 0.28892913 -0.09903367 0.0 -0.0 -0.0 -0.12660494 0.12551852 -0.13690004 -0.34992945 -0.19060193 0.0 0.16538303 -0.15504609 -0.44706517 0.0 -0.0 0.0 0.0 -0.0 -0.0 0.0 -0.15086246 0.0 0.15577617 -0.0 -0.0 0.14664422 -0.24371631 0.0 -0.0 0.0 -0.0 -0.0 -0.15000619 -0.22338533 -0.15927821 0.13938925 -0.0 0.0 0.0 -0.11792286 -0.0 0.0 0.14719294 -0.0 0.22996476 -0.108818494 -0.0 -0.0 0.16870774 -0.21339317 -0.0 -0.0 0.0 -0.0 -0.0 -0.0 -0.17954138
-0.0 0.0 -0.0 0.2633972 -0.0 0.0 0.0 -0.0 -0.0 -0.0 0.0 -0.103346355 0.0 0.0 0.0 0.2091712 0.0 0.0 0.21756603 -0.0 -0.0 0.12191726 0.0 -0.6534789 0.0 -0.0 0.0 0.0 0.0 0.0 -0.0 0.24165264 0.0 0.0 0.0 -0.0 0.14861536 -0.23631054 -0.0 0.0 0.0 -0.0 0.0 -0.0 -0.50854367 -0.0 -0.0 -0.2724588 -0.0 -0.0 0.12875177 0.42982328 -0.12849107 0.0 0.3699424 0.20926327 -0.13125116 0.0 0.27730656 -0.0 -0.0 -0.0 -0.0 0.0
-0.0 0.0 -0.0 0.0 0.0 -0.0 0.0 -0.0 -0.0 -0.05547512 0.0 -0.0 0.0 -0.0 -0.0 0.0 0.0 0.0 -0.0 0.0 0.0 0.0 -0.0 -0.0 0.0 0.0 0.0 -0.0 -0.0 0.0 0.0 -0.0 -0.0 -0.0 0.0 0.0 0.0 0.0 -0.0 -0.0 0.0 0.0 0.0 -0.0 0.0 -0.0 0.0 0.0 0.0 -0.0 0.0 -0.0 -0.0 -0.0 -0.0 0.0 -0.0 0.0 0.0 -0.0 -0.0 -0.0 -0.0 -0.0
-0.0779844 -0.0 -0.0 0.0 0.0 0.17288971 -0.0 -0.0 0.0 0.22171845 0.0 0.09189453 -0.0 0.0 -0.0 0.0 0.0959008 0.0 0.070044495 -0.24791192 0.116850466 0.0 0.0649658 -0.0 0.0 0.06950864 -0.0 0.0 0.19967556 0.0 -0.0 0.0 0.0 -0.0 0.0 -0.0 0.05200733 0.07167423 0.0 -0.0 -0.10969719 0.08794593 0.15944064 0.0 -0.11839559 -0.1260073 -0.0 -0.10655021 0.0 0.0 -0.0 0.0 0.088718764 0.11401551 0.096159905 0.104515076 0.0 -0.1233676 -0.0 -0.26475418 0.0 -0.0 -0.18247522 -0.0
-0.0 -0.0 0.0 -0.16144098 -0.0 0.0 0.0 0.0 -0.0 0.0 -0.11501162 -0.0 -0.0 0.14059298 0.0 -0.0 0.0 0.0 0.0 0.19548401 -0.0 -0.0 0.0 -0.0 0.0 -0.31345913 0.0 -0.0 0.0 0.0 0.0 -0.0 0.0 -0.0 0.0 -0.0 -0.0 -0.0 -0.0 -0.0 0.0 0.0 -0.0 -0.0 -0.0 0.0 -0.0 -0.0 0.0 0.0 -0.1431141 -0.0 0.0 0.25080907 0.21219572 -0.0 -0.0 -0.0 -0.0 0.0 -0.0 0.0 0.0 0.0
0.0 -0.0 0.0 -0.0 -0.26646775 -0.0 -0.0 -0.0 -0.2027285 -0.0 -0.0 -0.0 0.25532666 -0.0 0.0 0.5839755 -0.0 0.0 0.0 -0.0 0.0 -0.0 -0.0 -0.0 -0.0 -0.0 -0.0 -0.0 -0.0 -0.22789113 -0.2440318 0.0 0.0 -0.0 -0.27682406 -0.0 0.0 0.0 0.1831614 0.0 -0.19466192 0.0 0.0 0.0 -0.0 -0.0 -0.0 -0.0 0.0 -0.0 0.0 -0.0 0.0 -0.0 0.26116025 -0.0 0.0 0.0 0.0 -0.0 -0.0 0.0 0.0 -0.33543244
-0.0 -0.0 -0.0 0.0 -0.0 0.0 -0.0 -0.0 0.0 0.0 0.0 -0.0 0.0 -0.0 0.0 -0.0 0.0 -0.0 0.0 0.0 -0.0 -0.0 -0.0 -0.0 -0.0 -0.0 -0.0 -0.0 0.0 -0.0 0.0 0.0 0.0 -0.0 0.0 0.0 0.0 -0.0 0.0 0.0 0.0 -0.0 0.0 -0.0 -0.0 -0.0 -0.0 -0.0 0.0 0.0 0.0 0.0 0.0 -0.0 -0.0 0.0 0.0 -0.0 0.0 -0.0 0.0 0.0 0.0 -0.0
0.0 -0.0 0.15686418 0.0 0.0 -0.0 0.0 0.0 0.08588237 0.0 0.0 0.16904117 -0.19053297 0.26072177 -0.0 0.50426644 -0.2138057 0.0 0.15413475 0.15689288 0.1209077 -0.0 0.113404475 0.13496217 -0.0 0.0 -0.10929753 0.16590227 -0.0 0.18725687 -0.0 0.16096997 0.120618485 0.0 -0.21188115 0.0 0.0 0.1102932 0.11185204 0.0 0.0 0.11671371 -0.068197034 0.10514702 0.0 -0.13484405 -0.0 -0.0 0.82714707 -0.17712343 0.0 0.0 0.0656225 0.0 0.41131455 0.14336424 0.09773415 -0.0 0.09239975 0.0 0.0 0.13918795 0.0 -0.0
-0.0653607 -0.0 0.0 -0.0302288 0.031045718 -0.0 -0.0 -0.0 0.07600643 -0.0 0.10531709 0.0 0.0 -0.0 -0.050466225 -0.0 0.0 0.0754194 0.041572146 0.0 0.0 -0.0 -0.0 0.0 -0.0 -0.037459087 0.0 -0.0 -0.0 -0.0 -0.0 0.0 0.0 -0.060477577 -0.0 -0.0 -0.0 -0.0 0.0 0.0 -0.04361261 -0.0 -0.0 -0.0 -0.0 0.0 -0.045032132 -0.0 0.0 0.0 -0.0 -0.0 0.0 -0.0 -0.0 0.02957551 -0.0 -0.0 -0.0 -0.0 0.0 0.04196525 0.0 -0.0
-0.0 0.0 0.062341277 -0.10425864 -0.0 0.0929076 -0.0 0.0 -0.0 0.0 -0.0 -0.06583861 -0.0 0.0 -0.0 0.06859186 -0.0 0.0 0.06837905 0.101939015 -0.1100942 -0.08380865 0.061635703 0.0 0.0 -0.18292722 -0.05955668 0.0 0.0 0.0 -0.0 -0.11251124 -0.0 0.044227965 -0.0 -0.056556143 0.0 0.08648196 -0.20788042 0.0 0.0 -0.0 -0.0 0.0 -0.046414714 0.075848326 -0.11018704 0.0 -0.090792544 0.075331174 -0.0 0.0 0.0 -0.0 -0.0 -0.0 -0.0 -0.0 -0.085755356 0.0 0.0 0.093060166 -0.0 0.0
-0.0 -0.0 0.0 0.0 0.0 0.0 0.0 -0.0 0.0 -0.0 -0.0 -0.0 -0.0 -0.0 -0.0 -0.0 0.0 -0.0 -0.0 0.0 -0.0 -0.0 -0.0 -0.0 -0.0 0.0 0.0 0.0 0.0 -0.0 -0.0 0.0 0.0 0.0 0.0 0.0 -0.00027877124 -0.0 0.0 0.0 -0.0 0.00028980145 -0.0 0.0 0.0 -0.0 -0.0 0.0 -0.0 0.0 0.0 0.0 -0.0 0.0 -0.0 -0.0 -0.0 0.0 -0.0 0.0 0.0 -0.0 0.0 -0.0
0.0 -0.0 0.0 -0.0 -0.0874312 -0.0 -0.0762168 0.0 0.0 -0.07005255 -0.0 -0.0 -0.0 -0.0 0.08421472 -0.07757507 -0.0 -0.090144396 0.0 0.0 -0.0 0.0 -0.0 -0.0 0.0 0.0 0.0 -0.0 -0.0 0.056473333 -0.0 0.0 0.0 0.0 0.08440757 -0.0 0.0 -0.10202737 0.0 0.0 0.0 0.0 0.11195103 -0.0 -0.0 -0.0 -0.0595671 -0.0 0.0 0.0 -0.0 -0.0 0.0 -0.109807655 0.0 0.0 0.0 0.0 -0.1057174 -0.21343073 0.0 -0.0 -0.113918886 0.121343434
0.0 0.0 -0.0 -0.0 -0.0 0.0 -0.0 -0.0 0.0 0.0 -0.0 0.0 0.0 -0.0 -0.0 -0.0 -0.0 0.0 0.0 0.0 0.0 -0.0 0.0 -0.0 -0.0 0.0 0.0 -0.0 -0.0 -0.0 0.0 0.0 0.0 0.0 -0.0 0.0 -0.0 0.0 0.0 0.0 0.0 -0.0022461342 -0.0 -0.0 -0.0 -0.0 -0.0 -0.0 0.0 -0.0 -0.0 0.0 0.0 -0.0 0.0 -0.0 0.0 0.0 0.0 -0.0 -0.0 0.0 -0.0 0.0
0.0 0.17573802 0.0 0.1262055 -0.0 -0.0 -0.0 0.0 -0.10816213 0.0 -0.0 -0.17407832 0.0 -0.0 -0.0 -0.0 -0.06774261 -0.0 -0.087461464 -0.13086101 -0.0 0.0 0.09687325 -0.07706504 -0.07215402 0.0 -0.0 -0.110987104 0.0 -0.0 0.0 -0.113861576 -0.11888624 -0.10256811 -0.0 -0.0 -0.048849516 -0.10895251 -0.0 -0.07734116 -0.0 -0.0 -0.0 -0.0 -0.09710209 -0.060678232 0.0 0.0 -0.0 -0.0 0.0 0.08437585 -0.06558285 -0.0 -0.0 -0.11843815 -0.085026115 0.0 0.0 -0.0 -0.0 -0.07437584 -0.06672925 0.0
-0.0 0.0 -0.0 0.0 0.0 0.0 0.0 0.0 0.0 -0.0 0.0 0.025140222 0.03824504 -0.036247507 -0.0 0.0 0.025414452 -0.0 -0.041722767 -0.0 -0.0 0.029598713 -0.0 -0.0 0.0 0.0 0.0 -0.0 0.0 0.0 -0.0 -0.0 -0.0 -0.05983799 0.0 -0.0 -0.0 0.0 0.0 -0.0 -0.0 -0.0 0.0 -0.037363358 -0.0 0.0 0.0 0.04959142 0.0 0.0 0.0 0.0 -0.0 0.03316479 0.0 -0.0 -0.0 0.0 0.0 -0.0 0.033738215 0.0 0.0 -0.039342523
-0.0 0.0 -0.0 0.044696137 0.0 -0.0 -0.0 -0.05755766 0.0 -0.0 -0.0 -0.0 0.0 -0.0 -0.0 0.0 0.0 -0.0 -0.0 0.0 0.0 -0.0 -0.0 0.0 -0.0 -0.0 -0.0 -0.0 -0.0 0.0 0.0 -0.0 -0.0 -0.0 0.0 -0.0 -0.0 -0.0 0.0 0.0 -0.0 -0.0 -0.0 -0.0 0.0 -0.0 0.03874192 0.0 0.0 -0.0 0.0 -0.0 -0.0 0.0 0.0 -0.0 -0.0 -0.0 -0.0 -0.0 -0.0 0.0 0.0 0.0
-0.0 -0.0 -0.08161892 0.07171946 0.0 0.0 0.0 0.0 -0.0 -0.0 0.0 -0.0 0.0 -0.0 -0.0 0.08401678 -0.0 0.0 -0.0 -0.0 -0.0 -0.0 0.08202695 0.0 -0.0 0.0 -0.097873755 -0.0 0.0 -0.0 0.0 -0.054623343 -0.0 -0.0 -0.08640839 0.0 -0.0 -0.0 0.0 -0.0 -0.0 0.0 0.0 0.0 0.0 -0.0 -0.0 0.0 0.14533468 -0.09248069 0.0 0.0 -0.0 0.0 -0.06260966 0.0 -0.0 0.0 0.0 -0.0 0.0 -0.052430887 -0.0 -0.070372045
0.0 -0.0 0.0 0.0 0.0 -0.0 0.0 -0.0 0.0 -0.0 -0.0 -0.0 -0.0 -0.0 -0.0 -0.0 0.0 0.0 -0.0 0.0 -0.0 -0.0 -0.0 0.0 0.0 0.0 -0.0 0.0 -0.0 -0.0 -0.0 0.0 0.0 -0.0 -0.0 -0.0 -0.0 -0.0 -0.0 -0.0 -0.0 0.0 -0.0 -0.0 -0.0 -0.0 -0.0 -0.0 -0.0 -0.0 -0.0 -0.0 0.0 -0.0 -0.0 0.0 0.0 0.0 -0.0 -0.0 -0.0 -0.0 -0.0 -0.0
-0.055159897 -0.0 0.07642813 -0.07395841 -0.11652381 0.13039498 -0.13628636 -0.07819103 -0.0 0.16620344 -0.1150899 -0.0 -0.0 -0.0 -0.0 -0.0 -0.0 -0.0 0.08206527 -0.0 0.10204274 0.0 -0.09741386 0.0 -0.13979293 0.0 0.0 0.0 0.19949809 0.0 -0.0 0.0752761 0.0 -0.0 -0.0 -0.11565036 0.0 0.0 0.07405413 -0.09270736 -0.05979429 0.14854068 0.099040076 -0.0 -0.0 -0.0 0.0 0.0 0.0 0.10349296 -0.0 0.07916798 0.0 -0.0 -0.0 -0.0 0.081218645 -0.042630166 0.066617966 -0.0 -0.07636288 0.0 -0.087900154 0.0
0.0 0.0 -0.24553189 0.0 -0.16835393 -0.19663425 0.0 0.08304701 -0.0 0.18715443 -0.48086393 -0.3235345 -0.0 -0.0 -0.0 0.0 -0.0 0.0 -0.0 -0.0 -0.112911716 -0.0 -0.15298916 0.080084555 -0.0 0.10595258 -0.24624786 -0.0 0.1166748 0.0 0.2077836 0.0 -0.176341 0.0 -0.0 -0.12542765 -0.17486857 0.0 -0.17758726 -0.0 -0.0 -0.0 -0.110826366 -0.12304867 -0.0978023 -0.0 0.15333284 0.19105154 -0.0 -0.0 -0.0 0.0 -0.0 0.0 -0.0 -0.33082744 -0.0 0.0 -0.0 -0.0 -0.0 -0.10554508 0.0 -0.07082534
0.18644576 0.0 -0.0 -0.0 0.23298104 0.0 0.0 -0.0 0.0 0.0 0.0 -0.07870238 0.0 0.0 -0.1981346 -0.0 -0.10527744 -0.1444678 0.0 0.0 -0.0 0.0 0.0 -0.0 0.47050935 -0.0 0.0 -0.18764225 -0.0 0.118772045 -0.0 0.0 -0.0 0.0 -0.1378191 0.0 -0.16378488 0.0 -0.0 0.0 -0.0 0.0 0.0 -0.0 0.0 -0.0 0.0 -0.0 0.0 0.17895089 0.0 0.0 0.0 0.0 -0.0 0.0 0.0 -0.0 0.0 0.0 -0.098864645 -0.0 0.0 0.39387146
0.0 -0.0 -0.20973001 0.0 0.0 0.47364685 0.0 0.0 0.0 0.42774108 -0.0 -0.0 -0.0 0.0 0.0 0.0 -0.0 0.0 0.0 -0.18556893 0.0 -0.0 0.0 -0.24316302 -0.0 0.18831414 0.1533417 -0.0 -0.4344723 0.0 -0.0 0.0 0.0 0.0 0.0 0.0 0.0 -0.21226224 0.16046053 -0.0 -0.0 0.0 -1.074658 0.0 -0.22191608 0.0 0.0 0.0 -0.17701547 -0.0 -0.0 -0.13818899 0.40293917 0.0 -0.16397093 0.0 -0.0 -0.0 -0.22178039 0.20647343 0.0 -0.17414397 -0.20067683 -0.0
-0.0 0.0 0.0 0.0 0.0 0.0 0.0 0.0 0.0 -0.0 -0.0 -0.0 -0.0 -0.0 0.0 0.0 0.0 -0.0 0.0 -0.0 -0.0 0.0 0.0 -0.0 -0.0 -0.0 0.0 0.0 -0.0 -0.0 -0.0 0.0 0.0 -0.0 0.0 -0.0 0.0 -0.0 0.0 -0.0 0.0 0.0 0.0 -0.0 0.0 0.0 -0.0 0.0 0.0 -0.0 -0.0 0.0 -0.0 0.0 -0.0 0.0 0.0 -0.0 0.0 -0.0 -0.0 0.0 -0.0 -0.0
-0.0 -0.2632237 -0.38021812 -0.26057476 -0.18786505 0.0 0.0 0.0 0.0 0.0 0.0 -0.0 0.0 0.16155517 -0.0 -0.21634468 0.0 -0.18429147 -0.16605021 0.2626507 -0.1736175 -0.14997014 0.0 -0.0 0.0 -0.0 0.0 -0.0 -0.0 -0.0 0.0 -0.19038466 -0.18369803 0.0 -0.0 -0.14859226 -0.0 -0.0 0.11979661 -0.0 0.0 -0.1551037 -0.0 0.0 0.56489795 0.0 -0.25598854 0.0 -0.0 0.0 -0.0 -0.16614795 0.0 -0.0 0.0 -0.0 -0.14180167 -0.0 -0.0 0.15822075 0.0 -0.0 0.0 0.0
0.0 0.16230765 0.0 0.0 -0.0 -0.10570258 -0.0 -0.0 0.0 0.09070509 0.0 0.0 0.0 0.0 -0.0 0.0 -0.066474676 -0.0 0.0 -0.07542072 -0.0 -0.0 0.0 0.11236921 0.0 0.14753918 -0.0 0.0 0.0 -0.0 -0.0 0.0 0.0 0.0 -0.0 -0.0 0.0 -0.0 0.0 -0.0 -0.1327592 -0.0 0.0 0.0 -0.0 -0.0 0.077564806 -0.0 0.0 0.0 -0.0 0.06820238 -0.0 -0.12320959 -0.17970124 0.0 0.0 -0.10154582 -0.0 -0.0 -0.08054303 0.0 -0.0 -0.0
-0.0 0.0 -0.0 -0.0 -0.0 0.0 0.0 -0.0 -0.0 0.0 -0.0 -0.0 0.0 0.0 -0.0 -0.0 -0.0 0.0 -0.0 0.0 -0.0 -0.0 -0.0 -0.0 0.0 0.0 -0.0 -0.0 -0.0 0.0 0.0 0.0 -0.0 -0.0 0.0 -0.0 -0.002602372 -0.0 0.0 -0.0 -0.0 -0.0 -0.0 0.0 0.0 0.0 0.0 -0.0 -0.0 0.0 0.0 -0.0 -0.0 0.0 0.0 0.0039258017 0.0 -0.0 -0.0 -0.0 0.0 -0.0 0.0 -0.0
-0.0 0.0 0.0 0.0 0.0 -0.0 0.0 -0.0 0.0 0.0 -0.0 -0.0 -0.0 -0.0 -0.0 -0.0 0.0 -0.0 -0.0 -0.0 -0.0 0.0 -0.0 0.0 0.0 -0.0 0.0 0.0 -0.0 0.0 0.0 0.0 -0.0 0.0 -0.0 -0.0 0.0 0.0 -0.0 0.0 -0.0 0.0 0.0 0.0 0.0 -0.0 0.0 0.0 0.0 -0.0 0.0 0.0 0.0 -0.0 -0.0 -0.0 0.0 0.0 0.0 0.0 0.0 -0.0 -0.0 -0.0
0.0 -0.0 0.0 0.0 -0.0 0.0 0.0 0.0 0.0 -0.0 -0.0 0.0 0.0 -0.0 -0.0 -0.0 -0.0 -0.0 0.0 -0.0 -0.0 0.0 0.0 -0.0 -0.0 -0.0 -0.0 0.0 -0.0 -0.0 -0.0 -0.0 -0.0 0.0 0.0 -0.0 0.0 -0.0 -0.0 0.0 -0.0 0.0 -0.0 -0.0 0.0 0.0 0.0 -0.0 -0.0 -0.0 -0.0 0.0 0.0 0.0 0.0 -0.0 -0.0 -0.0 0.0 0.0 -0.0 -0.0 -0.0 0.0
0.0 0.0 0.0 -0.0 -0.0 -0.0 0.0 -0.0 -0.0 0.0 0.0 0.0 0.0 0.0 -0.0 0.0 -0.0 0.0 -0.0 -0.0 -0.0 -0.0 -0.0 0.0 -0.0 0.0 0.0 -0.0 -0.0 0.0 0.0 0.0 0.0 0.0 0.0 -0.0 -0.0 0.0 0.0 -0.0 -0.0 -0.0 0.0 0.0 -0.0 0.0 0.0 -0.0 -0.0 -0.0 -0.0 0.0 0.0 -0.0 0.0 0.0 0.0 -0.0 -0.0 0.0 -0.0 0.0 0.0 0.0
0.0 0.0 0.0 0.0 -0.0 0.0 0.0 -0.0 0.0 -0.0 0.0 0.0 0.0 -0.0 -0.0 0.0 0.0 -0.0 -0.0024940788 0.0 0.0 -0.0 0.0 0.0 -0.0 -0.0 0.0 -0.0 -0.0 0.0 -0.0 -0.0 0.0 -0.0 -0.0 -0.0 0.0 -0.0 0.0 0.0 -0.0 -0.0 0.0 -0.0 0.0 -0.0 -0.0 -0.0 0.0 -0.0 0.0 -0.0 -0.0 -0.0 -0.0 0.0 -0.0 -0.0 -0.0 -0.0 0.0 -0.0 0.0 0.0
-0.0 -0.0 0.0 0.0 0.0 -0.0 0.0 0.036494017 0.0 -0.0 0.0 -0.0 -0.0 0.0 -0.0 0.0 0.0 0.0 0.0 0.0 -0.0 0.0 -0.05366364 0.0 -0.0660246 -0.0 0.11550133 0.0 -0.0 0.0 -0.0 0.0 0.0 0.0 -0.045932826 0.042591467 -0.05850629 0.048179604 -0.0 0.0 -0.0 0.0 -0.0 0.0 0.0 -0.0 -0.0 0.0 -0.0 -0.0 -0.0 -0.0 0.0 -0.0 -0.0 0.0 0.0 -0.0 -0.06978244 -0.0 -0.040946 0.058426548 0.038930405 -0.0
0.0 0.0 0.03314445 0.0 0.0 -0.0 0.0 -0.0 0.0 -0.0 0.0 -0.0 0.0 0.0 -0.0 0.0 0.0 -0.0 -0.0 -0.0 -0.0 -0.0 0.0 0.0 0.04164264 0.0 -0.0 0.0 0.0 0.0 -0.0 0.0 0.0 -0.0 0.0 -0.0 0.0 -0.0 -0.0 -0.0 -0.0 0.0 -0.0 -0.0 0.0 0.0 -0.0 -0.037830003 -0.0 -0.0 -0.0 0.0 -0.0 -0.0 -0.0 0.0 -0.0 0.0 -0.0 0.0 -0.0 -0.0 -0.0 -0.0
0.0 -0.0 0.0 0.0 -0.0 0.0 0.0 0.0 0.0 0.0 -0.0 0.0 -0.0 0.31424814 -0.0 -0.5095103 0.0 -0.0 0.0 0.0 0.0 0.0 0.14154539 -0.0 -0.0 0.0 0.107893 0.0 0.0 -0.32625052 -0.0 0.0 0.0 0.0 0.31221253 0.0 0.0 0.0 -0.0 0.0 -0.0 0.0 -0.0 0.0 0.0 0.19647804 0.0 -0.0 -0.25240746 0.4276655 -0.0 0.0 0.0 -0.0 0.45100394 0.0 -0.0 -0.0 -0.0 0.0 0.0 -0.0 0.20260158 -0.0
0.0 0.0 -0.0 0.32485685 0.2086432 -0.0 0.0 -0.0 0.0 0.0 0.0 -0.15071525 -0.0 0.0 -0.27687714 -0.1695681 -0.0 -0.11783792 -0.0 -0.0 -0.0 0.0 0.14097503 0.22008917 0.31709948 -0.0 -0.0 -0.0 -0.0 -0.0 -0.0 -0.0 0.0 0.0 0.0 0.0 -0.17732015 -0.0 -0.0 0.0 0.17341644 0.0 -0.13745005 -0.0 0.0 0.0 0.0 0.0 0.16184053 0.0 0.0 0.0 0.0 -0.0 0.0 -0.0 -0.22172257 0.0 -0.0 0.0 -0.23342744 0.17603259 0.0 0.0
0.0 0.0 -0.15960814 -0.2472212 -0.21370001 0.31985417 0.0 -0.0 -0.25909346 0.0 0.0 0.0 -0.0 -0.14350002 0.23272376 0.0 -0.0 0.0 0.142319 -0.4146859 -0.45524833 -0.0 -0.0 -0.37420258 0.0 -0.19278353 -0.0 -0.0 -0.4381771 0.0 0.0 -0.0 -0.0 -0.0 0.0 0.0 -0.0 -0.23852608 0.45719093 -0.0 -0.2720212 0.0 0.0 -0.0 0.48087507 0.0 -0.0 0.3255888 0.0 -0.0 -0.0 0.0 -0.0 0.0 -0.0 0.0 0.0 -0.0 -0.0 0.0 0.0 0.90882623 0.24796727 -0.16699193
0.0 0.0 -0.38369417 0.0 0.0 -0.16289625 0.0 0.0 0.0 0.40334192 0.0 0.0 -0.0 -0.0 0.0 0.0 -0.0 -0.0 -0.0 -0.662645 0.0 -0.0 0.0 0.0 -0.0 0.0 0.0 0.0 -0.14612108 -0.0 -0.0 0.0 0.0 0.0 -0.0 -0.0 -0.0 0.0 0.0 0.0 0.0 -0.0 0.15889311 -0.0 -0.0 0.0 0.0 -0.0 0.0 0.0 -0.0 -0.0 0.0 -0.0 -0.0 -0.0 0.0 0.0 0.0 1.2625026 -0.0 0.0 0.3465825 -0.0
0.0 -0.0 0.0 0.08520125 0.0 0.0 0.20969708 0.0 -0.0 -0.0 0.0 0.11963218 -0.0 -0.0 0.0 -0.0 0.0 0.0 -0.12082142 0.0 0.0 0.15112197 -0.0 0.0 0.0 -0.37654343 -0.0 -0.0 0.22760825 -0.0 0.0 0.0 -0.0 -0.0 -0.0 0.0 -0.085101955 -0.20417053 0.14711118 0.0 0.0 0.0 0.0 -0.0 -0.0 -0.0 0.21201509 -0.20211786 0.17771159 -0.090215854 -0.1480563 0.0 -0.0 -0.10145332 -0.066744514 -0.11120356 0.17894594 -0.27519637 0.17000274 0.0 0.15236689 -0.0 0.0 -0.0
-0.09453144 0.08620039 0.2234385 -0.2856421 -0.055074945 0.0 0.0 -0.07256319 -0.0 -0.1345437 -0.16463125 0.07424531 -0.09318701 0.0 -0.0 0.0 -0.0 -0.0 0.10123446 -0.1480394 -0.0 0.08203512 -0.0 -0.0 -0.0 0.0 -0.0 0.0 -0.0 0.0 -0.0 -0.20599616 -0.0 -0.0 0.0 -0.122407466 0.0 -0.15416312 0.10292264 -0.0 0.27026355 0.13856645 -0.12796633 -0.0 0.1577012 0.17672555 0.10009698 0.0 0.0 0.0 0.0 -0.11662966 -0.06277152 -0.19577515 0.14531694 0.19295986 0.14931309 0.0 -0.07499691 -0.0 0.0 -0.0 -0.256033 -0.0
-0.0 -0.0 -0.0 -0.0 0.0 -0.0 0.0 -0.0 0.0 0.0 -0.0 -0.0 -0.0 -0.0 -0.0 -0.0 0.0 0.0 -0.0 0.0 -0.0 -0.0 0.0 0.0 0.0 0.0 -0.0 0.0 -0.0 0.0 0.0 0.0 -0.0 0.0 0.0 0.0 -0.0 -0.0 0.0 -0.0 0.0 0.0 0.0 0.0 0.0 0.0 0.0 -0.0 0.0 -0.0 -0.0 -0.0 0.0 0.0 -0.0 -0.0 0.0 0.0 -0.0 0.0 -0.029480636 0.0 -0.0 -0.0
0.0 0.0 0.0 0.0 0.0 0.0 0.04155758 -0.0 -0.0 -0.0 0.0 0.0 0.0 0.0 0.0 0.0 -0.0 0.0 0.0 0.0 0.0 0.0 0.0 -0.0 0.0 -0.0 0.0 -0.0 -0.0 0.0 0.0 0.0 -0.0 0.0 -0.0 -0.0 -0.0 -0.0 -0.0 0.0 -0.0 -0.0 -0.0 0.0 -0.0 -0.0 0.0 -0.0 0.0 0.0 0.0 0.0 -0.0 -0.0 0.0 0.0 -0.0 0.0 0.0 -0.0 0.0 -0.0 0.0 0.0
0.0 0.0 0.0 -0.0 0.0 0.106296785 0.0 0.0 -0.0 0.0 -0.0 -0.0 0.0 -0.052006148 0.0 -0.19029894 0.20270652 -0.0 0.0 0.0 0.0 -0.0 -0.09174512 -0.07726326 0.0 0.0 0.0 -0.0 0.145929 -0.082687415 -0.0 0.0 0.0 0.0 0.118939 0.0 0.0 0.0 -0.0 0.0 -0.0 -0.0 0.0 0.0 -0.0 -0.14505018 -0.0 -0.0 -0.31367347 0.12432666 0.0 -0.0 0.0 0.0 0.19903287 0.0 0.0 -0.0 0.0 -0.0 0.0 0.0 0.0 -0.0
-0.14889432 -0.0 0.071515866 0.0 -0.0 -0.08414284 -0.1908311 -0.09226413 0.0 -0.0 0.0 -0.0 0.081524625 -0.107686535 -0.0 -0.0 0.0 -0.0 -0.0862876 0.0 0.0 -0.0809961 -0.21935011 0.0 -0.0 -0.0 -0.0 -0.0 -0.114895985 0.0 -0.0 0.0 0.0 0.0 0.0 -0.1352503 -0.22651283 -0.0 0.0 -0.2297331 -0.0 -0.0 -0.0 0.0 -0.0 -0.0 -0.0 -0.0 0.0 0.0 -0.13167289 0.0 0.0 0.1779456 -0.05558865 -0.0 -0.16901343 0.0 -0.0 -0.0 -0.25253025 -0.0 0.0 0.0
0.0 0.0 -0.1465423 -0.0 -0.0 -0.0 -0.0 0.0 -0.0 0.0 -0.0 0.1727315 0.0 -0.0 0.0 -0.0 0.0 -0.0 0.10066643 0.0 -0.0 0.0 -0.0 -0.0 0.0 -0.0 0.0 0.0 -0.0 -0.0 0.0 0.0 -0.0 0.0 0.0 0.0 0.0 0.0 0.0 -0.0 0.0 0.0 0.0 0.0 -0.0 0.0 0.0 0.0 -0.0 0.0 0.0 -0.0 -0.0 0.0 0.17380382 -0.0 0.089131586 0.0 -0.0 -0.0 0.0 0.0 -0.0 0.16222699
0.0 -0.0 0.0 -0.0 0.0 0.0 -0.0 -0.0 -0.10066268 -0.0 -0.08986728 -0.09702551 0.0 -0.0 0.0 0.06458831 0.0 0.0 -0.0 -0.0 -0.0 0.0 0.0 0.0 -0.074004136 0.0 -0.0 0.0 0.0 0.0 0.0 0.0 -0.09042894 -0.07659027 0.0 -0.0 0.0 -0.0 -0.0 0.0 -0.0 -0.0 0.0 -0.058300555 -0.0 0.0 -0.0 -0.0 -0.0 -0.0 0.0 -0.0 0.0 -0.091247596 0.0 -0.06690511 0.0 0.08251819 -0.0 -0.0 0.0 0.0 -0.09558185 0.072293706
-0.0 -0.0 0.0 -0.0 -0.49226338 -0.1360737 -0.30329475 -0.0 0.0 0.0 -0.0 -0.0 -0.0 -0.0 -0.0 0.0 0.0 0.0 -0.16189764 0.0 -0.0 -0.0 -0.0 0.0 0.0 -0.0 -0.0 -0.0 -0.0 -0.0 0.0 -0.0 -0.21849597 -0.21070121 0.0 -0.0 -0.13062438 0.0 -0.13380535 -0.2628229 0.0 -0.47654364 -0.0 0.32584146 -0.0 0.0 0.0 -0.0 -0.0 -0.0 -0.0 -0.2577971 0.0 -0.0 0.0 0.16058959 0.0 -0.0 -0.2668309 -0.0 0.0 0.0 -0.0 0.25391182
0.0 0.0 -0.0 -0.0 -0.0 -0.0 -0.0 0.0 -0.0 -0.0 -0.0 -0.0 0.0 -0.0 0.0 -0.0 -0.0 -0.0 0.0 0.0 -0.0 0.0 -0.0 0.0 -0.0 0.0 -0.0 0.0 0.0 -0.0 0.037882403 -0.0 0.0 -0.0 0.0 0.0 -0.0 -0.0 0.0 0.0 0.0 -0.0 -0.0 -0.0 -0.0 0.0 -0.0 0.0 0.0 -0.0 0.0 0.0 0.0 -0.0 -0.0 0.0 0.0 -0.0 0.0 -0.0 -0.0 0.0 -0.0 0.0
-0.0 0.0 0.0 0.0 0.0 -0.0 0.0 0.0 0.0 -0.0 -0.0 -0.0 -0.0 0.0 -0.0 0.0 0.0 -0.0 -0.0 -0.0 -0.0 -0.0 -0.0 -0.0 -0.0 0.0 -0.0 0.0 0.0 0.0 -0.0 0.0 0.0 -0.0 -0.0 -0.0 0.0 -0.0 -0.0 -0.0 -0.0 0.0 0.0 -0.0 0.0 0.0 -0.0 0.0 -0.0 0.0 0.0 0.0 -0.0 -0.0 0.0 -0.0 0.0 0.0 0.0 0.0 -0.0 0.0 -0.0 -0.0
-0.0 0.09768389 -0.44433856 -0.0 0.0 -0.19319415 -0.0 0.0 0.24864922 -0.0 0.0 -0.2632203 0.0 -0.0 -0.0 -0.0 0.0 -0.32503712 0.20849174 0.0 0.0 0.13865243 -0.0 0.0 -0.0 -0.0 0.0 -0.30462265 -0.0 -0.0 0.122008555 -0.0 -0.0 -0.0 -0.0 0.0 -0.26208276 -0.0 0.0 0.30271852 0.0 0.13152878 -0.0 0.0 -0.0 -0.0 0.0 -0.0 -0.0 -0.0 -0.0 -0.0 -0.0 -0.0 -0.0 0.28423268 -0.0 0.08607719 -0.0 0.0 -0.47120446 -0.0 -0.17266105 -0.0
0.0 -0.0 0.198624 0.22886448 -0.26962534 -0.0 -0.0 -0.0 0.0 0.0 -0.22806329 0.23845772 -0.0 -0.0 0.24324389 0.4500637 0.0 -0.0 -0.27222988 -0.0 0.0 -0.19097835 -0.29599172 -0.0 0.0 -0.0 -0.0 0.0 -0.0 -0.28223497 -0.0 0.0 0.0 -0.0 0.34742105 -0.0 0.21623708 -0.0 -0.0 -0.18048379 0.0 -0.0 -0.0 -0.0 0.0 0.0 -0.0 -0.19338174 0.0 -0.20430654 -0.0 -0.0 0.0 0.0 -0.0 -0.18785724 -0.17002223 -0.0 0.0 -0.0 0.25976616 -0.0 -0.0 -0.3538487
-0.0 -0.0 -0.0 0.0 -0.0 -0.0 0.0 -0.0 0.0 0.0 0.0 -0.0 0.0 -0.0 0.0 -0.14179634 -0.09252998 0.0 -0.0 -0.0 -0.06549335 -0.0 0.0 -0.07549022 0.0 -0.09774402 0.07172117 -0.0 -0.0 -0.08271125 -0.0 -0.0 0.0 0.0 0.11318841 -0.07926576 -0.0 -0.078542575 -0.08058341 -0.0 -0.0 0.0 0.0 -0.0 -0.0 0.085269965 0.0 -0.0 -0.13785188 0.074056335 -0.06692762 0.0 -0.0 -0.0 -0.20194152 -0.0 0.0 0.0 -0.0 -0.0 -0.0 -0.054415498 -0.0 -0.0
0.0 0.0 0.0 -0.0 -0.0 0.0 0.0 -0.0 -0.0 -0.0 0.0 -0.0 0.0 0.0 0.0 0.044524424 -0.0 -0.0 0.0 -0.038840596 -0.0 -0.0 -0.0 -0.0 -0.0 -0.0 -0.0 -0.0 0.0 -0.0 -0.036684144 0.0 0.0 -0.0 0.0 -0.0 -0.0 -0.0 0.0 -0.0 -0.0 0.0 0.0 -0.0 0.0 -0.0 0.0 -0.0 0.0 -0.0 -0.0 0.0 -0.0 0.0 0.0 -0.0 -0.0 -0.0 -0.0 0.035103757 -0.0 -0.0 -0.0 0.0
-0.0 0.0 -0.0 -0.0 0.0 0.0 0.0 0.0 0.0 0.0 -0.0 -0.0 -0.0 0.0 -0.0 -0.0 -0.0 -0.0 -0.0 -0.0 0.0 0.0 0.0 0.0 -0.0 0.0 -0.0 0.0 0.0 0.0 -0.0 -0.0 -0.0 0.0 0.0 0.0 -0.0 -0.0 -0.0 0.0 0.0 -0.0 -0.0 0.0 -0.0 -0.0 -0.0 0.0 0.0 -0.0 -0.0 -0.0 -0.0 0.0 -0.0 0.0 -0.0 -0.0 0.0 -0.0 0.0 0.0 -0.0 -0.0
-0.0 -0.32255894 -0.0 0.0 0.2217578 -0.0 0.2989833 -0.33991516 -0.2609361 0.0 -0.0 -0.0 -0.0 -0.14484245 -0.30880168 0.18573284 -0.0 -0.60375404 0.0 -0.0 -0.0 -0.0 -0.27254137 -0.24078894 -0.15002294 -0.0 -0.0 0.0 -0.18248798 0.2738755 -0.0 -0.39672813 -0.0 -0.0 0.0 -0.0 -0.0 0.0 0.0 -0.1615997 -0.35166088 0.2412465 -0.0 -0.3599256 -0.0 -0.13235089 0.0 -0.2422197 -0.0 -0.0 -0.2056262 -0.0 0.0 -0.0 -0.0 -0.3489971 -0.34152114 -0.17022796 -0.23303594 -0.0 -0.0 -0.0 -0.0 -0.39705706
-0.032421 -0.0 0.0 0.026923493 0.0 0.0 0.0 -0.048690863 0.056113005 -0.0 0.0 0.0 0.0 0.030081134 -0.0 0.0 0.0 -0.048594426 -0.0 0.0 0.0 -0.0 0.0 -0.0 -0.0 -0.0 0.0 0.0 -0.0 0.0 -0.0 -0.0 0.0 -0.0 -0.0 0.0 0.0405283 -0.0 0.0 -0.0 -0.0 -0.0 0.0 -0.03842192 0.0 -0.03601121 -0.0 -0.0 0.0 0.0 0.0 0.0 0.0 0.0 -0.0 -0.0 -0.0 0.0 -0.0 -0.0 0.0 -0.0 -0.0 -0.0
0.0 0.0 -0.0 -0.0 -0.09234461 -0.0 -0.0 0.0 0.0 0.0 -0.0 0.0 -0.0 0.0 -0.19757493 -0.10319318 0.0 -0.0 0.0 0.0 -0.1310993 -0.0 -0.0 -0.0 0.0 0.0 0.0 -0.0 -0.0 -0.0 -0.0 0.0 -0.0 0.118404806 0.0 0.0 -0.14060037 -0.0 0.0 -0.0 -0.0 -0.0 0.0 0.10322967 -0.0 -0.0 0.0 -0.0 0.0 0.0 -0.0 -0.0 -0.0 0.0 0.082831606 -0.0 -0.0 0.0 -0.0 -0.0 -0.106611215 0.0 0.0 0.0
0.0 -0.0 -0.0 0.0 -0.0 -0.08824865 0.0 0.0 0.0 -0.0 -0.0 0.0 -0.0 0.12456645 -0.0 0.0 -0.0 0.0 0.0 -0.11854939 -0.11845198 0.0 0.17797479 -0.0 0.0 -0.22251382 0.0 0.0 -0.0 -0.0 -0.0 -0.0 0.0 0.0 0.0 -0.095279396 0.0 -0.0 -0.0 -0.09272755 -0.0 0.0 0.0 0.0 -0.0 0.0 -0.0 -0.13188347 -0.0 0.0 -0.0 -0.0 -0.0 -0.066962555 -0.09999636 -0.0 0.0 -0.0 -0.0 -0.0 -0.0 -0.0 -0.112257905 -0.0
0.0 0.0 -0.0 0.5037915 -0.2152424 -0.0 -0.0 0.0 -0.0 -0.0 -0.19612074 0.0 -0.0 0.0 0.4722926 0.0 0.0 -0.0 -0.0 0.0 0.0 -0.0 -0.0 -0.0 -0.0 -0.0 -0.0 -0.0 0.0 -0.21142535 0.0 -0.0 -0.0 0.0 0.0 -0.0 -0.0 -0.0 -0.15482761 -0.28722122 0.3392887 0.21066152 -0.0 -0.0 -0.0 0.0 -0.0 -0.0 0.0 0.0 0.0 -0.48054022 0.0 -0.0 -0.0 -0.0 -0.0 0.0 0.16689295 -0.0 0.0 -0.0 -0.27794215 -0.29121128
-0.0 0.0 0.0 -0.0 -0.0 -0.0 0.0 0.0 0.0 0.0 0.0 -0.0 -0.0 -0.0 -0.0 0.0 -0.0 -0.0 0.0 -0.0 -0.0 -0.0 -0.0 0.0 -0.05881577 -0.0 -0.0 -0.0 -0.074764006 -0.0 0.0 -0.0 0.0 -0.0 -0.0 -0.0 -0.0 -0.0 -0.0 -0.0 -0.0 0.0 -0.0 -0.0 -0.0 -0.0 -0.0 -0.0 -0.0 -0.099431776 -0.0 0.0 -0.08170891 -0.0 0.0 -0.0 0.0 -0.0 0.0 -0.0 -0.0 0.0 -0.0 -0.0
-0.0 -0.25099024 -0.0 0.0 0.21085191 -0.24927889 0.4015512 -0.0 -0.31534445 0.0 -0.0 -0.0 -0.0 -0.0 -0.42673606 0.0 -0.1287628 -0.48026764 0.3850947 -0.0 -0.0 -0.0 -0.0 0.0 -0.0 -0.0 -0.29199696 0.0 -0.0 -0.0 -0.0 -0.0 -0.64602536 0.2803548 0.0 -0.0 -0.29812077 -0.36518458 -0.0 -0.24520035 -0.0 0.56052107 0.0 -0.3354353 0.0 0.0 -0.2493855 -0.0 -0.0 0.20773135 -0.0 0.0 -0.2383333 -0.18898886 -0.0 0.4970671 -0.19475067 0.0 -0.0 -0.0 0.18262541 -0.27524364 -0.0 -0.0
-0.0 0.20330006 -0.12733386 0.22444269 0.0 0.0 -0.0 -0.0 0.106291 -0.2071703 0.14203793 -0.0 0.163585 0.0 -0.0 0.10787125 0.1548845 -0.18839434 -0.0 -0.23484474 0.15666056 0.0 -0.07244896 0.23593158 -0.055279586 -0.06927688 -0.0 -0.0 -0.0 -0.0 0.098186955 -0.0 0.1407882 -0.0 -0.084431976 -0.0 0.0 0.0 -0.08908723 0.12180167 -0.47864765 -0.1262703 -0.0 -0.0 0.09971267 0.0 0.119100355 0.18450564 -0.0 -0.0 0.11568797 0.0 0.1068042 0.082537085 0.0 -0.0 -0.107404195 0.0 -0.08909888 -0.0 0.14650445 -0.0 -0.19360256 0.0
0.0 0.0 -0.0 -0.0 0.0 -0.0 0.0 0.0 -0.0 0.01417109 0.0 0.0 -0.0 0.0 -0.0 -0.0 0.0 -0.0 0.0 0.0 0.0 -0.0 0.0 0.0 -0.0 0.0 -0.0 -0.0 0.0 -0.0 0.0 0.0 -0.0 0.014921071 0.0 0.0 -0.0 -0.0 -0.0 -0.0 0.0 0.0 -0.0 0.0 -0.0 -0.0 -0.0 0.0 -0.0 0.0 -0.0 -0.0 0.0 0.0 0.0 -0.0 -0.0 -0.0 -0.0 0.0 0.0 0.0 -0.0 -0.0
-0.0 0.0 0.0 -0.034616593 0.0 0.0 0.0 -0.0 -0.0 -0.0 -0.0 0.0 -0.0 0.0 -0.0 0.0 0.0 0.0 0.0 -0.0 0.0 0.0 0.0 0.0 -0.0 -0.0 -0.0 -0.0 -0.0 0.0 0.0 -0.0 -0.0 0.0 -0.0 0.0 0.0 0.0 -0.0 -0.0 -0.0 -0.0 -0.0 0.0 0.0 -0.0 -0.0 0.0 -0.0 -0.0 -0.0 -0.0 -0.0 -0.0 0.0 0.0 0.0 0.0 -0.0 0.0 -0.0 -0.0 0.0 0.0
-0.0 -0.0 -0.0 -0.0 -0.0 -0.0 0.0 0.0 0.001998014 -0.0 -0.0 -0.0 0.0 -0.0 0.0 -0.0 -0.0 -0.0 0.0 0.0 0.0 0.0 -0.0 0.0 0.0 0.0 0.0 0.0 0.0 0.0 0.0 -0.0 0.0 0.0 -0.0 0.0 0.0 0.0 0.0 -0.0 -0.0 -0.0 0.0 0.0 -0.0 0.0 -0.0 0.0 -0.0 0.0 0.0 -0.0 -0.0 0.0 0.0 -0.0 -0.0 -0.0 0.0 0.0 -0.0 -0.0 0.0 0.0
0.0 0.0 0.027342157 -0.047138784 0.0 -0.0505818 0.0 0.0 -0.0 0.0 -0.046778042 -0.0 0.0 -0.0 -0.0 -0.0 -0.0 0.0 0.06345894 0.058937635 -0.0 0.04631648 -0.0 -0.0 0.0 0.056778397 -0.0 0.0 -0.055425458 0.0 -0.0 -0.0 -0.03580837 -0.050772425 0.0 0.0 0.0 -0.0 -0.0 0.0 0.0 0.0 -0.0 -0.0 -0.03840242 0.0 0.045528386 -0.0 -0.05429097 -0.0 0.0 -0.0 -0.0 -0.0 0.04566206 -0.0 0.0 0.05026888 -0.0 0.0 0.0 0.045742646 0.031416308 0.0
0.0 -0.0 0.0 0.0 -0.0 0.0 -0.0 0.0 0.0 0.0 -0.0 0.0 -0.0 0.0 0.0 0.0 -0.0 -0.0 0.0 0.0 -0.0 -0.0 0.0 0.0 -0.0 -0.0 0.0 0.0 0.0 0.0 0.0 -0.0 0.0 0.0 -0.0 0.0 0.0 -0.0 0.0 -0.0 0.0 -0.0 -0.0 0.0 0.0 -0.0 0.0 -0.0 0.0 -0.0 -0.0 -0.0 0.0 0.0 -0.15241347 -0.0 0.0 -0.0 0.0 -0.0 -0.0 0.0 -0.0 -0.0
-0.0 0.18208955 -0.3892431 0.33978453 -0.4035655 -0.0 -0.0 -0.0 -0.23722455 -0.18261947 -0.0 0.2223961 -0.0 -0.0 0.20340185 -0.0 -0.0 0.0 -0.16935381 0.0 -0.0 -0.0 -0.0 0.0 -0.0 0.0 -0.0 0.25564075 -0.09062589 -0.0 -0.0 -0.0 0.0 0.0 -0.14822687 -0.0 0.27048758 -0.0 0.0 -0.43291092 0.15724124 -0.15224944 -0.0 0.0 0.0 -0.0 0.1723999 0.0 -0.0 -0.0 0.17749181 -0.15843928 -0.0 -0.20072185 -0.0 -0.2065306 -0.0 0.0 -0.0 0.0 0.2618871 -0.0 0.0 -0.0
0.0 0.0 0.0 0.0 -0.0 0.0 -0.0 -0.0 -0.0 0.0 -0.0 0.0 0.0 -0.0 0.0 0.0 -0.0 -0.0 -0.0 -0.0 0.0 0.0 0.0 -0.0 0.0 0.0 -0.0 0.0 0.0 0.0 -0.09620205 -0.0 0.0 -0.060014863 0.0 -0.0 0.0 0.0 -0.0 -0.0 -0.0 0.0 0.0 -0.0 -0.0 0.0 0.0 -0.0 -0.0 -0.0 0.0 0.0 0.0 0.0 0.0 -0.0 -0.0 0.0 0.0 0.0 -0.0 -0.0 -0.0 0.0
0.0 0.0 -0.0 -0.0 0.0 -0.0 -0.0 0.0 -0.0 0.0 0.038796395 0.0 -0.0 0.0 0.0 0.0 -0.0 0.0 0.0 0.0 -0.0 -0.0 -0.0 0.0 0.0 0.0 -0.0 -0.0 -0.042649314 -0.0 0.0 0.0 -0.0 0.0 0.0 -0.0 -0.0 -0.0 -0.0 -0.0 -0.0 0.0 -0.0 0.035453964 0.0 -0.0 0.0 0.0 0.0 -0.0 -0.0 -0.0 -0.0 0.0 0.0 0.0 -0.0 0.0 -0.0 -0.0 0.0 -0.0 -0.0 0.0
0.07645314 0.0 0.0 0.0 -0.0 0.0 -0.0 -0.115772106 0.08767726 0.14831147 -0.0 -0.10130429 0.0 0.0 -0.26591912 -0.17483875 0.0 -0.14415437 -0.11207657 0.0 0.0 0.0 0.0 0.1221251 0.0 -0.0 0.15378356 0.0 0.0 0.0 0.21067192 -0.0 -0.0 0.08005519 -0.0 -0.0 -0.22007726 -0.08690065 -0.091185495 -0.0 -0.0 -0.0 0.0 0.0 -0.0 -0.0 0.0 -0.0 0.10530915 0.0 -0.0 0.11136405 -0.0 -0.0 0.0 -0.0 -0.19251308 0.0 0.17150652 0.0 -0.19471431 -0.0826439 -0.0 0.43455294
-0.0 -0.0 0.07231628 -0.03818511 -0.0 0.0 -0.0 -0.04649674 -0.0 0.0 -0.0 -0.061491348 0.0 -0.04189816 -0.0 -0.059483424 -0.09779749 -0.0 -0.0 -0.057396498 0.0 -0.057433207 -0.0 -0.048403412 0.0 0.0 -0.0 -0.0 -0.0710126 -0.0 -0.0 0.0 -0.0 -0.05329898 -0.0 -0.0 -0.0 0.0 0.0 -0.050389837 -0.0 -0.0 -0.0 -0.0 0.043826077 -0.07249099 0.0 0.0 0.0 0.0 -0.038730893 0.0 0.0 -0.066518545 -0.11159826 -0.0 -0.06176172 0.0 0.0 -0.0 -0.0 0.0 0.0 -0.0
-0.0 -0.23094282 0.061745554 0.0 -0.140032 0.12786542 0.0 -0.0 0.109991 0.0 0.23742552 0.20576908 0.0 0.0 0.10418642 0.0 0.0 -0.0 -0.0 0.0 -0.17179777 -0.17141365 0.1713589 0.07784119 0.0 -0.26466903 -0.1107638 -0.115995534 0.0 0.0 0.0 -0.21030831 0.0 -0.0 0.0 -0.16339181 0.0 -0.0 -0.14918192 -0.0 -0.15681085 -0.093087725 -0.0 -0.0 0.0 -0.0 -0.11495783 -0.0 0.0 -0.0 -0.1740634 -0.0 -0.0 -0.09645987 0.0 -0.18145505 0.0 -0.11176599 -0.08626333 0.0 0.0 -0.296743 0.0 -0.17208935
0.0 -0.0 -0.0 -0.0 -0.0 -0.0 -0.0 0.0 -0.0 0.0 0.0 0.0 -0.0 -0.0 0.0 -0.0 -0.0 0.0 -0.0 0.0 0.0 0.0 -0.0 -0.0 0.0 0.0 -0.0 -0.0 -0.0 -0.0 -0.0 0.0 0.0 -0.0 0.0 -0.0 0.0 0.0 -0.0 -0.0 0.0 -0.0 -0.0 0.0 0.0 -0.0 0.0 0.0 -0.0 -0.0 -0.0 -0.0 0.0 -0.0 -0.0 0.0 0.0 -0.0 -0.0 -0.0 0.0 -0.0 0.0 -0.0
0.0 -0.0 0.0 -0.047849286 -0.0 -0.043768074 -0.0 0.0 0.0 0.0 0.0 -0.0 -0.0 -0.0 0.0 -0.050936725 0.0 0.0 0.051494084 0.0 0.0 -0.0 0.0 -0.035325415 0.0 -0.0 0.0 0.0 -0.032792356 -0.034865137 -0.0 -0.03434541 -0.0 0.0 0.03304234 -0.0 0.0 -0.050969195 -0.0 0.0 0.0 0.0 0.0 0.0 -0.0 0.0 -0.0 -0.06652428 0.06271364 0.0 -0.0 0.0 0.0 0.0 -0.0 0.0 0.0 -0.054563876 -0.05199653 0.0 0.0 -0.0 -0.0 0.0
0.0 0.12229762 0.26056033 0.2731725 -0.23793125 -0.0 -0.31582344 -0.0 -0.17838198 0.18161474 -0.0 0.1877616 -0.0 -0.13999365 0.32446373 0.33807135 0.15490699 -0.1288214 -0.12798972 -0.0 0.0 -0.0 -0.225579 -0.11384516 -0.0 -0.0 0.0 0.15445176 0.16973083 -0.29711595 0.0 -0.0 0.0 -0.0 0.33166444 -0.0 -0.0 0.0 -0.0 -0.23721994 0.0 0.0 -0.0 -0.0 0.28067324 -0.0 0.0 -0.0 -0.0 0.0 -0.0 -0.0 0.0 0.0 -0.0 -0.10967321 -0.23487523 0.0 -0.0 0.0 -0.0 0.0 -0.12850383 -0.47679615
-0.0 -0.0 -0.0 -0.0 -0.0 -0.0 -0.0 0.0 0.0 0.0 -0.0 -0.0 -0.0 -0.013303705 0.0 -0.0 -0.0 -0.0 0.0 0.0 0.0 0.0 -0.0 0.0 0.0 0.0 0.0 0.010737991 0.0 -0.0 0.0 -0.0 -0.0 0.0 -0.0 0.0 -0.0 0.0 0.0 -0.0 0.0 -0.0 -0.0 0.0 0.0 0.0 0.0 0.012157048 0.0 0.0 0.0 0.0 0.0 0.0 -0.0 -0.0 0.0 0.0 0.0 -0.0 0.0 -0.0 -0.0 0.0
0.0 -0.085873246 0.0 0.12486018 -0.0 -0.0 -0.10676277 0.0 -0.0 0.0 0.09592326 -0.0 -0.0 -0.0 -0.0 -0.0 -0.0 -0.0 0.0 0.0 -0.08720695 -0.0 -0.14290203 -0.0 -0.0 -0.0 -0.0 -0.0 -0.111981355 -0.0 -0.0 -0.120846115 0.0 0.0 0.0 0.15355004 0.0 -0.0 0.104615435 -0.0 -0.0 -0.13527118 -0.0 -0.06792605 -0.0 -0.0 0.09994257 -0.07247562 0.0 0.0 -0.0 -0.08358292 0.0 -0.0 -0.1467952 0.0 -0.28061584 -0.0 -0.102248 -0.10285259 -0.17356001 0.0 -0.0 -0.0
-0.0 -0.0 -0.0 -0.0 -0.0 -0.0 -0.0 0.0 -0.0 -0.41850996 -0.0 -0.0 0.0 -0.0 -0.0 -0.0 -0.2462632 0.0 0.0 -0.0 -0.21171655 0.0 -0.0 -0.3113828 0.0 0.0 -0.0 0.0 0.0 -0.0 -0.0 -0.0 -0.0 0.0 -0.0 0.44043666 0.0 -0.0 0.30103692 0.0 -0.0 0.0 -0.0 -0.0 -0.0 -0.0 -0.0 -0.0 -0.0 -0.0 0.38461712 -0.0 -0.0 -0.0 -0.0 -0.0 -0.0 -0.0 0.0 0.0 0.0 -0.0 -0.0 -0.0
0.0 -0.0 0.0 0.0 0.0 -0.0 -0.0 -0.0 0.0 -0.0 -0.0 -0.0 -0.0 -0.0 -0.0 0.0 -0.0 0.0 -0.0 -0.0 -0.0 0.0 -0.0 0.0 -0.0 -0.0 0.0 0.0 0.0 0.0 -0.0 -0.0 0.0 -0.0 -0.0 -0.0 0.0 -0.0 -0.0 -0.0 -0.0 -0.0 -0.0 0.0 0.0 0.0 -0.0 0.0 -0.0 -0.0 0.0 -0.0 -0.0 0.0 0.0 0.0 0.0 -0.0 -0.0 0.0 0.0 -0.0 -0.0 -0.0
0.0 0.0 0.0 0.0 0.0 0.0 0.0 0.0 0.0 0.0 -0.0 0.0 0.056716405 -0.0 0.0 -0.21466348 0.29479045 0.0 -0.0 -0.0 -0.0 -0.09089761 -0.08122798 -0.07265124 0.0 0.0 0.0 0.0 0.0 -0.0 -0.0 -0.0 -0.0 -0.0 0.10025863 0.0 0.0 -0.0 -0.09481799 0.0 -0.0 -0.0 0.0 -0.0 -0.059521277 -0.0 0.0 -0.0 -0.30322236 0.10102738 -0.0 -0.0 0.0 -0.0 0.0 -0.0 0.0 -0.059743896 -0.0 0.0 0.0 -0.0 0.0 0.0
-0.0 0.0 -0.085322164 -0.14870676 0.0 0.26349175 0.0 -0.0 0.109236285 0.5785715 -0.0 0.1103338 -0.08751368 -0.0 0.0 0.0 0.0 -0.0 0.0 -0.0 0.1617841 -0.0 0.0 0.27295083 -0.0 -0.1153799 -0.0 0.0 0.17991427 0.0 0.092877895 0.34980753 0.0 0.0 -0.0 0.14312205 -0.0 0.24799708 0.0 -0.0 -0.0 -0.0 0.18797043 -0.0 0.29260856 0.0 -0.0 0.14632995 0.0 0.0 -0.0 -0.20896633 0.092584565 -0.1286045 -0.0 0.0 -0.0 -0.09682792 0.0 -0.0 0.0 0.2878687 -0.16423203 0.102867335
0.0 -0.0 -0.0 -0.0 -0.0 0.0 -0.0 -0.0 -0.0 0.0 -0.0 0.0 -0.0 -0.0 -0.0 -0.0 -0.0 0.0 0.0 0.0 0.0 0.0 0.0 -0.0 -0.0 -0.0 -0.0 -0.0 0.0 -0.0 0.0 -0.0 -0.0 0.0 -0.0 -0.0 -0.0 -0.0 -0.0 0.0 0.03838524 -0.0 0.0 0.0 -0.0 -0.0 0.0 -0.0 -0.0 -0.0 0.0 0.0 0.0 -0.0 -0.0 -0.0 0.0 0.0 0.0 -0.0 -0.0 0.0 -0.0 0.0
0.0 -0.14691809 -0.0 0.0 0.0 -0.23269106 0.0 0.0 -0.0 0.12597641 0.0 0.0 -0.19871397 -0.0 0.0 -0.0 -0.0 -0.0 0.0 0.3162342 0.0 0.0 0.0 -0.0 0.4232663 0.0 -0.0 -0.0 0.0 0.0 -0.0 0.42511877 0.0 -0.0 -0.0 0.32959378 0.0 0.0 0.0 0.0 0.0 -0.0 -0.0 0.0 0.20098723 -0.0 -0.0 -0.0 0.0 -0.0 0.25350773 0.19991976 -0.0 -0.0 0.0 -0.0 -0.0 -0.29111007 0.284582 -0.0 -0.0 -0.0 0.33065182 -0.0
0.0 0.0 -0.0 0.0 -0.0 -0.0 -0.0 -0.0 0.0 -0.0 -0.0 -0.0 -0.0 -0.0 0.0 -0.0 -0.0 0.0 -0.0 -0.0 -0.0 0.0 0.0 0.0 -0.0 -0.0 0.0 -0.0 0.0 -0.0 0.0 -0.0 0.0 -0.0 -0.0 0.0 0.0 0.0 -0.0 0.0 -0.0 -0.0 0.0 -0.0 -0.0 -0.0 -0.0 -0.0 -0.0 -0.0 -0.0 -0.0 0.0 -0.0 -0.0 0.0 0.019687641 -0.0 -0.0 -0.0 0.0 -0.0 0.0 -0.0
0.0 -0.11647087 -0.0 -0.15210655 0.0 -0.37199438 -0.0 0.0 0.0 -0.0 -0.0 0.0 -0.0 0.0 -0.1089949 0.0 -0.13803923 0.0 -0.0 0.0 -0.0 -0.117344856 -0.0 0.0 -0.0 -0.0 -0.0 -0.0 -0.27434027 0.1168114 -0.0 0.0 0.104864754 0.0 0.0 -0.0 -0.21983887 -0.0 -0.0 -0.41233778 -0.0 0.0 -0.0 0.0 -0.0 -0.0 -0.0 0.0 0.0 0.19522114 -0.0 -0.0 -0.0 -0.0 -0.104035884 0.0 0.0 -0.0 0.0 0.0 -0.30614075 -0.0 0.0 0.0
-0.0 0.0 0.0 0.0 0.0 -0.0 0.0 -0.0 0.0 -0.0 -0.0 -0.07188358 -0.0 -0.0 -0.0 0.0 0.0 -0.0 -0.0 -0.0 -0.0 -0.0 0.10709835 -0.0 0.0 -0.0 -0.0 -0.0 -0.0 -0.0 0.0 -0.0 -0.0 0.0 0.0 -0.0 -0.0 0.053841863 -0.0 0.0 -0.0 -0.0 0.0 0.0 0.0 -0.0 -0.0 0.0 0.0 -0.0 -0.0 -0.0 0.0 -0.0 0.0 -0.0 -0.0 -0.0 -0.0 0.0 -0.0 0.0 -0.0 0.0
-0.0 -0.0 0.0 0.0 0.0 -0.0 -0.0 -0.0 -0.0 0.0 -0.0 -0.0 -0.0 -0.0 -0.0 -0.0 -0.0 0.0 -0.0 0.0 -0.0 -0.0 -0.0 0.0 0.0 -0.0 -0.0 0.0 0.0 -0.0 -0.0 -0.0 0.0 0.0 -0.0 0.0 0.0 -0.0 0.0 -0.0 0.0 -0.0 0.0 0.0 0.0 0.0 0.0 -0.0 0.0 -0.0 -0.0 -0.0 0.0 0.0 -0.0 0.0 0.0 -0.0 -0.0 0.0 -0.0 0.0 0.0 -0.0
0.0 0.0 0.0 0.0 0.0 -0.0 0.0 -0.0 0.0 -0.0 0.0 0.0 0.0 -0.0 -0.0 -0.0 -0.0 0.0 -0.0 0.0 -0.0 -0.0 0.0 0.0 0.0 -0.0 -0.0 0.0 0.0 -0.0 -0.0 0.0 0.0 -0.0 -0.0 0.0 0.0 -0.0 0.0 0.0 -0.0 0.0 0.0 -0.0 -0.0 -0.0 0.0 0.0 -0.0 -0.0 -0.0 -0.0 -0.0 -0.0 -0.0 -0.0 -0.0 -0.0 0.0 -0.0 0.0 0.0 -0.0 -0.0
0.0 -0.0 -0.0 0.0 0.0 -0.0 0.0 0.0 -0.0 -0.0 0.0 -0.0 0.0 -0.0 -0.0 0.0 -0.0 -0.0 -0.0 -0.0 -0.0 -0.0 0.0 0.0 0.0 -0.0 -0.0 -0.0 0.0 0.0 0.0 -0.0 -0.0 0.0 -0.0 0.0 -0.0 -0.0 0.0 0.0 -0.0 -0.0 0.0 0.0 0.0 -0.0 0.0 -0.0 0.0 -0.0 -0.0 0.0 -0.0 -0.0 -0.0 0.0 0.0051200823 -0.0 -0.0 0.0 -0.0 0.0 0.0 0.0
0.0 0.0 -0.0 -0.0 -0.0 0.0 -0.0 0.0 -0.0 0.0 0.0 0.021693785 0.0 -0.0 0.0 0.0 -0.0 -0.0 0.0 -0.0 -0.0 0.0 0.0 -0.0 -0.0 0.0 -0.0 -0.0 0.0 -0.0 0.0 0.0 -0.0 -0.0 0.0 0.0 0.0 -0.0 -0.0 -0.0 0.0 -0.0 0.0 -0.0 -0.0 -0.0 0.0 -0.0 0.0 0.0 -0.0 -0.0 0.0 -0.0 0.0 -0.0 0.0 0.0 -0.0 0.0 0.0 -0.0 -0.0 0.0
-0.10996176 0.0 0.0 -0.0 -0.0 -0.0 0.0 0.0 0.0 -0.0 -0.0 -0.0 -0.0 -0.0 -0.0 0.0 -0.0 -0.0 0.0 -0.0 -0.0 -0.0 0.0 -0.0 0.0 -0.0 -0.0 0.0 -0.0 -0.0 -0.0 0.0 -0.0 0.0 0.0 0.0 0.0 -0.0 -0.0 -0.0 -0.0 0.0 -0.0 -0.0 -0.0 0.0 0.0 -0.0 -0.0 0.0 -0.0 0.0 -0.0 -0.0 0.0 -0.0 -0.0 -0.0 -0.0 -0.0 -0.0 0.0 -0.0 0.0
-0.0 -0.0 0.02247802 -0.0 -0.0 0.0 0.0 0.0 -0.0 -0.0 -0.0 0.0 -0.0 -0.0 -0.0 0.0 0.0 -0.0 -0.0 -0.0 0.0 -0.0 0.0 -0.0 -0.0 -0.0 -0.0 -0.0 -0.0 0.0 0.02220344 -0.0 -0.0 0.0 0.0 0.0 -0.0 -0.0 -0.0 0.0 -0.0 0.0 0.0 -0.0 -0.0 0.0 -0.0 0.0 0.0 0.0 -0.0 -0.0 -0.0 0.0 0.0 -0.018148657 0.0 -0.0 -0.0 0.0 -0.0 -0.0 0.0 -0.0
-0.0 -0.0 -0.0 -0.0 -0.0 0.0 -0.0 0.0 -0.0 0.0 0.0 0.0 -0.0 -0.0 0.0 0.0 -0.0 -0.0 0.021444159 0.0 0.0 0.0 -0.0 -0.0 -0.0 -0.0 -0.0 0.0 0.0 -0.0 0.0 0.0 0.0 -0.0 -0.0 0.021342928 -0.0 0.0 -0.0 0.0 -0.0 -0.0 -0.0 0.0 -0.0 0.0 -0.0 -0.0 -0.0 -0.0 0.0 0.0 0.0 0.0 -0.0 0.0 0.0 0.0 -0.0 -0.0 -0.0 0.0 0.0 0.0
-0.14579277 0.0 0.0 0.0 0.10409287 -0.0 -0.09852948 -0.17909077 0.0 -0.32372504 0.0 0.11789747 -0.0 -0.0 0.0 0.0 -0.08814308 0.0 0.14201027 -0.0 0.08841196 0.0 -0.28315213 0.0 -0.0 0.107491836 -0.0 0.09079568 -0.0 -0.07007234 0.0 0.09146165 -0.0 -0.07744293 -0.0 -0.09050904 0.07546055 0.1032479 -0.0 -0.0 0.13621596 0.0 -0.0 -0.0 -0.08257858 0.072026394 0.13799277 -0.09402067 -0.0 0.0 0.07279397 0.0 0.0 -0.10695494 -0.0 0.0 0.0 0.16585055 0.0 0.211605 -0.1141799 0.0 -0.0 0.0
-0.0 -0.34475076 0.22575742 -0.1874211 -0.0 -0.120223634 0.0 -0.0 0.590435 -0.12930769 0.30257753 0.2930144 0.0 -0.0 -0.0 -0.0 -0.20785403 -0.15891552 -0.0 0.0 0.0 -0.0 -0.0 -0.30635613 -0.18644764 -0.2005849 -0.0 0.14362071 -0.0 -0.0 -0.0 0.35108286 0.0 0.0 0.0 -0.0 -0.0 0.0 -0.0 0.0 0.25952923 -0.0 0.0 -0.0 -0.15068641 0.0 -0.21122839 -0.17766958 0.0 0.0 -0.0 0.0 -0.0 -0.0 0.15653518 -0.0 -0.0 -0.12140712 0.23062548 0.0 -0.0 0.0 -0.24786642 -0.0
-0.0 -0.14366257 0.0 -0.21540853 0.0 -0.41735122 0.0 0.0 -0.2651394 0.0 -0.12637691 0.0 -0.102193065 -0.11345961 -0.0 -0.0 -0.14392927 0.11029383 0.0 -0.0 0.297982 -0.13037206 -0.0 0.29923537 0.0 -0.0 -0.0 -0.18693484 0.5093398 0.0 -0.09492851 -0.0 0.11309273 0.0 -0.0 0.14211054 -0.0 -0.30228063 -0.14679678 0.0 -0.0 0.0 -0.22948112 -0.0 -0.31518847 -0.0 -0.0 0.0 -0.1322351 0.0 -0.0 0.19519186 0.17218709 -0.11485313 -0.1216523 -0.13091734 0.0 0.0 0.0 0.0 -0.0 -0.0 0.0 0.0
-0.0 0.1536441 0.3643505 -0.19036637 -0.0 -0.0 0.0 0.0 -0.0 -0.10882505 -0.0 -0.0 -0.0 -0.10716584 0.0 0.14853892 -0.22464077 0.0 -0.0 0.3631093 -0.0 -0.0 -0.21067198 0.13014953 0.0 0.0 0.0 0.0 -0.0 0.0 0.08489872 0.15182018 0.0 0.0 0.0 -0.0 -0.0 0.20109141 -0.0 -0.0 -0.0 0.0 -0.08258309 -0.106734574 0.13385858 0.0 0.0 0.25721097 -0.0 0.0 -0.0 -0.18943793 0.09379172 -0.0 -0.1309794 -0.0 0.0 0.15581939 -0.0 -0.0 0.0 -0.15414357 -0.32698154 0.0
0.0 0.16798224 -0.058391336 0.0 -0.0 -0.1221814 -0.16491123 0.14235558 0.0 0.0 -0.0 -0.0 -0.0 -0.0 0.106463276 -0.0 0.091183394 0.0 0.0 0.0 -0.09091976 0.18589197 -0.0 -0.13479945 -0.0 -0.11186068 -0.09912332 -0.09653806 0.0 -0.0 -0.0 -0.0 -0.0 -0.052157782 -0.0 0.0 0.18304554 -0.0 0.0 -0.0 0.0 0.17549534 0.0 0.12458938 -0.108414225 -0.0 0.0 -0.118446864 -0.0 0.075691655 0.17544387 0.071171366 0.11196633 0.0 -0.08023046 -0.16819203 -0.283782 -0.14392252 0.0 -0.0 -0.13659137 -0.0 -0.1122807 0.0
-0.0 0.0 0.0 -0.0 -0.0 -0.0 -0.0 0.0 0.0 0.1123486 -0.0 0.0 0.06899703 0.056287054 -0.0 -0.06550215 -0.05276917 -0.0 0.0 0.0 -0.06495959 0.0 0.08038627 -0.061269637 0.0 -0.16411152 -0.05266322 0.0 0.0 -0.0 -0.0 0.0 -0.0 -0.0 0.0 -0.0 0.0 -0.0 -0.0 0.0 -0.0 -0.0 0.0 0.0 -0.0 0.0 0.058900442 -0.0 -0.23880628 0.0 -0.06273053 -0.0 -0.0 -0.071537 0.0 -0.0 -0.0 0.0 -0.0 -0.0 -0.0 -0.09156634 0.0 -0.0
0.0 0.11382787 0.0 0.18463911 0.0 -0.0 0.0 -0.0 -0.0 -0.25278947 0.0 -0.0 0.0 -0.20886737 -0.11015281 0.0 -0.0 -0.0 -0.0 0.30894062 0.15018523 -0.0 -0.0 0.0 0.0 0.17111334 0.0 -0.0 -0.106132396 0.0 0.097783655 -0.0 -0.0 0.0 0.07478432 0.1557845 -0.0 0.09251009 -0.0 0.0 0.0 -0.0 -0.14347821 0.0 -0.0 0.0 0.099436365 0.0 -0.0 0.0 0.0 -0.21010023 0.0 -0.0 -0.15500389 -0.0 -0.0 0.14559536 0.0 -1.0208659 -0.0 -0.0 -0.4585519 0.12665743
-0.0 0.0 0.0 0.0 0.0 -0.0 0.0 0.0 0.0 -0.0 0.0 0.0 0.0 0.0 -0.0 0.0 0.0 -0.0 0.0 0.0 0.0 -0.0 -0.0 0.0 -0.0 -0.0 0.0 0.0 0.0 0.0 -0.0 0.0 0.0 0.0 -0.0 0.0 -0.0 -0.0 -0.0 -0.0 -0.0 0.0 -0.0 -0.0 -0.0 -0.0 0.0 -0.0 -0.0 -0.0 -0.0 0.0 -0.0 -0.0 -0.0 -0.0 0.0 -0.0 0.0 -0.0 0.0 -0.0 -0.0 -0.0
-0.0 0.33630112 -0.14033264 -0.37459493 0.0 0.0 -0.0 0.0 0.25462186 0.21431793 0.0 0.19288127 -0.0 -0.0 0.0 0.13500045 0.0 -0.0 0.0 0.17145815 -0.14870001 -0.20035098 0.0 0.38362306 -0.0 -0.2503121 -0.0 -0.105529435 -0.0 0.0 -0.0 -0.28410235 -0.0 -0.0 -0.0 -0.0 -0.0 0.21593323 -0.145119 0.0 0.25984842 -0.0 -0.0 -0.0 0.26385936 0.0 -0.23667347 0.5285681 -0.0 0.3063948 -0.2613095 -0.22685294 0.12321811 0.0 -0.12840667 0.0 -0.0 -0.3387326 -0.4726479 -0.0 -0.0 0.19158293 0.0 -0.0
0.0 -0.0 -0.0 -0.0 -0.0 -0.0 0.0 0.0 -0.0 -0.0 -0.0 -0.0 0.0 0.0 -0.0 0.0 -0.0 -0.0 0.0 0.0 0.0 0.0 -0.0 -0.0 -0.0 0.0 0.0 0.0 0.0 0.0 -0.0 -0.0 0.0 0.0 0.0 0.0 -0.0 -0.0 0.0 -0.0 0.0 0.004741979 -0.0 -0.0 -0.0 0.0 -0.0 -0.0 -0.0 0.0 0.0 -0.0 0.0 0.0 -0.0 -0.0 -0.0 -0.0 0.0 -0.0 0.0 0.0 -0.0 -0.0
-0.0 -0.18783213 0.0 -0.0 -0.0 0.10024203 0.0 -0.0 -0.0 0.0 -0.07665062 -0.0 0.0 -0.14935641 -0.0 0.18917616 -0.0 0.0 0.0 -0.34353653 -0.0 0.1335803 0.0 0.0 0.0 0.0 0.09900453 -0.0 0.0 0.13653064 0.0 -0.06937715 -0.08678287 -0.1489764 0.0 -0.0 0.0 -0.0 0.0 0.0 0.0 0.0 -0.0 -0.12418751 -0.0 0.0 -0.0 -0.0 -0.120373845 0.0 -0.0 -0.13937518 -0.1042649 -0.1716143 -0.12499827 0.0 0.0 0.0 -0.0 0.0 0.0 0.0 -0.35200217 0.0
0.0 0.24734385 -0.0 0.0 0.0 -0.0 -0.0 -0.0 0.0 -0.4878014 0.16424672 0.0 -0.0 -0.12214699 0.0 -0.0 -0.16878393 -0.0 -0.0 0.18335982 -0.0 -0.0 -0.14818594 -0.0 0.0 -0.29056144 -0.0 0.0 -0.1958189 -0.0 0.15661485 0.0 0.1432209 0.0 -0.0 0.1877049 0.0 0.0 0.0 -0.0 0.0 -0.0 -0.0 0.0 0.0 0.0 0.21449077 0.17887042 -0.0 -0.0 0.09668706 -0.0 0.0 0.0 -0.0 -0.0 0.0 0.360625 0.0 0.20572884 -0.0 0.17561316 0.0 0.0
-0.0 0.0 0.0 0.0 -0.0 0.0 -0.07927172 0.0 -0.0 0.0 -0.0 0.0 0.0 -0.0 -0.0 -0.0 -0.0626359 -0.0 -0.0 -0.0 0.0 -0.0 0.0 0.0 0.0 0.062029555 -0.0 0.0 0.0 -0.0 -0.0 0.0 -0.0 -0.0 -0.0 -0.0 -0.0 0.0 -0.06698267 0.0 0.0 -0.0 0.0 -0.06647256 -0.0 -0.0 -0.0 -0.06078647 0.0 0.0 -0.098074764 -0.0 -0.0 -0.078246936 -0.1589503 -0.0 -0.0 -0.0 0.0 -0.0 -0.0 0.0 -0.0 0.0
-0.0 0.11130644 -0.9077962 0.0 -0.0 0.0 -0.0 -0.0 0.12510833 0.0 0.1069079 0.18345144 -0.14326562 -0.0 -0.09954262 -0.0 0.0 -0.0 0.0 -0.0 0.14060248 -0.0 0.0 -0.0 0.0 -0.0 -0.0 0.10744204 0.0 0.0 0.0 0.10710743 -0.0 -0.0 -0.0 0.0 0.0 -0.0 0.0 -0.0 0.1289926 -0.0 0.21024185 -0.0 -0.0 0.0 0.17050567 0.12797976 0.0 0.0 0.25923795 0.0 -0.0 0.40789422 -0.14672765 -0.0 0.0 -0.0 0.0 -0.1584623 -0.0 -0.0 0.0 -0.0
0.30137774 0.0 -0.16643 -0.0 -0.48504242 -0.0 -0.25361076 -0.48104972 -0.0 -0.0 -0.0 0.17769842 0.0 -0.0 0.30953136 0.35386956 0.0 -0.14219368 0.0 -0.13088518 -0.0 0.0 -0.13599078 -0.0 -0.13603188 -0.0 -0.37356305 0.0 -0.0 -0.12516424 0.22714815 -0.0 -0.225431 0.0 0.12262474 0.0 -0.0 -0.0 -0.0 -0.0 -0.0 -0.12146066 -0.0 0.0 0.0 -0.0 -0.0 -0.0 0.0 -0.0 -0.0 -0.0 -0.0 0.0 -0.1482904 -0.2973156 0.0 -0.0 -0.0 -0.0 -0.0 -0.0 -0.0 0.20155446
-0.14650045 0.0 -0.0 0.0 0.0 0.0 -0.0 -0.0 0.0 -0.0 0.0 -0.0 0.0 -0.0 0.0 0.0 0.0 0.0 0.0 -0.0 -0.0 0.0 -0.051382553 0.0 -0.18181996 0.0 0.14440195 0.083621904 0.0 0.0 -0.0 -0.0 0.0 0.0 -0.0 -0.0 0.0 0.0 0.0 -0.0 -0.0 0.0 -0.0 -0.0 -0.0 -0.0 -0.0 -0.0 -0.0 0.0 -0.0 -0.0 -0.0 0.0 0.0 -0.0 0.0 -0.0 -0.0 -0.0 -0.0 -0.0 0.0 0.0
0.0 0.0 -0.16839515 -0.14126004 -0.40959796 -0.0 -0.24467114 0.0 -0.23949783 0.0 0.24567173 -0.23422885 -0.12772256 0.0 0.3028538 -0.0 -0.0 -0.0 -0.14800061 -0.0 -0.0 -0.0 -0.0 0.0 0.0 0.0 -0.0 -0.29149714 0.0 0.0 -0.0 0.0 0.40787387 -0.29180542 -0.0 0.0 -0.0 0.0 0.118507445 0.0 -0.0 0.31000257 -0.0 -0.37388906 -0.17597212 -0.0 0.0 -0.0 0.0 -0.0 -0.20801553 -0.0 -0.0 0.20364876 0.0 -0.0 -0.0 0.0 -0.0 -0.0 0.17429122 -0.0 -0.0 0.35119292
-0.0 0.0 0.0 -0.18702747 0.0 -0.0 -0.1458282 0.0 -0.24792643 0.0 -0.14718421 -0.29861525 -0.0 -0.09813517 0.0 -0.0 -0.11766173 0.17153256 0.30362985 0.0 0.0 -0.0 -0.0 0.3651449 -0.0 -0.23500714 0.0 0.2798165 -0.20970728 0.0 0.0 -0.17736919 0.0 -0.0 0.0 -0.0 0.2005557 -0.15200324 -0.0 -0.16201486 -0.0 -0.27486038 -0.0 -0.4017524 0.13254024 -0.0 0.0 0.0 -0.0 0.0 -0.15466823 -0.21048005 -0.21185921 -0.0 -0.120307565 0.19635336 -0.3075993 0.0 -0.0 -0.0 -0.26494476 -0.0 -0.0 -0.0
0.0 -0.30456725 -0.0 -0.0 -0.0 0.0 0.0 0.0 -0.17228727 -0.0 -0.0 -0.27598852 0.0 -0.0 -0.0 0.0 -0.15451623 0.0 -0.15728123 -0.0 -0.0 -0.17868188 -0.0 0.0 -0.0 -0.17024834 -0.0 -0.0 -0.0 0.2031192 -0.0 -0.0 -0.0 -0.0 0.0 0.0 -0.2441018 -0.19941203 -0.0 -0.15447086 -0.0 -0.31079665 -0.0 -0.0 0.0 0.0 -0.16144802 0.0 -0.0 0.19162446 -0.0 -0.0 -0.0 -0.0 0.0 -0.0 -0.0 0.0 -0.0 -0.0 -0.1918377 -0.18656233 -0.0 -0.0
0.0 -0.0 -0.0 -0.0 -0.0 -0.0 -0.0 -0.0 0.0 -0.0 -0.0 -0.0 0.0 0.0 0.0 0.0 -0.0 -0.0 0.0 -0.0 0.0 0.0 0.0 0.0 0.0 0.0 0.0 0.0 0.0 0.0 0.0 0.0 0.0 -0.0 -0.0 -0.0 -0.0 0.0 0.0 0.0 0.0 -0.0 -0.0 0.0 0.0 -0.0 0.0 -0.0 0.0 -0.0 0.0 0.0 0.0 -0.0 0.0 0.0 0.0 0.0 -0.0 0.0 -0.0 -0.0 -0.0 0.0
0.0 0.0 -0.0 0.0 -0.0 -0.0 0.0 -0.0 -0.0 0.0 0.0 0.0 0.0 -0.0 -0.12799312 0.0 -0.0 0.0 0.0 -0.0 -0.0 0.0 0.0 -0.0 0.0 -0.0 -0.0 -0.0 0.0 -0.0 -0.0 -0.0 0.0 -0.0 0.0 -0.0 -0.0 -0.0 0.0 -0.0 -0.0 0.0 -0.0 -0.0 -0.0 -0.0 0.0 -0.0 0.0 -0.0 -0.0 0.0 -0.0 0.0 -0.0 0.0 -0.0 -0.0 -0.0 0.0 -0.0 -0.0 0.0 -0.0
0.0 -0.0 0.0 0.0 0.0 0.0 0.0 -0.0 -0.0 -0.0 -0.0 0.0 0.0 0.0 -0.0 -0.0 0.0 0.0 0.0 -0.0 -0.0 0.0 -0.0 0.0 -0.0 -0.0 -0.0 -0.0 0.0 0.0 -0.0 -0.0 -0.0 -0.0 0.0 -0.0 -0.0 -0.0 -0.0 -0.0 -0.0 0.0 -0.0 -0.0 0.0 0.0 -0.0 0.0 -0.0 0.0 0.0 -0.0 -0.0 -0.0 0.0 -0.0 -0.0 -0.0 -0.0 0.0 -0.0 -0.0 0.0 0.0
0.0 0.0 0.0 -0.2628349 -0.34632733 -0.0 -0.29851246 -0.1774243 0.0 0.0 -0.28158227 -0.0 -0.0 0.0 -0.0 -0.0 0.0 -0.0 0.30545592 -0.0 -0.0 0.0 0.0 0.0 -0.0 -0.0 0.35757795 0.30271253 -0.0 0.0 1.7857984 -0.16749538 -0.36754754 0.0 0.0 0.0 0.0 -0.22893341 -0.0 0.0 -0.0 -0.5476243 -0.15660502 0.0 0.0 -0.0 0.0 -0.0 0.0 -0.0 -0.0 0.0 -0.119612664 -0.0 -0.0 -0.0 0.3027595 -0.0 -0.0 0.0 -0.0 -0.36645243 0.0 -0.1801276
