224 224 3 64 3 1 1 1
0.0689916 0.07995766 0.053458862 0.119927555 0.13414477 0.09458679 0.11660614 0.11831426 0.095979385 0.16810854 0.1961512 0.14940163 0.25964275 0.3084297 0.24034393 0.23535736 0.2856875 0.21170363 0.09904112 0.12088975 0.08273003 0.17342207 0.20597664 0.14091882 0.14050606 0.1713492 0.108014196
0.26408958 -0.39570287 -0.6841003 0.5155734 -0.2643799 -0.6423489 0.80273896 0.5953874 -0.08168877 0.2702265 -0.49454626 -0.77226883 0.53137434 -0.35683933 -0.7490241 0.871249 0.69015616 -0.10663679 0.101059414 -0.18444766 -0.22763787 0.19490637 -0.17618763 -0.27610493 0.27235013 0.33678344 -0.039182108
0.070106216 0.25266638 0.18274423 0.20018892 0.4353461 0.32222164 0.11215425 0.29282933 0.20957498 -0.05705053 0.10909482 0.019773837 0.02716047 0.26132518 0.116375 -0.0918455 0.05942434 -0.03348179 -0.1604173 -0.030739596 -0.099475816 -0.09048058 0.08523271 -0.027434075 -0.14559999 -0.038990945 -0.11929016
0.14560091 -0.050482076 -0.18884364 0.43837452 0.016168997 -0.3791121 0.31635633 0.0010170277 -0.3159145 0.20461184 -0.07406271 -0.29013476 0.5255533 0.013035422 -0.46341112 0.4217063 0.021041684 -0.38191676 0.1028314 -0.060551632 -0.117877744 0.33940026 -0.0041730707 -0.29835975 0.2351732 0.0055172266 -0.20445965
0.33690277 0.19414464 0.1304274 0.24064516 -0.012240178 -0.031614624 0.20156872 0.012166968 0.0074706255 0.19221586 -0.022018733 -0.094241746 0.052809853 -0.2971886 -0.3191152 0.017050989 -0.25545305 -0.25343844 0.070816405 -0.06557081 -0.0859161 -0.03650009 -0.2572622 -0.25902545 -0.012891302 -0.20664318 -0.21449834
-0.13250059 -0.27467912 -0.30843243 -0.123188905 -0.26121262 -0.29078376 -0.037296817 -0.1423039 -0.14756013 0.116463386 -0.0015894511 -0.0435725 0.13801982 0.03303595 -0.003581112 0.18440604 0.11885483 0.1045628 0.087957725 0.056148633 0.049849197 0.07080145 0.037616063 0.042700753 0.080018155 0.06441071 0.08045221
0.6110974 0.7127065 0.4317523 0.13951568 0.03187479 -0.16090323 -0.39180368 -0.5681116 -0.73606986 -0.07457447 -0.008123351 -0.025049005 -0.056338165 -0.0732665 -0.01886697 0.094636634 0.10750499 0.025582043 -0.64523274 -0.63492656 -0.44552505 -0.13667807 -0.08141778 0.112966195 0.48404148 0.6562225 0.65616554
0.084517166 0.119681545 0.266182 -0.20852001 -0.08779644 0.20034726 -0.21308504 -0.11088455 0.1832213 0.009496907 0.062202036 0.27086753 -0.3687749 -0.22689968 0.14785422 -0.38663334 -0.2797876 0.090068154 -0.045316014 -0.0064425603 0.13805145 -0.276495 -0.19508825 0.039648112 -0.28226787 -0.22307898 0.0029613583
0.14897256 0.059092514 -0.42879343 0.3235379 0.37119305 -0.51564676 0.07148009 0.1202455 -0.1344745 0.33432177 0.14893706 -0.5983683 0.53414154 0.50060785 -0.7344545 0.09779029 0.0696136 -0.33979282 0.12344795 0.13828844 -0.1834499 0.17705882 0.30181876 -0.348494 -0.08748326 -0.044330146 -0.12929739
-0.11006285 -0.19091524 -0.14211895 0.017159665 -0.01350605 -0.17920215 -0.060233846 -0.09072425 -0.082500756 -0.20254633 -0.24308962 -0.097675435 -0.07263074 -0.06254791 -0.15718691 -0.1688817 -0.17356454 -0.08533572 -0.16618209 -0.12827528 0.028517123 -0.173018 -0.10279774 -0.059817884 -0.17335251 -0.14272274 0.00095976976
-0.40519723 -0.41445297 -0.0898125 -0.0607714 -0.24655904 0.00038433936 0.38017324 0.5893509 0.32804736 -0.37547377 -0.46162823 -0.1498665 -0.034118693 -0.32605958 -0.11552805 0.45403898 0.6255961 0.28039378 -0.09507452 -0.16031824 -0.013138935 0.043448243 -0.17995027 -0.09549014 0.17785887 0.28313243 0.009278885
0.48859265 0.100799076 -0.44054976 0.9484432 0.038757764 -0.9651128 0.52529323 -0.0137292165 -0.661753 0.70632654 0.05618228 -0.7456319 1.3179895 0.044586446 -1.3633362 0.8200704 0.015445274 -0.9454917 0.23395367 0.0090025915 -0.3461968 0.69577104 0.06535968 -0.7001911 0.41189796 0.07216606 -0.39905784
0.015831698 -0.26308885 -0.2762694 0.37124234 -0.20777479 0.015654849 0.26019123 0.0011980239 0.1640593 0.39668486 0.0666787 0.057873815 0.43796542 -0.35004023 -0.008253203 -0.053392548 -0.47333363 -0.13583532 0.40591943 0.4372939 0.43006733 0.10706481 -0.18623675 0.14620182 -0.49323288 -0.58421147 -0.21533139
0.24311055 0.44382387 0.23698784 -0.061352625 -0.05919386 -0.015679095 -0.25544924 -0.4098096 -0.1713774 0.30163386 0.5078955 0.27972713 -0.030351982 0.008698169 0.007623525 -0.3342857 -0.47470692 -0.23915528 0.16726749 0.3127058 0.1223385 -0.012313983 -0.04023435 -0.018929368 -0.123937294 -0.28707263 -0.08964542
-0.130209 -0.19033532 -0.12722307 -0.17584115 -0.2262301 -0.20504266 -0.12866756 -0.19092043 -0.13981813 0.25543472 0.28168464 0.22650877 0.350146 0.40446264 0.29212418 0.3020675 0.34542537 0.29322246 -0.10100413 -0.10967986 -0.038757164 -0.18897857 -0.20150267 -0.12848489 -0.17261094 -0.1980277 -0.11990865
0.164796 -0.50016546 0.40719876 -0.04638257 -0.60779667 0.7979523 0.09040841 -0.08280589 -0.034817655 0.17757586 -0.82700163 0.33204234 0.016046634 -0.8876579 0.8547063 0.25314188 -0.112583004 -0.019046191 0.29223153 -0.30771112 0.1792522 0.09198594 -0.46607983 0.4162659 0.11545425 -0.050482247 -0.22948034
0.41620034 0.7753775 0.17342535 0.0015597574 0.11498413 0.07152 -0.5103462 -0.8399286 -0.19121137 0.648785 1.0936309 0.30445257 0.032319423 0.13731675 0.029515628 -0.6979933 -1.1859859 -0.42369112 0.263719 0.51594585 -0.043474704 0.06685218 0.12393235 -0.012411426 -0.24229884 -0.5504928 -0.10812663
0.041134525 0.02014567 -0.110284425 -0.0002792565 -0.11004342 -0.20780024 -0.17057218 -0.37013438 -0.3085985 0.25273728 0.29518372 0.10125727 0.28431556 0.25293705 0.084642746 0.033182263 -0.10926332 -0.085787535 0.10229326 0.117255084 -0.035770822 0.11907123 0.07263834 -0.043890536 -0.070427276 -0.1816642 -0.15263106
-0.7322218 -0.70564777 0.0285757 -0.35220194 -0.050608665 0.4495314 0.14209859 0.65485096 0.659712 -1.0216831 -0.8904767 0.07563183 -0.58874947 -0.08468424 0.65150344 0.008181838 0.7847258 0.9240138 -0.4713701 -0.35581875 0.20455629 -0.35983825 0.00076115644 0.41152695 -0.13552046 0.35838258 0.41115105
0.26044798 -0.0015621174 0.04504812 -0.51388 -0.62457454 -0.02345297 0.16113415 0.71998614 0.060920406 0.23807813 -0.11071555 -0.03215139 -0.72411156 -0.85462046 -0.13454767 0.3091004 1.0209731 0.19523959 0.26491404 0.060382318 0.060016062 -0.31795856 -0.4318789 0.014402198 0.016350115 0.44049257 -0.12743841
-0.6184895 -0.40626287 0.47806332 -0.48718923 0.77390057 1.1219622 -0.80503356 -0.2785025 0.4518142 0.036934923 -0.54186517 -0.34377083 0.44639236 0.99728954 0.45369378 -0.2538003 -0.46578294 -0.35948998 0.63698477 -0.27691978 -0.676737 0.74928755 0.46786696 -0.48321557 0.4238525 -0.313523 -0.6750133
0.065757416 1.0133119 0.52069896 -0.029379029 -0.45895714 -0.26227 0.2254682 -0.5089021 -0.45393682 0.10269298 1.3774999 0.8716901 -0.22353403 -0.6781036 -0.30505583 0.13313982 -0.7774443 -0.6380691 -0.3255586 0.6081215 0.3113064 -0.19233653 -0.31019083 -0.018620368 0.20569012 -0.1940619 -0.09723435
-0.004063459 -0.028808828 0.086988285 -0.022867452 -0.19825071 0.2573778 -0.039761674 -0.13790342 0.106936045 -0.053925816 -0.18516588 -0.029680058 -0.106030114 -0.43069887 0.11526692 -0.06520521 -0.2791542 0.031956065 0.036562957 0.042577155 0.1025441 0.07712023 -0.024987651 0.3431933 0.048285004 0.03625297 0.2114906
0.007321493 -0.09730869 -0.032257736 -0.17028475 -0.34152913 -0.19948536 -0.10074394 -0.22186434 -0.13373277 0.0044190646 -0.13715026 -0.037056398 -0.20095223 -0.41137862 -0.23883258 -0.13535272 -0.27372777 -0.15772349 0.12752707 0.06799612 0.11081383 -0.008233409 -0.11174137 -0.010772237 0.015989667 -0.051385947 0.014926485
-0.31162846 -0.34721738 -0.109613866 -0.29169127 -0.34854487 -0.19680025 -0.19726612 -0.15111881 -0.020617828 0.35331795 0.4063013 0.34127924 0.54712385 0.58281326 0.37006602 0.223091 0.37763706 0.23007789 0.02188239 -0.14437361 -0.07615657 -0.07383309 -0.30141693 -0.28989995 -0.10431015 -0.22386722 -0.19112082
0.013300491 -0.16692437 -0.03394499 0.015336052 -0.16272926 -0.081725895 0.12828915 0.04571206 0.083188854 -0.24879387 -0.43872017 -0.27287775 -0.27978575 -0.47580376 -0.34104156 -0.15130375 -0.25255945 -0.18064143 0.21256047 0.09216307 0.19300131 0.19668809 0.08202557 0.1543578 0.23567322 0.19531488 0.21477386
0.18050517 0.1552225 0.20784232 0.12101298 0.27386105 0.3686229 0.15636435 0.21744724 0.221027 0.06274897 -0.04263787 0.058138277 0.007220862 0.089568704 0.22583587 0.1264902 0.10337748 0.109423034 -0.11551023 -0.305507 -0.30226228 -0.29199213 -0.48286515 -0.46314222 -0.21531641 -0.47764504 -0.5193319
0.3802045 -0.2248376 0.09120143 0.046194524 -0.70944726 -0.07206131 0.027138142 0.43215188 0.18123259 0.39524853 -0.41314235 0.073608756 -0.06418296 -0.9895087 -0.08873093 0.03987555 0.5577463 0.3703731 0.26447842 -0.11384699 0.121216185 0.021205973 -0.48882353 0.014832457 -0.1305513 0.28279907 0.03235656
-0.007611373 0.445724 0.50124484 -0.017283773 0.27633438 0.33832002 -0.5262447 -0.78405523 -0.21254247 0.1203063 0.78312904 0.8466542 -0.051989898 0.3652957 0.4472307 -0.8518171 -1.183466 -0.45835602 -0.00761768 0.39550218 0.3975914 -0.0150213195 0.25333878 0.21743952 -0.39378056 -0.6317788 -0.24078488
0.15132956 -0.32517624 0.07341191 1.2024755 -0.31521663 -0.5951742 -0.242708 -0.2513835 0.36821675 0.4294473 -0.44951412 -0.12615807 1.7276099 -0.4279098 -0.9462442 -0.1616899 -0.3972646 0.27492097 -0.035841387 -0.21619949 0.13677329 0.8842308 -0.18771365 -0.4034773 -0.31943297 -0.20264585 0.30015156
-0.48365718 0.0047565214 0.30904877 -1.149731 0.63586915 1.1339817 -0.5890216 -0.15370451 0.3754592 -0.8380821 0.01714977 0.5080739 -1.6016916 0.8602625 1.6015422 -0.9954277 -0.20840777 0.56773436 -0.274852 -0.013319693 0.12594065 -0.8410158 0.5363548 0.76536787 -0.36472246 -0.124659896 0.16949205
-0.47582176 0.065396175 0.33587632 -0.3056298 0.35951707 0.76389027 -0.16896659 0.32770315 0.61045665 0.0052385717 -0.06013804 -0.08847731 -0.16684058 -0.3564439 -0.18064018 -0.15748554 -0.41869625 -0.23914942 0.4321904 0.077905 -0.35485524 0.46940714 -0.05362643 -0.39417818 0.41320205 -0.03964656 -0.32429758
0.293672 -0.25766334 0.12069288 -0.38154128 0.7327203 -0.24579851 -0.4424324 0.99685544 -0.7240381 0.12052794 -0.47107285 0.015708832 -0.5789657 0.9172203 -0.28962547 -0.43932134 1.4530951 -0.6953674 0.2030191 -0.32689336 0.11324342 -0.35941127 0.5108262 -0.16286716 -0.37544098 0.7739793 -0.5041135
-0.12862945 -0.66975975 -0.4798616 -0.11724961 -0.19766232 -0.10198335 0.18161856 0.8888368 0.5716795 -0.38049412 -1.0921004 -0.8132206 -0.16977896 -0.2422564 -0.106711745 0.42185733 1.3681607 1.0067152 -0.22249003 -0.679803 -0.55105984 -0.05029575 -0.07648335 -0.053374626 0.21654594 0.8583321 0.57295454
0.009524152 -0.17028865 -0.046233386 -0.315921 0.109864175 -0.33643338 -0.25099626 -0.35840696 -0.30121726 0.012758842 0.038763933 -0.008324386 0.0050097518 0.8821754 0.09973234 -0.025462942 0.20221393 0.014240174 -0.076001376 -0.12580265 -0.058303338 -0.07631647 0.51779366 -0.009811132 0.03490134 0.114422105 0.058292318
-0.07003927 -0.68592715 -0.63484335 0.39884007 0.16861267 -0.16844599 0.33809614 0.58408016 0.15100071 -0.24010326 -1.0047259 -0.90542686 0.48335677 0.21437587 -0.19309 0.4799243 0.806739 0.2871895 -0.09734276 -0.49456942 -0.41553622 0.26003847 0.18902817 -0.063992254 0.12768903 0.39277944 0.09272196
0.7695469 0.33354124 -0.35250503 0.5059898 0.3855517 -0.124984406 -0.16622609 -0.71289325 -0.5630494 0.035152566 -0.15039155 -0.41326585 0.025346316 0.4684033 0.5019041 -0.34349418 -0.38022664 0.316016 -0.5880943 -0.46705735 -0.24314342 -0.37172505 0.27431655 0.6388304 -0.1823229 0.09137872 0.767453
0.43293518 0.459137 -0.07418805 0.6631992 0.62911713 0.1451278 0.41051364 0.37019822 -0.08724622 -0.2676551 -0.15255922 -0.0024321103 -0.37667376 -0.3963098 -0.033580735 -0.22283262 -0.25754622 -0.04937403 -0.31936646 -0.20226985 -0.05237573 -0.30173096 -0.2496199 0.072521225 -0.109315015 -0.048829153 0.08927864
0.34613293 0.5846438 -0.17697932 -0.3390147 -1.0451815 0.30347356 0.38272983 -0.2553865 0.3998995 0.5464206 0.83841896 0.031407405 -0.6036914 -1.4704007 0.3688406 0.28369805 -0.52325606 0.47840703 0.20788227 0.4515449 -0.27506146 -0.19902053 -0.71057165 0.2590769 0.26930237 -0.20926534 0.18939829
0.24766015 0.482329 0.51353943 -0.3686773 -0.19634743 0.3259148 -0.66253036 -0.35947764 0.074733995 0.13593814 0.46962795 0.5346764 -0.5442686 -0.27786067 0.3920728 -0.7312038 -0.31474027 0.21362852 0.06581269 0.21707565 0.20565645 -0.24248567 -0.13411124 0.23244976 -0.3452845 -0.10442107 0.15348104
-0.08460081 -0.35492766 -0.22176535 0.024600899 -0.08783084 -0.17949243 0.24769011 -0.010845148 -0.25776038 0.0012830942 -0.00010383441 0.23532079 0.12383356 0.37807792 0.33242995 0.15476671 0.1684495 -0.047895353 -0.1311697 -0.013608411 0.32699454 -0.2930882 0.0045339838 0.20569593 -0.3032483 -0.19519071 -0.10995223
-0.04232718 -0.3443518 -0.661921 0.48812076 0.11004568 -0.14512862 0.7341177 0.56639224 0.09994052 0.071719564 -0.0040751374 0.059968945 -0.11801732 -0.36120644 -0.00033976705 -0.17361984 -0.27276468 -0.120756015 0.047598828 0.342911 0.46139354 -0.184944 -0.0037001527 0.37125662 -0.4796257 -0.25262925 -0.02413436
-0.10784503 -0.18033329 -0.09658615 -0.2012621 -0.32554767 -0.23183003 -0.18735228 -0.30950928 -0.21407656 0.09353549 0.04390095 0.10116902 0.040350426 -0.04934907 0.010796682 0.043741092 -0.06539954 0.022779465 0.12691827 0.11770695 0.13698508 0.15017994 0.11674942 0.12069197 0.14005916 0.08830284 0.103341855
0.19954693 0.21803305 0.14611018 0.17637642 0.25665256 0.1839719 0.08953947 0.16197826 0.10149108 -0.3796285 -0.4889219 -0.39161125 -0.47830832 -0.5636976 -0.43275946 -0.3532824 -0.41109928 -0.3123356 0.23499292 0.27047154 0.20477778 0.28225464 0.31873974 0.26121342 0.23244774 0.260818 0.17802334
0.046938047 0.1742972 0.23061836 0.0049995715 0.08485174 0.19839701 -0.20390062 -0.19623359 -0.015750274 0.013422547 -0.04409207 -0.010772963 0.0833549 -0.043634564 0.035700627 0.00637255 -0.12925977 0.012231866 -0.039399926 -0.205993 -0.24436118 0.15420358 -0.08646989 -0.16496207 0.28316706 0.089879006 0.021289397
-0.029676074 -0.17824318 0.019316366 -0.049944844 -0.20795716 -0.013541203 0.0659687 0.004026988 0.071905665 -0.0748377 -0.2614395 -0.06679391 -0.06625868 -0.26200932 -0.06913149 0.1286735 0.02443671 0.08657241 -0.17912963 -0.30766994 -0.18089527 -0.18224582 -0.33137816 -0.19021703 -0.04096191 -0.10137055 -0.048909646
-0.0632209 -0.14717653 -0.1436824 -0.04014672 -0.2031224 -0.1944663 -0.056916904 -0.15783358 -0.11405187 -0.081641324 -0.1448899 -0.1309393 -0.015052261 -0.15630795 -0.15968761 -0.05556385 -0.13448206 -0.099273816 0.21471715 0.25027725 0.1606194 0.3555957 0.33014613 0.21969616 0.238814 0.23580016 0.1713636
-0.116147086 -0.035579033 0.08564441 -0.06270044 0.068267986 0.16642159 0.03825297 0.099314824 0.14755632 -0.19689083 -0.093108155 0.05311481 -0.17692977 -0.01815517 0.13366488 -0.075595915 -0.0035883929 0.080209166 -0.109117016 -0.05938309 0.024027143 -0.13126002 -0.046664827 0.04160885 -0.03853232 -0.007965323 0.0261272
-0.08345315 -0.12699206 -0.07750421 -0.1064336 -0.11871588 -0.15878226 -0.13457155 -0.10717763 -0.07629507 0.12907071 0.1530189 0.109358326 0.20133837 0.24932589 0.1211362 0.10070202 0.19480805 0.16447751 0.017127356 -0.064064935 -0.081459515 0.012429877 -0.060173776 -0.13617735 -0.027961811 -0.03169197 -0.042931806
-0.14127378 -0.24503583 -0.1931777 -0.17892297 -0.28414446 -0.25211427 -0.14048731 -0.21479113 -0.20782763 0.17070787 0.12670143 0.14378735 0.17533877 0.1264197 0.13940744 0.15925455 0.16141628 0.15355074 0.038575653 -0.008548547 0.026944634 0.019634534 -0.029824367 0.0007683506 0.028984535 0.013483755 0.025418691
-0.18727678 -0.3696811 -0.24779335 -0.09003203 -0.027037935 0.028672386 0.11699181 0.41281813 0.37216258 -0.2868511 -0.48305014 -0.36921132 -0.1144343 -0.045669593 0.008442817 0.2295533 0.524286 0.48221338 -0.12253757 -0.31996047 -0.22105208 -0.05373909 -0.042256754 -0.016445281 0.14435114 0.36565608 0.2916692
0.38439322 0.3476149 0.100047044 0.1730746 -0.49967134 0.1113106 0.11966767 0.123917155 -0.0631587 0.0461415 -0.124064066 -0.12916605 -0.32236305 -1.2236607 -0.21127999 -0.022459703 -0.11052053 -0.1258897 0.15174854 0.31732124 0.12844135 0.17761414 -0.1750692 0.34926903 0.10324122 0.3164594 0.10229661
-0.06713168 -0.07943007 0.012423684 -0.0077261184 -0.06635039 0.026389642 0.1267235 0.099475905 0.088328764 -0.18432963 -0.23687781 -0.12080995 -0.09862276 -0.1778905 -0.067920774 0.11015101 0.05541286 0.03898537 -0.1724165 -0.20829669 -0.116508074 -0.11897637 -0.17088996 -0.07944753 0.013439919 -0.013529391 -0.002710234
0.03705501 0.021302586 0.024688423 0.15875897 0.18720774 0.12918906 0.1773037 0.24516413 0.13364963 -0.05806478 -0.11610236 -0.10151394 0.06461885 0.0394257 -0.010730977 0.11345233 0.15112439 0.021770766 -0.09608515 -0.14173414 -0.14038128 0.03521988 0.008839037 -0.039618775 0.11172537 0.129866 0.015583502
-0.06661794 -0.075941056 -0.0048408504 -0.14381856 -0.16976179 -0.18625553 -0.1255491 -0.1961777 -0.12842563 0.04626423 0.23148437 0.26102152 0.22893125 0.43183422 0.36322275 0.19469945 0.34632242 0.38067013 0.035195667 -0.15184413 -0.14027274 -0.05948015 -0.29995945 -0.3584546 0.0011590687 -0.24627894 -0.22340705
0.28702974 -0.15046534 0.34834692 0.08007789 -1.1599476 0.20761779 0.3632008 0.20589866 0.007401155 0.2562107 -0.4001518 0.38383374 0.009130013 -1.5759401 0.20928657 0.5679218 0.29064623 0.13396664 0.13621308 -0.10061122 0.2264296 0.07672093 -0.794614 0.21670145 0.18084688 0.19220924 -0.08679708
-0.090257466 -0.05733792 -0.054938506 -0.059383143 -0.04713626 -0.068464145 0.06293245 0.027872443 -0.010683951 -0.11817144 -0.10726301 -0.10969949 -0.064358816 -0.066736214 -0.10877317 0.08664068 0.036096763 -0.020481953 -0.07389175 -0.07024691 -0.070035614 -0.029170945 -0.044670388 -0.061007366 0.06697637 0.02628194 0.0030165887
0.03582038 0.15495335 0.0705593 0.14313363 0.23175195 0.14829017 0.070753396 0.07386206 0.04933799 -0.33928004 -0.3317865 -0.33648124 -0.31278342 -0.37125638 -0.36059088 -0.30130684 -0.40123233 -0.36608425 0.19036536 0.30048835 0.2412145 0.26767272 0.33181703 0.291874 0.21224451 0.21446508 0.20343836
0.6722726 0.36322698 0.2463772 0.7661551 -0.19897743 -0.28630432 0.0033049413 -0.6916257 -0.7700816 0.78910345 0.29200983 0.16432348 0.9783928 -0.29791927 -0.44620243 0.10768745 -0.8028983 -0.943518 0.26218835 0.085950576 0.0759227 0.537239 -0.12102267 -0.16954489 0.10215759 -0.31033668 -0.4043829
-0.118634164 -0.1392454 0.1867007 -0.3213941 0.45295852 0.21823694 -0.13936159 0.28020543 -0.4065343 -0.30374613 -0.28828785 0.11343424 -0.4026053 0.6184044 0.29723457 -0.108377956 0.47997347 -0.38965055 -0.09482254 -0.26660895 -0.09372366 -0.12681013 0.3534668 0.025675237 0.091271244 0.3487142 -0.32423723
-0.16098739 -0.20310554 -0.17175293 -0.15619972 -0.19959982 -0.17820495 -0.08752992 -0.1295577 -0.0927067 -0.026866648 -0.023824122 -0.023190798 0.020257672 0.05280601 0.007987507 0.062277485 0.08737256 0.05683215 0.053231973 0.12880647 0.09426279 0.1468684 0.26598686 0.17610762 0.13583371 0.23266143 0.15738179
-0.23084123 -0.34719637 -0.26784164 -0.3653025 -0.48858282 -0.33966902 -0.31911153 -0.41878068 -0.27818203 -0.060330346 -0.11264567 -0.08940098 -0.09214833 -0.13568538 -0.056361184 -0.042933427 -0.07568516 -0.028136188 0.34285486 0.45287132 0.37726742 0.44909805 0.5748978 0.5032592 0.38116494 0.47119117 0.39005697
0.15189047 0.51752436 0.30442682 -0.5719944 -0.5487795 0.16736114 -0.1469695 0.084811196 0.15337843 0.28696233 0.51924497 0.101038024 -0.56995785 -0.7802393 -0.09990634 0.12519267 0.2110419 0.09515056 0.2159319 0.19020835 -0.30826205 -0.042536967 -0.38186988 -0.19682245 0.34395695 0.24244982 -0.07590554
-0.8385466 -0.7120524 -0.8208137 -0.26616985 0.4381887 -0.070569634 0.5051998 1.0593013 0.82543993 -0.0073346877 0.2783436 -0.15833318 -0.21986112 0.5400578 -0.2914124 -0.24030422 0.20000504 -0.010633138 0.6260666 0.87252796 0.6049796 -0.15123138 0.24189651 -0.19168088 -0.7748478 -0.72339827 -0.6273011
