640 640 3 32 3 1 1 1
0.03549871 1.0354387 0.31238866 1.192348 1.5535666 0.90631527 -0.1310643 0.87852925 0.46419033 -0.47808334 0.021503536 -0.40820962 0.35876682 0.4188337 -0.08769969 -0.35345477 0.34998152 0.059811495 -0.7011889 0.3336368 0.01690658 0.34364796 0.6962855 0.27070957 -0.4993315 -0.22208402 -0.6476599
1.666728 1.5357409 0.4739889 1.3888 0.047309674 -0.9370622 0.04565659 -1.5861205 -2.626461 1.7229853 1.4601712 0.30983508 1.445897 0.09131318 -0.8203492 -0.21810207 -1.6306225 -2.4047904 0.65493596 0.63058573 0.1525035 0.7636721 -0.0046837367 -0.31634244 0.09461935 -0.82538724 -1.1394206
-0.7167724 0.39357516 -0.017983597 0.72868246 4.289807 1.9175285 -0.21167523 1.3783251 -0.51565385 0.08770175 -0.39736474 -0.12593593 -0.5505721 -2.5747502 -1.1769359 0.02549509 -0.9890809 0.047911145 0.58630246 0.2257508 0.11104829 -0.20396072 -1.9045357 -0.7108173 0.17337337 -0.37787545 0.45258436
0.08268213 -1.0689583 -2.0722787 1.0931818 -0.025615344 -1.4690363 2.3129508 1.2564949 -0.14289895 0.15422927 -0.9962879 -1.7394015 1.1056843 -0.16223864 -1.5526463 2.1066606 1.1353775 -0.022147872 0.21039256 -0.52119535 -0.8634495 0.5794098 -0.107247464 -0.86735654 1.0150416 0.55831194 -0.049277183
2.9998674 6.6121645 1.9164377 0.54917556 0.8174379 1.5219915 -4.1572556 -8.018677 -2.2057848 -0.6623842 -1.2482147 -0.3324896 -0.46418795 -0.450564 -0.538471 0.8356032 1.9086527 0.69741726 -2.640454 -6.0931563 -1.7490577 -0.011383715 -0.44764456 -1.0762932 3.679768 6.7315364 1.6634213
-0.39985722 -0.4509181 -0.3158944 -0.46170563 -0.5713787 -0.36299986 -0.14149623 -0.30276957 -0.38079926 0.6274738 1.2304958 0.645453 1.1506683 2.0712028 1.2585434 0.5091707 1.111114 0.5533995 -0.23193157 -0.76591355 -0.34106526 -0.6817709 -1.5807304 -0.8730695 -0.30276957 -0.866597 -0.22689739
-1.0311943 -0.022844827 -1.0182842 0.3850841 6.245261 0.85368043 0.64469814 -6.7197075 0.560379 -0.4377331 1.1409302 -1.2619623 0.023185229 7.4039426 0.029703317 0.36894646 -7.3781223 0.5531171 -0.7935678 -0.754434 -0.8286671 -0.06813104 2.4932632 -0.017864857 0.43894342 -1.9058536 0.8464185
-0.22352076 -0.67056227 -0.8049224 0.6228861 0.9479509 0.21686466 0.13420533 0.4857397 0.5879029 0.26268333 0.14434426 0.2828064 0.19937308 1.2853992 0.38760108 -0.21934135 0.38171896 0.38048062 -0.4389923 0.28094888 -0.15742424 -0.45230445 1.585078 -0.31856352 -0.5148407 0.57211405 -0.3937928
0.86762416 -0.39266953 -0.17833489 0.85854864 -3.4051526 -2.480655 0.47011435 -1.1223451 -0.19194824 -0.42564407 0.27877116 0.1488393 -0.053810548 1.7158872 1.424259 -0.20601536 0.4852403 0.074797794 -0.5191224 0.0969573 -0.05275173 -0.8270866 1.7860715 1.3153522 -0.33035064 0.81377584 0.09234389
0.09145699 -0.028431538 0.19000202 0.60428256 -7.6170073 6.296726 1.1061587 0.1556197 -0.36646268 0.63178843 -0.4587131 0.2004754 0.66775763 -10.027367 6.598021 1.3989904 0.37175226 0.010308086 0.06569669 0.28436828 -0.022150151 0.015591062 -2.7031913 2.2647903 -0.104575165 -0.12663275 0.2610941
0.5195635 1.2393663 1.6786577 -0.63820744 0.2522838 1.0011963 -2.0288558 -1.9265308 -0.16605744 0.43796822 1.4581298 1.7827468 -0.7308291 0.34931603 0.8238919 -2.0006282 -1.8224417 -0.3861442 0.3045489 0.75641036 1.0188384 -0.27477765 0.21832252 0.3127084 -1.1229275 -1.0488303 -0.04931553
-1.9658744 -1.842364 -0.1132179 -1.1999382 -0.505192 0.75049746 0.5845303 1.7463003 2.5988655 -1.6236476 -1.6485212 -0.079659946 -1.0729969 -0.39797807 0.79767156 0.28540346 1.4238008 2.1940258 -0.79595613 -0.7616477 0.25624126 -0.6591512 -0.18494402 0.39411837 0.054035816 0.7204775 0.97864866
0.3483098 0.7386352 0.42099684 0.8058603 -7.5493727 0.9529151 0.93022656 1.688189 1.7831444 0.21680078 0.9235041 0.6083867 0.69956064 -1.7629769 -0.51091033 -0.2418001 -0.81930524 -0.5163724 -0.43360156 -0.23255664 -1.049551 -1.4587835 0.9066978 -0.8613209 -1.0596348 -0.477718 -0.3829727
-1.0125407 -0.039933417 1.0203445 -3.0902977 0.13400556 3.2151582 -1.8699813 0.01150753 1.6417207 -0.87109715 0.0069692954 1.0974069 -3.176139 0.09907145 3.2151582 -1.7021999 -0.062155902 1.3402995 -0.25069648 -0.08059844 0.27996066 -1.842668 -0.0077809193 1.7529246 -0.5491912 0.16461103 0.46627596
-2.3189135 -1.6763064 3.1397922 -7.1419215 -1.2098979 8.971624 -2.3728094 -0.42564085 2.7652836 0.4885196 0.61393166 -0.6094403 0.983258 -0.2205939 -1.5477849 0.39005563 -0.20401049 -0.0008488741 1.8075917 1.2119708 -2.697568 5.9368606 1.406135 -7.280117 1.7039454 0.33944166 -2.5068588
-0.67649436 0.1867159 0.73563904 0.6385036 7.156076 -7.9642425 -0.7559296 0.21186319 0.81464255 -0.2568693 0.45416215 -0.21704374 1.286505 8.50302 -10.395651 -0.33479348 -0.65534043 1.6068361 -0.8418405 -0.29572344 1.3970234 -0.5677027 3.0185378 -2.4849403 -0.53575593 -0.46020612 0.6510233
-1.727507 -6.747651 -5.69521 4.549553 0.70551145 -4.973536 5.196052 7.7640085 1.3057787 0.8908163 2.598026 2.5589354 -1.6418082 -0.62131613 1.7936604 -2.0357218 -3.1663444 -0.42022473 0.92689997 4.278925 3.1904001 -3.041555 -0.13334054 3.22047 -3.3527768 -4.612699 -0.76301986
-0.24802296 1.1969917 -0.7490345 -1.3621662 0.69153714 -0.13956192 2.2246275 5.4695725 -7.4934816 -0.5775877 0.41476548 -1.2868968 -1.171902 0.89016455 0.811759 3.088134 5.92537 -7.878192 0.45501366 0.24593215 -0.7140134 -0.7380578 -0.09696156 1.5273405 -0.7741243 2.7473311 -3.0567718
0.1934178 0.49802834 0.91473126 0.21662793 0.33285853 0.19179848 -0.2378589 -1.2378739 -0.96439016 0.43865356 0.16948797 0.54085016 0.08101057 -0.33735663 -0.047094986 0.03220631 -0.9197691 -0.38323712 -0.1731764 -0.42174077 -0.09589924 -0.22058626 -0.37352124 -0.075567886 -0.04491341 -0.5879901 -0.13098434
-0.24620327 0.3017808 0.3721617 -0.7225079 -0.5448676 -0.33008897 -0.31139 -1.3245113 -0.90326476 0.45786536 0.4656566 0.87261915 0.31242883 -0.34722972 -0.03207395 0.22127129 -1.8356168 -1.0549343 0.30100167 0.22218028 0.5781102 0.3560598 -0.09602707 0.30281964 0.65758085 -1.6101902 -0.5651248
-0.33586884 -0.4199711 -0.51289785 0.21088602 0.03455487 -0.077078745 0.18045071 0.37891048 0.3785503 0.20170139 -0.08257151 -0.3936779 0.10517287 -0.4963295 -0.36630413 0.1682946 0.16613351 0.49020642 0.14038056 -0.03946234 -0.7286463 0.07001019 -0.6195114 -0.98041284 0.08973011 -0.103822194 -0.2795005
-1.2940894 -0.7033808 0.022100296 -0.64430994 -1.0649164 0.37849107 -0.108706795 0.2648617 -0.4460397 -1.310498 -1.0020168 0.94896245 -0.5505076 -1.4056677 0.8357433 0.28715003 0.4515092 0.4837794 -1.1628208 -0.81550604 0.8702013 -0.30328512 -1.2087648 1.0244418 0.69462955 0.5928964 0.6793149
0.40293437 -0.1393862 0.022096265 -0.1264456 0.98720616 -0.534201 -0.47161254 -0.42323333 -0.3323955 0.27369767 -0.371471 0.25525942 -0.4225567 1.7294714 -0.27302104 -0.15545622 -0.22565679 -0.023280371 -0.42424828 -0.16831222 0.03385275 0.19588497 3.5888565 0.83564055 0.22092037 0.5947596 0.2195671
0.32382146 0.34742135 0.3644442 0.22942188 0.19644007 0.2081433 0.34606725 0.16519924 0.26269385 -0.82019293 -1.3177251 -0.76099974 -1.2999284 -1.9142992 -1.0972015 -0.76835054 -1.1954699 -0.560981 0.48437807 1.0608344 0.3764376 1.1002965 1.7533557 0.859655 0.4859256 0.8967958 0.31047398
0.41305518 0.8803804 0.65425533 1.0269095 -0.38079467 -1.1583636 1.2506226 -0.24813461 -2.8606334 0.051518835 0.29155064 1.1583636 0.35999116 -0.8291254 0.0745836 0.51978624 -0.46219972 -1.0648985 -0.5876238 -0.6825963 -0.5010932 0.051858023 -0.9418864 -0.54722273 -0.12813756 -0.8791744 -1.3060986
-0.060480803 -0.04840267 -0.029714612 0.8677027 -1.1883441 -1.3479438 0.2891541 0.009268916 -0.036715124 0.06333509 -0.1492641 -0.11405123 0.25454217 -1.4277436 -1.4085147 -0.035303004 -0.18688057 0.13039577 0.1996197 0.44635013 0.4699055 0.77588487 -0.6523394 -0.6701261 0.2992493 -0.07204817 0.17041585
0.96761614 -5.590671 0.533755 -0.7983045 8.919338 -0.28169227 -0.8389393 -1.1580918 -1.4763976 -0.08370345 -6.5422025 0.15206304 -1.6152333 12.264936 -0.3583058 -0.46306738 -1.7024288 -1.5932227 0.64677054 -2.280628 0.27343833 -0.39767078 3.511524 -0.87364817 0.041904636 -0.5020091 -0.69925714
0.48590598 -0.038430374 0.1030218 0.002716659 -1.5131496 -1.1324286 0.2758064 -0.8814989 -0.45183575 0.11336454 -0.34421718 -0.37801698 -0.27688798 -1.0615842 -0.9312522 -0.07855074 -0.70465827 -0.8852844 -0.62245715 0.58730537 0.073007576 0.27878076 2.6758628 2.1913087 -0.36693066 1.7056732 1.1389182
-0.21339531 -0.047448218 0.60782385 0.8156227 -0.32873097 -4.8781633 0.046626996 -0.31315824 0.26084355 0.06813078 -0.13699152 -0.19538933 0.16521713 -0.57619166 -4.7652607 -0.0012603432 -0.023298291 0.7051535 -0.18638633 0.058124065 1.013202 0.76501125 0.40318817 -2.9218369 -0.029852837 -0.8190292 0.770851
-0.2785512 -0.7161024 0.4233978 -1.5791595 -3.3871825 -1.4273866 -0.27373302 -1.2430912 0.35172737 0.50199443 0.4860342 0.14657816 0.62877285 0.28878984 0.4357444 0.4932615 0.30399722 0.29631826 -0.29812506 0.54505694 -0.5715569 1.0178411 2.633137 0.88835245 -0.2083864 0.9413525 -0.6661138
0.6008598 -6.0419493 1.0989764 0.8531456 9.252273 0.6218388 -1.6288303 -2.676704 -2.4098942 -0.5032268 -5.2458234 -0.99246764 1.6191478 10.474434 1.3136076 -2.6315186 -1.3975235 -2.3023098 0.87251085 -3.2684193 1.0989764 -0.81333935 4.273259 -0.99730897 -0.10355014 -1.8321652 -0.021836305
-1.766823 -0.119944625 1.6789153 -1.6492 -0.97070026 1.2523767 0.14153466 0.2264245 0.5915205 -1.3768095 -0.53673285 1.4312876 -1.0877043 -1.0771801 1.18366 0.36865562 0.25397307 0.61102116 -0.83821946 -0.94469935 -0.663642 -0.33924982 -0.9898914 -0.11878387 0.030140923 -0.5255896 -0.5720198
