320 320 64 32 1 0 1 1
0.0 0.0 0.0 0.0 0.0 0.0 0.0 0.0 0.0 0.0 0.0 0.0 0.0 0.0 0.0 0.0 0.0 -0.37137073 0.0 -0.15267657 0.0 0.0 0.0 0.0 -0.33966836 0.0 0.0 0.29542437 0.0 0.0 0.0 0.0 0.0 0.0 0.0 0.0 0.0 0.0 0.0 0.0 0.0 0.0 0.0 0.0 0.0 0.0 0.0 0.0 0.0 -0.83331966 0.0 0.0 0.0 0.0 0.0 0.0 0.0 0.0 0.0 -0.8806991 0.0 0.0 0.0 0.0
0.0 0.0 0.0 0.24696125 0.0 0.0 0.32232195 0.0 0.0 0.0 -0.29915914 0.0 0.0 0.0 0.0 0.0 -0.21401134 0.0 0.0 0.0 0.0 0.0 0.0 0.0 0.22559275 0.5855951 0.0 -0.2056923 -0.27713817 0.0 0.0 0.0 0.0 0.12959757 0.0 0.0 0.0 0.0 0.0 0.0 0.22347221 0.35625058 0.29850668 0.2578902 0.0 0.0 0.0 0.20308241 0.18840174 0.30079034 -0.18367131 0.0 0.0 0.0 0.0 0.0 0.0 0.0 0.0 -0.24500383 0.0 0.0 0.08914421 0.0
0.0 0.0 0.0 0.0 0.0 0.0 0.0 0.19361289 0.0 0.0 0.0 0.32014415 0.0 0.0 0.0 0.0 0.0 0.37557688 0.0 0.2739502 0.0 -0.3213492 0.0 0.0 0.0 0.2851974 0.0 0.0 0.40068227 0.0 -0.27274513 0.0 0.0 0.0 0.0 0.0 -0.6455102 0.16459104 0.0 0.0 -0.27475357 0.0 0.0 0.5720016 0.0 0.0 0.0 -0.30026066 0.0 0.0 0.0 0.0 0.0 0.0 0.0 -0.48403224 0.0 0.0 -1.1616774 0.0 0.0 0.0 -0.25989115 0.0
0.0 0.14746426 0.0 0.1285729 0.0 0.0 0.0 0.0 0.0 -0.086007535 0.0 -0.1064134 -0.47890016 0.0 0.0 0.0 0.13359466 -0.28074008 0.0 0.0 0.0 0.0 0.0 0.0 0.13144247 0.0 0.07592417 -0.27802992 0.0 -0.21904422 0.0 0.0 0.0 0.0 0.0 0.074329965 0.0 0.0 0.09533366 0.0 -0.16978319 0.18700063 0.16563824 0.12777579 -0.10609456 0.0 0.0 -0.19385573 0.0 0.0 -0.41832027 -0.24311677 0.0 -0.1217178 0.0 -0.08102564 0.0 0.102109045 0.0 -0.33191416 -0.12283375 0.0 0.0 0.1921021
0.0 0.0 0.38456583 -0.2150987 0.0 -0.12856387 0.0 -0.43710217 0.0 0.0 0.0 0.36595297 0.0 0.0 0.0 0.0 0.0 0.0 0.0 0.0 -0.47732997 0.0 -0.17457068 0.0 0.0 0.16061102 0.0 0.0 0.10754935 0.0 0.0 -0.2556267 0.0 0.0 0.0 0.0 -0.5313673 0.0 0.0 0.0 0.28219506 0.2433182 0.0 0.0 0.0 0.0 0.0 0.0 -0.30981416 0.32752642 0.0 0.0 0.0 0.0 0.0 -0.2713876 0.0 0.0 0.0 0.0 -0.26448283 -0.25082338 -0.8982209 0.0
0.0 0.0 0.0 -0.2536714 0.0 0.0 -0.32216457 0.0 0.0 -0.15216489 0.0 0.0 0.0 0.0 0.0 0.0 0.0 0.0 0.14855999 0.0 -0.37585866 0.0 0.11184689 0.0 0.15681332 0.0 0.0 0.34626052 0.14467049 -0.07195578 0.10928551 -0.29977623 0.0 0.0 0.0 -0.14429103 -0.11516719 0.0 0.0 0.24911784 0.0 0.0 -0.2124996 0.25158435 0.0 -0.13594282 -0.3045195 0.0 0.0 -0.22483216 0.23716474 0.0 0.0 -0.3510038 -0.08694459 -0.09069179 0.26790127 0.09932459 0.0 0.0 -0.4614277 0.0 -0.06085647 0.0
0.0 0.0 0.0 0.0 0.0 0.0 0.0 0.0 0.0 0.1594055 -0.5542594 -0.21348952 0.1114212 0.0 0.0 0.0 -0.3100681 0.0 0.08026189 0.0 0.0 0.0 0.0 0.0 0.0 0.0 0.0 0.0 0.0 0.0 0.0 0.0 0.12768707 0.0 0.0 0.0 0.0 0.20281504 0.0 0.0 0.0 0.0 0.0 0.0 0.0 -0.16672514 0.0 0.09002141 0.0 0.0 0.0 0.0 -0.9076354 0.0 -0.42209926 0.0 -0.11660594 -0.108574666 0.0 0.0 0.0 0.0 0.0 0.0
0.0 0.0 0.0 0.0 0.0 0.0 0.0 0.0 0.0 0.0 0.0 -0.16050285 0.0 0.0 0.0 -0.5126713 0.0 -0.05944369 0.0 0.0 0.0 0.0 -0.113319114 0.0 -0.19996916 -0.067258805 0.0 0.0 -0.08840845 0.0 0.0 0.0 0.0 0.0 0.08567316 0.0 0.0 0.0 0.06618422 0.0 0.0 0.0 -0.27079362 0.0 0.0 0.0 0.0 0.0 -0.13549449 -0.42318827 0.0 0.0 0.0 -0.1749608 0.0 0.0 0.0 0.0 0.0 0.0 0.0 0.0 0.0 0.0
0.0 0.0 0.26418558 0.0 0.0 -0.19408046 -0.075409114 0.0 0.0 0.0 0.0 0.2754393 0.0 0.0 0.0 0.0 0.0 0.0 0.0 -0.28779992 0.0 0.0 0.0 0.0 0.0 0.0 0.0 0.0 0.0 0.19112867 0.39074373 0.0 0.0 0.0 0.0 0.0 0.0 0.14122489 0.0 -0.24407648 0.0 -0.33170786 0.0 0.0 0.0 0.0 0.0 0.0 0.0 0.0 -0.66821235 -0.257913 0.0 0.0 -0.18070515 -0.4069786 0.0 0.0 0.0 0.0 0.0 -0.23743494 -0.3555067 -0.23190032
0.0 0.0 0.0 0.0 0.0 0.0 0.0 0.0 0.0 0.0 0.0 0.5274068 -0.24734494 0.0 0.0 0.0 0.0 0.0 0.0 0.0 0.3950631 0.0 0.0 -0.41990831 0.0 0.0 0.0 0.0 0.0 0.0 0.0 0.0 0.0 0.0 0.0 0.0 0.0 0.0 0.0 0.0 -1.195521 -0.7950461 0.0 0.0 0.0 0.0 0.0 -0.33676302 0.44180158 0.0 0.0 0.0 0.0 0.0 0.0 -0.43983367 0.0 0.0 0.0 0.0 0.0 -0.42458215 0.31683767 0.0
0.0 0.0 0.0 -1.1070384 0.0 0.0 0.2621043 -0.52533597 0.0 0.0 0.0 0.0 0.0 0.0 0.0 0.3496603 0.0 0.0 0.0 0.0 0.0 0.0 0.0 0.0 0.0 -0.205362 0.0 0.0 0.0 0.0 0.0 0.0 0.0 0.0 0.0 -0.19371293 0.24387914 0.0 0.0 0.0 0.27563226 0.0 0.0 0.070411175 0.0 0.0 0.0 0.0 -0.23993348 0.0 0.0 0.0 0.0 0.0 0.0 0.0 0.0 0.0 0.0 0.0 0.0 0.0 -0.09873535 0.0
0.0 0.0 0.0 -0.077361934 -0.13669778 -0.09307216 0.0 0.0 0.0 0.0 0.0 -0.33899048 0.0 0.0 0.0 0.0 0.0 0.0 -0.066283405 0.0 0.0 0.10377515 0.0 0.0 0.0 0.0 0.0 0.0 -0.16711679 0.0 0.0 0.0 -0.10884498 0.0 0.0 -0.078676336 0.0 0.0 0.0 0.0 0.0 0.0 0.0 0.3605216 0.0 0.0 0.0 0.0 0.0 0.0 0.0 0.0 0.0 0.0 0.0 0.0 0.0 -0.082932495 0.0 0.0 0.091444805 -0.104463644 0.0 0.0
0.0 0.0 0.0 0.0 0.0 0.0 0.0 0.0 0.0 0.0 0.0 0.0 0.0 0.0 0.0 0.0 -0.48099044 0.0 0.0 0.0 0.0 0.0 0.0 0.0 0.0 0.0 0.0 0.0 0.0 0.0 0.0 0.0 0.0 -1.1498449 0.0 0.0 0.0 0.0 0.0 0.0 0.0 -0.068621546 0.0 0.0 0.27503443 0.0 0.0 0.21070744 0.0 0.0 -0.15570055 0.0 0.0 0.0 0.0 -0.24122621 0.18749855 -0.18229026 0.0 0.0 0.0 0.0 0.0 0.11357734
0.0 0.0 -0.2778925 0.0 0.0 -0.15404241 0.0 0.0 0.0 0.0 -0.2776871 0.26289904 -0.23352829 0.0 0.0 0.31363034 0.0 0.0 0.0 0.0 0.23044744 0.0 0.0 0.0 0.0 0.0 0.0 0.0 0.0 -0.263926 0.0 0.0 0.0 -0.29719916 0.0 0.0 0.0 0.0 0.0 0.0 0.0 0.25119182 0.0 0.0 -1.4393723 -0.19039641 0.0 0.0 0.0 0.35655683 0.26105052 -0.37668502 0.0 0.0 0.0 0.0 0.0 0.0 0.0 0.0 0.0 -0.18608323 0.0 0.0
0.0 0.0 0.0 -0.40193045 0.0 0.0 0.0 -0.16518553 0.0 0.0 0.0 0.0 0.0 0.0 0.0 0.0 0.0 0.0 0.0 0.0 0.0 -0.35842738 -0.12893298 0.0 -0.117347926 -0.48609942 0.0 0.0 0.0 0.0 0.0 -0.2692146 0.0 0.0 0.0 0.0 0.0 0.0 0.0 0.0 -0.44480303 0.0 -0.19402996 -0.19938903 0.0 0.0 0.0 0.0 -0.5217215 0.0 0.0 0.0 0.0 0.0 0.14784735 -0.23248918 0.0 0.0 0.0 0.0 0.0 -0.2931728 0.0 0.0
-0.06282549 -0.12194603 0.0 0.0 0.0 0.0 0.0 0.0 -0.045915008 0.0 0.0 0.04432717 0.0 0.0 0.06367234 0.02086685 0.0 0.0 0.04146906 0.0 0.0 0.0 0.0 0.0 0.0 0.0 0.029004524 0.0 0.023155984 0.055786073 0.0 0.0 0.0 0.0 0.0 0.0 0.0 0.0 0.07997415 0.0 0.0 0.0 0.0 0.0 0.0 0.0 0.0 0.0 0.0 0.033926826 0.06028495 0.0 0.0 0.0 0.0 0.0 0.041971877 0.0 0.0 0.0 0.0 0.0 0.0 0.0
0.0 0.0 0.0 0.0 0.0 -0.12807715 0.0 0.0 0.0 0.26411897 0.0 0.0 -0.20990779 0.0 0.0 0.0 -0.22301096 -0.07476519 -0.08292256 0.0 0.28724223 0.0 -0.25422734 0.0 -0.26848668 0.0 0.0 -0.43394643 0.0 -0.19821769 -0.26925746 0.28338835 0.0 0.0 0.0 0.0 0.0 -0.61970323 0.0 -0.21478936 0.0 0.0 0.0 -0.27824986 0.0 0.0 0.0 0.0 0.0 0.0 0.0 0.0 0.0 0.27028516 0.0 -0.24497806 -0.2952069 0.0 0.0 0.0 0.5102532 -0.15621044 0.0 0.0
0.0 0.0 0.0 0.0 0.0 0.0 0.0 0.0 0.0 0.0 0.0 -0.27951556 0.0 0.0 0.0 0.0 0.0 0.0 -0.33856815 0.0 0.0 0.0 -0.08577388 0.0 0.0 0.0 0.0 0.0 0.0 0.0 0.0 0.11406991 -0.10580255 0.09379519 0.0 0.0 0.1234199 -0.2505798 0.0 -0.14517094 0.064761005 -0.070420206 0.0 -0.40510073 0.0 0.0 0.0 0.0 0.0 0.0 -0.14369462 -0.16967776 0.0 0.0 0.0 0.0 -0.2265651 -0.21613246 0.0 0.0 0.0 -0.14369462 0.0 0.0
0.0 0.0 0.0 0.0 0.0 0.0 0.0 0.0 0.0 0.0 0.0 0.0 0.0 0.0 0.0 0.0 0.0 -0.26682934 0.0 0.0 0.0 0.0 0.0 0.0 0.1566075 0.0 0.0 -1.157404 0.0 0.0 0.0 0.0 0.0 0.0 0.0 0.0 0.0 0.0 0.0 0.0 0.0 0.0 -0.24714155 0.0 0.0 0.0 0.0 0.0 0.0 -0.5062151 -0.13490617 0.0 0.4555041 -0.22954185 0.0 0.0 0.0 0.0 0.0 0.22089115 0.0 0.0 0.0 0.0
0.0 0.0 0.0 0.0 -0.38015413 0.4836812 0.0 0.0 0.0 -0.1819214 0.0 0.0 0.0 0.0 0.0 0.0 0.0 0.0 -0.47236314 0.0 -0.07036346 0.0 0.0 0.0 0.0 0.0 0.0 0.0 0.0 -0.2701358 0.0 -0.12865987 -0.2591506 0.0 0.0 0.0 0.050473616 0.0 0.0 0.0 0.1673577 0.29959607 0.0 0.0 0.0 -0.18957773 -0.03518173 0.0 0.0 0.0 -0.20771994 0.4880087 0.0 0.0 0.0 -0.31990203 0.0 -0.31557453 0.0 0.0 -0.10460896 0.39247084 0.0 0.0
0.0 0.0 0.0 0.0 -0.23485787 -0.15634064 0.0 0.0 0.0 -0.15761264 0.0 0.17946796 0.0 -0.12766278 0.0 0.0 -0.32355112 0.0 0.0 0.0 0.0 0.058656648 0.0 0.11719766 0.0 0.0 0.0 0.0 -0.13899516 0.0 0.0 -0.22468185 -0.2890914 0.0 0.0 0.0 -0.12847222 0.0 0.0 -0.12037767 0.0 0.0 0.0 -0.21323383 0.0 0.0 -0.122921675 0.0 0.0 0.0 0.0 0.0 0.0 0.0 0.0 0.0 -0.2867787 -0.19577271 0.0 0.0 0.0 -0.33927768 0.0 0.0
0.0 -0.10696414 0.0 0.08997375 -0.14454387 0.0 0.0 0.0 0.0 -0.24841125 0.0 0.0 0.0 -0.16638866 0.0 -0.35922542 0.0 0.0 -0.33428386 -0.08110192 0.0 0.0 0.0 0.0 0.0 -0.009054916 0.0 0.0 0.0 0.0 0.0 -0.07248118 -0.30884013 0.21811311 0.0 0.0 0.0 0.0 0.0 0.0 0.0 0.10537391 0.0 -0.21878268 0.040843897 0.0 0.0 0.15190917 0.0 0.0 0.0 0.0 0.0 0.0 0.0 0.013809924 0.0 -0.17626485 0.10964243 0.0 -0.14571562 0.044945028 0.05733211 0.0
0.0 0.0 0.0 0.0 0.0 0.0 0.0 0.0 0.0 0.0 0.0 0.0 0.0 0.0 0.0 0.0 0.0 0.0 0.0 -0.24235378 -0.2888069 -0.038095057 0.0 0.0 0.0 0.0 -0.1560167 0.0 0.4755577 0.0 0.0 0.0 0.0 0.0 0.0 0.0 0.0 0.0 -0.19027 0.0 0.5161455 0.0 0.0 0.0 0.0 0.0 0.0 0.0 0.0 0.0 0.0 0.0 0.0 0.0 0.0 -0.3861707 0.0 0.0 0.5616602 0.0 0.0 0.0 0.0 -0.25760353
0.0 0.0 0.25513715 0.0 0.0 0.0 -0.11056391 0.0 0.0 0.0 0.21467546 0.29842174 0.22892442 0.0 0.0 0.0 0.0 -0.27772042 0.0 -0.34520134 -0.46268812 0.0 -0.15337802 0.17596129 0.0 0.0 0.0 -0.16305657 0.13872577 -0.18563983 0.25083557 0.0 0.0 -0.24330781 0.20781982 0.0 0.0 0.0 0.0 0.0 0.0 -0.3054118 0.0 0.0 -0.34547022 -0.19612491 0.0 0.0 0.0 0.0 -0.9291401 0.0 0.0 0.0 -0.13744874 0.0 -0.18375789 0.0 0.0 0.0 0.0 0.0 0.0 -0.6328692
0.0 0.0 0.0 0.0 0.0 0.0 0.0 0.0 0.0 0.0 0.0 0.0 0.0 0.0 0.0 -0.7406421 0.0 0.0 0.0 0.0 0.0 0.0 -0.44402426 0.0 0.44703254 0.0 0.0 0.0 0.0 0.0 0.0 0.0 0.0 0.55924195 0.0 0.0 0.0 -0.047343034 0.0 0.38596418 0.0 0.0 0.0 -1.0258284 0.0 0.0 0.0 0.39859903 0.0 -1.1762432 0.0 0.0 0.0 -0.36520696 0.0 -0.5081009 0.0 0.0 0.0 -0.34505138 0.0 0.0 -0.33061156 0.0
0.0 0.0 0.0 -0.047100183 -0.19642238 0.0 0.0 0.0 0.0 -0.100108206 0.20943049 0.0 0.20010802 0.0 0.0 0.0 0.0 0.22590743 -0.21517573 0.0 0.0 0.0 0.0 0.0 0.0 0.0 0.0 0.4349043 0.0 0.0 0.0 0.0 -0.16552813 0.0 0.0 0.0 -0.086287096 0.0 0.0 0.0 0.0 0.0 -0.2087801 0.0 0.0 0.0 0.0 0.0 0.0 0.0 0.12563662 0.22048739 0.0 0.0 0.0 0.0 0.0 -0.13116506 0.16476934 0.2961512 0.0 0.0 0.0 0.0
0.0 0.0 0.17582981 0.0 -0.10224725 0.0 0.0 0.3850525 0.0 0.0 0.0 0.0 0.0 -0.20774513 0.0 0.0 0.0 0.0 0.0 0.0 0.0 0.0 0.0 0.0 0.0 0.0 0.0 0.0 0.0 0.0 0.0 -0.4544979 0.0 -0.10963506 0.0 0.15676928 0.21468967 0.0 0.0 0.0 0.26433575 0.0 0.0 0.0 0.0 0.0 0.0 0.0 0.0 0.0 0.0 0.0 0.0 0.0 0.0 0.0 0.0 0.0 -0.36200255 0.0 0.0 0.0 -0.27039376 0.0
0.0 0.0 -0.5077541 -0.427268 0.0 0.0 0.0 0.13715649 0.0 0.0 0.0 0.0 0.0 0.0 0.0 0.0 0.0 0.0 0.0 0.0 0.0 0.0 0.0 0.33546352 0.0 -0.699223 0.0 0.0 0.22982553 0.0 0.0 -0.3452099 0.0 0.0 -0.18879649 -0.22982553 0.0 0.0 0.0 0.0 -0.62125206 -0.47096944 0.0 0.25167626 0.0 0.0 0.0 0.0 -0.2392575 0.0 0.0 0.0 0.0 0.0 0.0 -0.2901901 0.0 0.0 0.0 0.0 0.0 0.0 0.51309884 0.0
0.0 0.0 0.20797479 -0.27365103 0.0 -0.18255173 0.0 0.11775822 0.0 0.0 0.0 0.0 0.0 -0.101603985 0.0 0.0 0.0 0.0 0.0 0.0 0.12323125 0.0 0.0 0.0 -0.25052312 0.0 0.0 -0.18131588 0.1227016 0.20921063 -0.22333457 0.0 0.0 -0.21856773 0.0 -0.21503675 -0.25988021 0.0 0.0 -0.28759843 0.19879425 -0.22245182 0.0 0.0 -0.0939241 0.17822628 0.23445715 0.0 -0.2249235 0.0 0.0 0.0 0.0 0.2353399 0.09763163 0.0 -0.17999177 0.0 0.0 0.11166728 0.0 -0.19155572 0.0 0.0
0.0 0.0 -0.25629437 0.0 0.0 0.16112529 0.0 0.0 0.0 -0.23513126 -0.13775498 0.0 -0.21695435 0.0 0.0 0.0 -0.33341637 0.0 0.0 0.0 0.0 0.0 0.1600866 0.0 0.0 0.0 0.0 0.0 0.0 -0.3349744 0.0 -0.22123891 0.0 0.0 -0.108866684 0.0 0.0 0.0 0.0 0.0 0.0 0.24227218 0.0 0.0 0.0 -0.4972682 -0.38483107 0.0 0.0 0.0 0.0 0.0 0.0 0.0 0.0 0.0 -0.1311983 0.0 0.0 0.0 -0.34951591 0.24473906 0.19397356 0.60710865
0.13765131 0.2815008 0.0 0.0 0.0 0.0 0.0 0.0 0.093618385 0.0 0.0 0.027020203 0.0 0.0 -0.12964532 0.0 0.0 0.0 0.031862535 0.0 0.0 0.0 0.0 0.0 0.0 0.0 -0.037350506 0.0 0.0 0.036608018 0.0 0.0 0.0 0.0 0.0 0.0 0.0 0.0 -0.10517541 0.0 0.0 0.0 0.0 0.0 0.0 0.0 0.0 0.0 0.0 0.0 0.044969108 0.0 0.0 0.0 0.0 0.0 0.03181411 0.0 0.0 0.0 0.0 0.0 0.0 0.0
0.0 0.0 0.11242255 0.0 0.0 0.0 0.0 0.0 0.0 0.0 -0.70494825 0.0 -0.5171965 0.0 0.0 0.0 -0.32663187 -0.25525808 0.0 0.0 0.0 0.0 0.0 0.0 0.0 0.0 0.0 0.0 0.0 0.0 0.0 0.0 0.0 0.0 0.0 0.0 0.0 0.0 0.0 -0.17272112 0.0 -0.068605 0.0 0.0 0.0 -0.33401537 -0.31573245 -0.18318106 0.0 0.38253552 -0.5126257 0.0 -0.24277644 0.0 0.0 0.0 -0.19074036 0.0 0.0 0.0 0.0 0.0 0.0 -0.15953629
